Date,Stock,Open,High,Low,Close,Volume,Turnover
2021-10-20,AACG,2.569999933242798,2.900000095367432,2.359999895095825,2.440000057220459,378800,0.0120353689882728
2021-10-20,AAL,19.59000015258789,19.84000015258789,19.21999931335449,19.520000457763672,31618100,0.0480828071584121
2021-10-20,AAOI,7.420000076293945,7.570000171661377,7.300000190734863,7.409999847412109,305600,0.0060816162452387
2021-10-20,AAON,46.67933398061161,46.96065322779205,46.05781715123644,46.149410247802734,75900,0.0009333772762599
2021-10-20,AAPL,145.92977457496073,146.96021648343887,145.36057794956784,146.47933959960938,58418800,0.003888856959636
2021-10-20,ABAT,20.174999237060547,20.850000381469727,19.950000762939453,20.02499961853028,104187,0.0012306810933402
2021-10-20,ABTS,6.699999809265137,6.889999866485596,6.5,6.619999885559082,346400,0.146141838585833
2021-10-20,ABUS,4.119999885559082,4.21999979019165,4.050000190734863,4.090000152587891,1360300,0.0071041362022143
2021-10-20,ACB,74.02999877929688,78.0,73.0,76.5999984741211,701350,0.0127787464857763
2021-10-20,ACET,8.65999984741211,8.789999961853027,8.3100004196167,8.430000305175781,59400,0.0007183821163972
2021-10-20,ACGL,39.98528394094171,40.87913091375405,39.94724712776031,40.54631423950195,1594200,0.0042430985105771
2021-10-20,ACHC,57.040000915527344,58.130001068115234,56.41999816894531,57.18999862670898,258200,0.0028026285225523
2021-10-20,ACIU,6.150000095367432,6.159999847412109,6.010000228881836,6.050000190734863,193100,0.0019231152275669
2021-10-20,ACIW,31.030000686645508,31.43000030517578,31.030000686645508,31.25,331100,0.0031432748538011
2021-10-20,ACLS,51.52000045776367,51.650001525878906,49.70000076293945,49.970001220703125,284000,0.0088251379704668
2021-10-20,ACMR,37.5,37.50666809082031,35.25,35.50666809082031,1215300,0.0209145400195154
2021-10-20,ACRS,16.15999984741211,16.649999618530273,15.770000457763672,16.110000610351562,570200,0.0052724044827458
2021-10-20,ACTG,5.71999979019165,5.820000171661377,5.659999847412109,5.809999942779541,169800,0.0017671669129737
2021-10-20,ADAP,5.289999961853027,5.329999923706055,5.159999847412109,5.199999809265137,406000,0.0015783417304223
2021-10-20,ADBE,639.280029296875,641.2899780273438,630.1699829101562,632.3699951171875,1497200,0.0035129047395588
2021-10-20,ADI,166.1738853441525,167.06622993002458,165.24396020761054,166.1832733154297,3025800,0.0061006984208913
2021-10-20,ADIL,94.5,105.0,93.25,104.5,18636,0.0028345493787445
2021-10-20,ADMA,1.1100000143051147,1.1200000047683716,1.090000033378601,1.1100000143051147,2094900,0.0088163623065425
2021-10-20,ADP,199.8928666606797,200.190388078574,197.5777156149944,198.089096069336,1048700,0.0025774753653619
2021-10-20,ADPT,34.11000061035156,34.25,33.08000183105469,33.93000030517578,266900,0.0017963144930072
2021-10-20,ADSK,297.8099975585937,299.19000244140625,295.3900146484375,298.6400146484375,915100,0.0042962441314553
2021-10-20,ADTN,16.84011930549101,17.30710598175954,16.706695060205433,17.021196365356445,263900,0.0033003176508841
2021-10-20,AEHR,19.3700008392334,20.479999542236328,18.709999084472656,20.18000030517578,2485700,0.0834928824307892
2021-10-20,AEMD,35.5,38.20000076293945,35.400001525878906,36.70000076293945,35480,0.0017175692619002
2021-10-20,AEP,73.77248114696502,74.75378025030777,73.7023936060181,74.38579559326172,2330900,0.0043650793650793
2021-10-20,AGAE,1.7100000381469729,1.7100000381469729,1.559999942779541,1.6299999952316284,585000,0.013263501564413
2021-10-20,AGEN,98.9205093383789,102.06084442138672,97.93915557861328,98.13542938232422,104942,0.004146462890378
2021-10-20,AGIO,46.0,47.68000030517578,45.4900016784668,47.58000183105469,310100,0.0054122262907487
2021-10-20,AGNC,10.13697378620082,10.290564298112956,10.124686264015224,10.192266464233398,6198600,0.0065448208114937
2021-10-20,AHCO,25.25,26.13999938964844,25.01000022888184,25.790000915527344,579800,0.0042990499203482
2021-10-20,AHG,10.140999794006348,19.489999771118164,8.569999694824219,18.8700008392334,58662300,0.148076921212879
2021-10-20,AIOT,6.849999904632568,6.880000114440918,6.760000228881836,6.769999980926514,39100,0.0002950742968402
2021-10-20,AKAM,107.95999908447266,108.91999816894533,107.69000244140624,108.08000183105467,1096400,0.0075036781984777
2021-10-20,AKBA,2.890000104904175,2.9200000762939453,2.8499999046325684,2.869999885559082,691900,0.0026486135979691
2021-10-20,AKRO,22.020000457763672,22.450000762939453,20.450000762939453,20.75,277400,0.0034840450330529
2021-10-20,ALDX,8.369999885559082,8.460000038146973,8.079999923706055,8.140000343322754,468400,0.007844752942201
2021-10-20,ALEC,22.709999084472656,23.3799991607666,22.46999931335449,22.520000457763672,195700,0.0019750538885934
2021-10-20,ALGN,597.0599975585938,608.72998046875,592.52001953125,608.2000122070312,532800,0.0072776640840065
2021-10-20,ALGT,181.496659676194,184.1739763553326,178.75169294826466,180.5301208496093,75400,0.0041116133992791
2021-10-20,ALLK,104.76000213623048,105.06999969482422,102.04000091552734,102.2699966430664,89200,0.0009869767750644
2021-10-20,ALLO,15.829999923706056,16.56999969482422,15.65999984741211,15.81999969482422,2037800,0.0093793297357357
2021-10-20,ALNY,208.3099975585937,208.8099975585937,203.1699981689453,203.82000732421875,279700,0.0021610637656748
2021-10-20,ALRM,82.02999877929688,82.02999877929688,79.8759994506836,80.9000015258789,93800,0.0018893425369962
2021-10-20,ALT,12.34000015258789,12.4399995803833,11.670000076293944,11.93000030517578,1010100,0.0131158489004345
2021-10-20,ALTO,5.679999828338623,5.739999771118164,5.590000152587891,5.71999979019165,740400,0.0096643953858177
2021-10-20,ALTR,74.18000030517578,75.2300033569336,74.16999816894531,74.94000244140625,101207,0.0016664910275874
2021-10-20,AMAT,129.99140093979565,131.18486862894918,129.38981824871047,130.0010986328125,4619000,0.0056853357518292
2021-10-20,AMBA,169.24000549316406,174.22999572753906,166.0,174.02000427246094,572800,0.0134975281237776
2021-10-20,AMCX,45.130001068115234,46.65999984741211,44.880001068115234,46.09000015258789,173800,0.0053229284069191
2021-10-20,AMD,116.29000091552734,118.3000030517578,115.41999816894533,116.38999938964844,34244800,0.0210785222867629
2021-10-20,AMED,166.1300048828125,166.1300048828125,161.19000244140625,161.42999267578125,261300,0.0079639625361548
2021-10-20,AMGN,185.54621265834405,189.29471365598715,184.5173938620456,187.56808471679688,2308600,0.0042974284200248
2021-10-20,AMKR,21.3850652284072,22.029936686212903,21.147980240026563,21.87820243835449,878500,0.003555873971893
2021-10-20,AMPH,19.13999938964844,19.549999237060547,19.13999938964844,19.450000762939453,110700,0.0023231850510282
2021-10-20,AMRX,5.650000095367432,5.775000095367432,5.630000114440918,5.71999979019165,432400,0.0013797856224142
2021-10-20,AMSC,17.110000610351562,17.360000610351562,16.889999389648438,17.200000762939453,123700,0.0031348439040337
2021-10-20,AMTX,18.11000061035156,19.43000030517578,17.85099983215332,19.32999992370605,1061600,0.0199102388816057
2021-10-20,AMZN,172.63299560546875,173.14300537109375,170.01849365234375,170.7530059814453,42796000,0.0040326410127607
2021-10-20,ANAB,27.15999984741211,28.6200008392334,27.059999465942383,28.51000022888184,75900,0.0024749892391772
2021-10-20,ANGO,28.13999938964844,28.59000015258789,27.799999237060547,28.36000061035156,180700,0.0044499716797596
2021-10-20,ANSS,366.5499877929688,367.9400024414063,363.5499877929688,365.6499938964844,311300,0.0035515528488861
2021-10-20,ANY,53.40999984741211,57.68000030517578,52.08000183105469,52.9900016784668,4769957,0.1874003370879218
2021-10-20,AOSL,31.59000015258789,32.0,31.32999992370605,31.82999992370605,184300,0.0062655107938126
2021-10-20,APA,24.210732969821937,25.26456845805934,24.064112471346515,25.154603958129883,8128000,0.0224738984250575
2021-10-20,APLS,32.970001220703125,33.130001068115234,31.86000061035156,32.02000045776367,629500,0.0050152968545842
2021-10-20,APLT,16.469999313354492,17.770000457763672,16.079999923706055,16.989999771118164,53100,0.0004563580734985
2021-10-20,APPN,97.13999938964844,97.18000030517578,94.58000183105467,96.79000091552734,281400,0.0065507367832949
2021-10-20,APPS,86.58999633789062,88.33000183105469,85.22000122070312,87.05000305175781,2004300,0.0190872989419752
2021-10-20,AQST,4.199999809265137,4.599999904632568,4.124000072479248,4.389999866485596,1087900,0.011003181911048
2021-10-20,ARAY,3.9800000190734863,4.039999961853027,3.9600000381469727,3.9800000190734863,403300,0.0039219690560239
2021-10-20,ARCB,83.69080690912297,84.615779530932,82.73630741528902,83.97616577148438,228100,0.0098530040647421
2021-10-20,ARCC,15.120940167306742,15.171056699272048,15.035025137099732,15.09230136871338,1209400,0.0017668938544842
2021-10-20,ARCT,45.209999084472656,45.40999984741211,43.29999923706055,43.810001373291016,345300,0.0127323947816724
2021-10-20,ARDX,1.0499999523162842,1.1100000143051147,1.0399999618530271,1.100000023841858,3567000,0.0149650103206967
2021-10-20,AREC,2.569999933242798,2.5899999141693115,2.4600000381469727,2.5799999237060547,1446700,0.018686073144526
2021-10-20,ARLP,8.19806123500363,8.218815635004846,8.025106362195709,8.177306175231934,733600,0.0057121499984427
2021-10-20,ARQT,21.940000534057617,22.100000381469727,21.56999969482422,21.809999465942383,55500,0.0004678096394072
2021-10-20,ARVN,83.0999984741211,90.0,82.20999908447266,85.08999633789062,334700,0.0048668130520277
2021-10-20,ARWR,66.80999755859375,67.04000091552734,65.58000183105469,66.75,289300,0.0021068040872902
2021-10-20,ASML,758.427313139541,761.2390560213355,735.157912773171,744.3299560546875,1894900,0.0048191759918616
2021-10-20,ASND,151.8699951171875,153.0399932861328,143.75999450683594,145.0,216500,0.0036008495676485
2021-10-20,ASRT,1.0199999809265137,1.0299999713897705,0.9800000190734864,1.0199999809265137,343800,0.0035897343371057
2021-10-20,ATEC,12.420000076293944,12.43000030517578,12.06999969482422,12.260000228881836,432400,0.0029996741149601
2021-10-20,ATER,9.100000381469728,9.989999771118164,9.029999732971191,9.350000381469728,14658100,1.675069765528401
2021-10-20,ATOM,24.920000076293945,25.09000015258789,24.14999961853028,24.690000534057617,173700,0.0056572617810766
2021-10-20,ATOS,2.890000104904175,2.970000028610229,2.809999942779541,2.9100000858306885,2578500,0.019962065495084
2021-10-20,ATRC,72.38999938964844,72.88999938964844,71.9000015258789,72.38999938964844,83500,0.0016870765892362
2021-10-20,ATSG,23.93000030517578,24.32999992370605,23.709999084472656,23.84000015258789,205900,0.0031248814320729
2021-10-20,ATXS,6.599999904632568,6.599999904632568,6.360000133514404,6.449999809265137,57300,0.0010153417608471
2021-10-20,ATYR,8.710000038146973,8.859999656677246,8.600000381469727,8.640000343322754,249200,0.0028044556182519
2021-10-20,AUPH,20.01000022888184,20.959999084472656,19.780000686645508,20.64999961853028,4001000,0.0291322913880374
2021-10-20,AUTL,5.949999809265137,6.019999980926514,5.849999904632568,5.900000095367432,176800,0.0006643394944358
2021-10-20,AVAV,92.6500015258789,93.94000244140624,92.0999984741211,92.5199966430664,83800,0.0029696514380483
2021-10-20,AVDL,8.4399995803833,8.619999885559082,8.3100004196167,8.4399995803833,670600,0.0069399168369047
2021-10-20,AVGO,47.31595859356428,47.54096406764521,47.07891887119535,47.1668815612793,13458000,0.0028622167690822
2021-10-20,AVT,34.757578436893354,35.13259427519706,34.730139359934874,34.7667236328125,369500,0.0042714491483689
2021-10-20,AVXL,18.0,18.440000534057617,17.799999237060547,17.8799991607666,515600,0.006061304285469
2021-10-20,AXGN,14.4399995803833,14.760000228881836,14.199999809265137,14.609999656677246,165300,0.0037276913570781
2021-10-20,AXON,186.38999938964844,187.4100036621093,178.8800048828125,179.0500030517578,300300,0.003866780638191
2021-10-20,AXSM,40.40999984741211,42.5,39.90599822998047,41.90999984741211,641900,0.013163021322495
2021-10-20,AXTI,8.430000305175781,8.65999984741211,8.380000114440918,8.569999694824219,129300,0.0028356506864336
2021-10-20,AZN,55.65714616878029,56.10949120630023,55.59252544913459,55.97101974487305,2981500,0.0009616625364623
2021-10-20,AZTA,104.56746409088868,106.38585455596431,103.51838944376291,106.30592346191406,253000,0.0055366381008237
2021-10-20,BAND,89.06999969482422,90.29000091552734,87.16000366210938,89.33000183105469,248700,0.0093265880888182
2021-10-20,BBIO,47.619998931884766,48.30899810791016,45.27000045776367,45.400001525878906,493300,0.0025937358141106
2021-10-20,BCRX,14.970000267028809,15.079999923706056,14.3100004196167,14.329999923706056,2411900,0.011542400459418
2021-10-20,BCYC,57.560001373291016,57.619998931884766,53.560001373291016,54.38999938964844,419600,0.0087947466270386
2021-10-20,BDTX,7.860000133514404,8.015000343322754,7.710000038146973,7.900000095367432,310400,0.0054780788603336
2021-10-20,BEAM,95.33999633789062,96.51000213623048,93.38999938964844,94.11000061035156,204100,0.0020442708333333
2021-10-20,BECN,51.54999923706055,52.630001068115234,51.52000045776367,52.18000030517578,232600,0.0037645215691225
2021-10-20,BGC,5.326873779296875,5.375388299531752,5.278359721730752,5.326873779296875,1304000,0.0034919435506544
2021-10-20,BGFV,18.5786583611666,18.78854314535968,18.057833979656163,18.21330451965332,705600,0.0311006893633526
2021-10-20,BHF,50.59999847412109,52.630001068115234,50.52000045776367,51.84000015258789,866300,0.0149206431222604
2021-10-20,BIDU,179.89999389648438,182.6000061035156,178.6999969482422,180.9600067138672,7176100,0.0257921560734361
2021-10-20,BILI,82.95999908447266,83.0,79.81999969482422,82.41000366210938,5756000,0.0171503486085453
2021-10-20,BJRI,36.34000015258789,37.34000015258789,35.220001220703125,35.36000061035156,656200,0.0288843306247854
2021-10-20,BKNG,2438.3511725705166,2438.3511725705166,2343.1223036906986,2358.395263671875,406900,0.0123997415831687
2021-10-20,BKR,24.43926145621318,24.43926145621318,22.634712192678023,23.220962524414062,23532100,0.0237613971018505
2021-10-20,BKYI,56.70000076293945,57.77999877929688,56.15999984741211,57.41999816894531,2506,0.0006732848833304
2021-10-20,BL,124.2300033569336,125.38300323486328,123.51000213623048,125.26000213623048,272000,0.0043122172089174
2021-10-20,BLBD,19.809999465942383,20.040000915527344,19.6299991607666,19.8799991607666,26300,0.0008190314252703
2021-10-20,BLDP,16.610000610351562,16.809999465942383,16.329999923706055,16.600000381469727,3278400,0.0109403991190015
2021-10-20,BLFS,42.400001525878906,42.59999847412109,41.43000030517578,42.45000076293945,157300,0.003308208057474
2021-10-20,BLIN,3.859999895095825,3.9600000381469727,3.849999904632568,3.859999895095825,148700,0.0142397487215827
2021-10-20,BLKB,74.2699966430664,74.5199966430664,73.37000274658203,73.55000305175781,145100,0.0029470007006996
2021-10-20,BLMN,19.57022949028165,20.25444252504808,19.30707153166552,19.48250961303711,2833600,0.0333636325102318
2021-10-20,BLNK,29.0,29.020000457763672,28.14999961853028,28.8700008392334,1040200,0.0101266562174476
2021-10-20,BMRA,5.440000057220459,5.440000057220459,5.010000228881836,5.119999885559082,705000,0.0384468560833287
2021-10-20,BMRN,74.5999984741211,75.88999938964844,74.41999816894531,75.1500015258789,1061700,0.0055367815012985
2021-10-20,BNTX,265.2171800922526,270.3886733265627,261.5359277011402,265.8981628417969,2029200,0.0084411778526388
2021-10-20,BPMC,102.1999969482422,105.83000183105467,100.5199966430664,102.20999908447266,335100,0.0052436390949206
2021-10-20,BPOP,72.26222694289186,75.4115418727132,71.90023568938004,74.20792388916016,540300,0.0077921516029939
2021-10-20,BRKL,13.05060318854803,13.390020370483398,13.05060318854803,13.390020370483398,164000,0.0018230224075242
2021-10-20,BRKR,77.28675931935155,78.24653720052115,77.19770394996223,77.92001342773438,410200,0.0027039321158264
2021-10-20,BRY,6.549454180819347,6.831006369222338,6.314826611290044,6.696933746337891,1044400,0.0134594219820042
2021-10-20,BTAI,456.1600036621094,468.0,455.6799926757813,458.8800048828125,7281,0.0013315557311212
2021-10-20,BTCS,6.408192208679885,7.541949385774453,6.408192208679885,7.078587532043457,754000,0.037360208900054
2021-10-20,BTOG,32.099998474121094,32.400001525878906,30.299999237060547,31.200000762939453,1320,0.0001544831718672
2021-10-20,BWEN,3.0999999046325684,3.2300000190734863,3.0,3.069999933242798,390100,0.0174778334834249
2021-10-20,BWIN,38.52999877929688,39.150001525878906,38.06999969482422,38.38999938964844,180400,0.0026470242986265
2021-10-20,BYND,108.01200103759766,109.63999938964844,106.88999938964844,107.0999984741211,2166300,0.0283615425704619
2021-10-20,BYSI,16.81999969482422,17.979999542236328,16.649999618530273,16.75,638600,0.0158397471990237
2021-10-20,BZUN,19.89999961853028,20.729999542236328,19.51000022888184,20.559999465942383,1291300,0.0238540787278809
2021-10-20,CABA,13.25,13.899999618530272,12.699999809265137,13.369999885559082,516900,0.0101866066519388
2021-10-20,CAKE,37.47281611599654,39.76800522171584,37.08876256963859,37.93917083740234,2121700,0.0429069200730451
2021-10-20,CALM,30.03178407579703,30.26818730755061,29.896696054687485,29.947355270385746,150700,0.003405957600687
2021-10-20,CAMT,38.90047458727038,39.02836924422308,37.965839289320726,38.654518127441406,88400,0.0019388303413788
2021-10-20,CAN,7.5,9.079999923706056,7.460000038146973,8.720000267028809,23097600,0.0654046890214541
2021-10-20,CAPR,3.9800000190734863,4.079999923706055,3.910000085830689,4.03000020980835,101400,0.0022199404950861
2021-10-20,CAR,150.86752904210425,157.03373052596598,150.19296098997498,152.3022003173828,1547200,0.0439642875409891
2021-10-20,CARG,34.41999816894531,34.470001220703125,33.16999816894531,33.7599983215332,743100,0.0083093754355405
2021-10-20,CARM,22.72850478250988,28.55632661662086,22.339983697425417,24.671112060546875,10367980,0.2481084327834957
2021-10-20,CASY,185.933681063578,187.7136917055506,185.51311950498288,186.19775390625,108000,0.002966731403676
2021-10-20,CATY,36.79686442594648,37.93619537353516,36.66334759500603,37.93619537353516,221600,0.0031655196514774
2021-10-20,CBAT,2.25,2.259999990463257,2.190000057220459,2.2300000190734863,1005300,0.0111774894146851
2021-10-20,CBRL,112.20692046663254,114.12168463491264,111.03119257890718,112.30769348144533,424600,0.0190715745502728
2021-10-20,CBSH,59.79601837458371,60.50568771362305,59.3451684468723,60.50568771362305,262086,0.0019547861628652
2021-10-20,CCEP,47.28049019284218,48.11167767810057,47.23627532947442,47.82872009277344,654500,0.0014234790553663
2021-10-20,CCOI,59.85564514207999,60.167006946396896,59.48692080003923,59.64260482788086,122400,0.0024787162517922
2021-10-20,CCRN,19.71999931335449,20.239999771118164,19.56999969482422,19.940000534057617,134700,0.0041051303462694
2021-10-20,CDLX,83.91999816894531,85.97000122070312,83.45999908447266,85.0,238800,0.0045769485093292
2021-10-20,CDNA,73.48999786376953,73.98999786376953,71.37999725341797,71.91999816894531,250100,0.0045123308778026
2021-10-20,CDNS,160.0,161.7100067138672,159.85000610351562,160.08999633789062,1238400,0.0045145347019567
2021-10-20,CDW,180.45711266809928,181.82930827755965,180.13086169367634,180.7737731933593,697500,0.0052934346232364
2021-10-20,CDXS,29.700000762939453,30.06999969482422,29.049999237060547,29.26000022888184,618700,0.0074688579887977
2021-10-20,CDZI,7.019999980926514,7.179999828338623,6.869999885559082,6.880000114440918,280900,0.0034346151494772
2021-10-20,CELH,31.65333366394043,32.616668701171875,31.1299991607666,31.30666732788086,1868700,0.0072548055098724
2021-10-20,CENTA,34.448001861572266,35.45600128173828,34.448001861572266,35.040000915527344,150125,0.0028226200682881
2021-10-20,CENX,15.880000114440918,16.15999984741211,15.550000190734863,16.049999237060547,1339600,0.0145145970298861
2021-10-20,CERS,6.420000076293945,6.429999828338623,6.260000228881836,6.329999923706055,541400,0.0029140427364228
2021-10-20,CFFN,9.21372417202326,9.331345883601696,9.135309199090564,9.31566333770752,263100,0.0020213272690954
2021-10-20,CG,47.24684614485791,47.858486663719866,46.99864615544799,47.42413330078125,1409700,0.003902791418614
2021-10-20,CGC,143.60000610351562,144.60000610351562,136.60000610351562,141.10000610351562,887660,0.0056827697468662
2021-10-20,CGEN,6.550000190734863,6.550000190734863,6.110000133514404,6.210000038146973,526900,0.0056345107097408
2021-10-20,CGNX,84.36167942239649,84.36167942239649,82.67914005341018,82.93347930908203,323800,0.0019117907539705
2021-10-20,CHDN,125.32195352783776,127.4205208400038,124.65040927551736,126.116943359375,228800,0.0031134419590734
2021-10-20,CHEF,33.119998931884766,33.20000076293945,32.560001373291016,32.939998626708984,103200,0.0025177793771423
2021-10-20,CHKP,122.29000091552734,123.33000183105467,121.6999969482422,122.6500015258789,653900,0.0060340134171211
2021-10-20,CHRD,73.08499601006056,75.35728460303025,72.99548358494275,75.25399780273438,192800,0.0032409080594054
2021-10-20,CHRS,17.06999969482422,17.1200008392334,16.5,16.59000015258789,309700,0.0026722003157976
2021-10-20,CHRW,89.1244025372189,89.7262827180454,88.82345896801098,89.68980407714844,594500,0.0050284621956067
2021-10-20,CHTR,718.8400268554688,737.969970703125,717.3499755859375,734.010009765625,843500,0.0059395552551156
2021-10-20,CHX,25.225698471069336,25.28337867112611,24.23551222972217,25.225698471069336,1580600,0.0082840670859538
2021-10-20,CINF,107.5004027596312,109.8756971209105,107.5004027596312,109.42804718017578,365800,0.002336409917231
2021-10-20,CKPT,31.600000381469727,31.799999237060547,31.100000381469727,31.39999961853028,34580,0.0004163070229863
2021-10-20,CLAR,28.21438107881988,28.43413368910493,27.707992965127243,28.090171813964844,72800,0.0018977013831323
2021-10-20,CLDX,45.060001373291016,47.29999923706055,45.060001373291016,46.369998931884766,408200,0.0061490905913792
2021-10-20,CLIR,1.830000042915344,1.8799999952316284,1.809999942779541,1.8600000143051147,24300,0.0004635741375231
2021-10-20,CLLS,10.920000076293944,11.0,10.75,10.9399995803833,95500,0.0009522385083258
2021-10-20,CLMT,10.239999771118164,10.75,10.100000381469728,10.640000343322754,154000,0.0017863957012173
2021-10-20,CLNE,8.920000076293945,9.140000343322754,8.880000114440918,8.970000267028809,1764900,0.0078802843314104
2021-10-20,CLRB,9.199999809265137,9.600000381469728,9.0,9.300000190734863,23220,0.0005039073435489
2021-10-20,CLRO,0.8274523315160922,0.8274523315160922,0.792814734868485,0.8120577931404114,39800,0.0015325906558178
2021-10-20,CLSD,5.670000076293945,5.869999885559082,5.559999942779541,5.690000057220459,281400,0.003647728276754
2021-10-20,CMCSA,49.22766052916468,49.55271532901576,48.676873612128006,49.39921569824219,12658700,0.003356338808194
2021-10-20,CME,185.1016911050948,185.1016911050948,181.08162482529525,182.0250244140625,1080400,0.0029979466119096
2021-10-20,CMRX,5.739999771118164,5.789999961853027,5.659999847412109,5.71999979019165,446700,0.0047620672083646
2021-10-20,CMTL,21.87364012277316,21.87364012277316,21.46020399406557,21.60442543029785,157200,0.0053566682341395
2021-10-20,CNDT,6.769999980926514,6.829999923706055,6.699999809265137,6.789999961853027,1339700,0.0082784403386269
2021-10-20,CNVS,54.20000076293945,59.0,53.59999847412109,56.79999923706055,578680,0.0362136724323512
2021-10-20,CODX,8.579999923706055,8.760000228881836,8.534000396728516,8.619999885559082,220000,0.0068901151901984
2021-10-20,COGT,8.829999923706055,8.84000015258789,8.404999732971191,8.460000038146973,103000,0.0009046991655687
2021-10-20,COHU,31.15999984741211,31.46999931335449,30.75,31.299999237060547,242900,0.0052242064217519
2021-10-20,COLB,29.207132451199765,29.8342538124084,28.93119752120996,29.683744430541992,1107600,0.0052713987950827
2021-10-20,COLL,21.170000076293945,21.350000381469727,21.07999992370605,21.18000030517578,97000,0.0030188162505679
2021-10-20,COLM,92.0827572656709,93.94589461282868,91.7595560485636,92.24435424804688,220000,0.0039752235159767
2021-10-20,COMM,11.770000457763672,12.43000030517578,11.770000457763672,12.170000076293944,5650400,0.0260914948154652
2021-10-20,COO,101.0335214908797,103.11532568989897,100.67114792825102,102.61549377441406,1073200,0.005367154152829
2021-10-20,COOP,43.400001525878906,44.65999984741211,43.130001068115234,44.09000015258789,610300,0.0095384115254894
2021-10-20,CORT,19.690000534057617,19.809999465942383,19.309999465942383,19.479999542236328,375200,0.0035562969773371
2021-10-20,COST,447.7954963027734,451.5994556571336,447.1455823932842,448.9902038574219,1352900,0.0030492490710845
2021-10-20,CPB,36.45032537908134,37.0298906297953,36.33441096840085,36.80698013305664,1728200,0.0057957888379156
2021-10-20,CPIX,2.650000095367432,2.680000066757202,2.5899999141693115,2.650000095367432,21500,0.0015391884539388
2021-10-20,CPRT,37.09000015258789,37.407501220703125,37.005001068115234,37.369998931884766,1802400,0.0018656589116423
2021-10-20,CPRX,5.989999771118164,6.019999980926514,5.829999923706055,6.0,933100,0.0076829971181556
2021-10-20,CPSH,4.980000019073486,5.039999961853027,4.820000171661377,4.829999923706055,105100,0.0072353022167148
2021-10-20,CRDF,6.269999980926514,6.340000152587891,6.210000038146973,6.239999771118164,220700,0.0033175847021314
2021-10-20,CRDL,4.559999942779541,4.960000038146973,4.369999885559082,4.860000133514404,2304500,0.0278964761708772
2021-10-20,CRIS,7.559999942779541,7.630000114440918,7.349999904632568,7.409999847412109,641800,0.0613446502647626
2021-10-20,CRMD,4.880000114440918,5.0,4.71999979019165,4.760000228881836,166400,0.0025528598473807
2021-10-20,CRNC,93.93000030517578,95.5,92.38999938964844,93.91999816894533,193100,0.0044700108798814
2021-10-20,CRNT,3.380000114440918,3.440000057220459,3.3499999046325684,3.4200000762939453,212000,0.0023863365393689
2021-10-20,CRNX,20.489999771118164,20.489999771118164,19.69799995422364,19.799999237060547,46900,0.0005040382382967
2021-10-20,CRON,5.840000152587891,5.909999847412109,5.635000228881836,5.800000190734863,3121800,0.0081609070499194
2021-10-20,CROX,142.75999450683594,143.1999969482422,135.32000732421875,135.92999267578125,2193600,0.0391321566570691
2021-10-20,CRSP,100.5,101.80999755859376,98.2699966430664,98.37000274658205,1190700,0.0138817487193396
2021-10-20,CRTO,38.34999847412109,38.65999984741211,37.0099983215332,38.09999847412109,251800,0.0046391315722565
2021-10-20,CRUS,81.2699966430664,81.81999969482422,80.5,80.8499984741211,253700,0.0047737412244636
2021-10-20,CRVS,4.619999885559082,4.764999866485596,4.519999980926514,4.730000019073486,560600,0.0082276864731903
2021-10-20,CRWD,282.7090148925781,288.4049987792969,279.57000732421875,283.3299865722656,1775400,0.0071625391119658
2021-10-20,CSCO,50.15900580412874,50.54553605678085,50.15900580412874,50.51856994628906,11613600,0.0029192442565875
2021-10-20,CSGP,97.08000183105467,97.25,96.2300033569336,96.81999969482422,792400,0.0018787802272123
2021-10-20,CSIQ,37.060001373291016,37.4900016784668,36.540000915527344,37.25,617200,0.0093267991338105
2021-10-20,CSTL,67.5,67.75,64.62999725341797,64.9800033569336,133500,0.0046282011724776
2021-10-20,CSWC,18.535316893989545,18.78316954260984,18.521919177269183,18.763072967529297,145900,0.0028844366946213
2021-10-20,CSX,32.558471888556895,32.968792911018994,32.31991332387497,32.882911682128906,14134700,0.0074995094097235
2021-10-20,CTAS,104.56508980944432,105.06463560150512,104.04093433352504,104.2648696899414,1055200,0.0026132589189199
2021-10-20,CTLP,10.869999885559082,11.4399995803833,10.65999984741211,11.359999656677246,119200,0.0016321031401554
2021-10-20,CTMX,5.03000020980835,5.079999923706055,4.980000019073486,5.070000171661377,253600,0.0031660462414536
2021-10-20,CTRM,25.799999237060547,25.979999542236328,24.89999961853028,25.5,231910,0.0240014075250844
2021-10-20,CTSH,75.33351048671412,75.49439690742338,74.0937276134773,74.91709899902344,1765100,0.0035686269752697
2021-10-20,CTSO,5.989999771118164,6.28000020980835,5.965000152587891,6.010000228881836,445300,0.0071248
2021-10-20,CUE,12.289999961853027,12.510000228881836,11.920000076293944,12.380000114440918,271300,0.0043886112868029
2021-10-20,CVBF,17.175018743314485,17.50430863069339,17.149023304130147,17.47831153869629,457200,0.003287033042878
2021-10-20,CVLT,76.61000061035156,76.69999694824219,75.80000305175781,76.22000122070312,102700,0.0023342182300852
2021-10-20,CWST,81.69999694824219,82.12000274658203,81.04000091552734,81.16999816894531,196800,0.0031553479781242
2021-10-20,CYBR,182.4199981689453,182.8300018310547,177.6999969482422,179.3300018310547,384800,0.007780228756518
2021-10-20,CYCC,79.5,82.05000305175781,77.0999984741211,78.0,3953,1.9065671181078056e-05
2021-10-20,CYRX,73.52999877929688,75.43000030517578,72.80999755859375,74.37000274658203,332000,0.006651920241072
2021-10-20,CYTK,35.349998474121094,37.150001525878906,35.290000915527344,35.72999954223633,338200,0.0028375339799308
2021-10-20,CZR,113.47000122070312,114.9499969482422,111.3010025024414,113.52999877929688,1169800,0.0055175863939508
2021-10-20,DAKT,5.539999961853027,5.579999923706055,5.489999771118164,5.559999942779541,29000,0.0005812310473583
2021-10-20,DBX,30.25,30.6299991607666,29.89800071716309,30.01000022888184,1659300,0.0076672131722029
2021-10-20,DDOG,159.42999267578125,159.86000061035156,154.75,158.85000610351562,2322400,0.0073202484375821
2021-10-20,DENN,14.920000076293944,15.079999923706056,14.529999732971191,14.600000381469728,687200,0.0133498847037751
2021-10-20,DGLY,23.600000381469727,23.600000381469727,22.39999961853028,22.600000381469727,41020,0.000517594059282
2021-10-20,DHC,3.437139635460489,3.557578374513577,3.4000815619056923,3.548313856124878,868400,0.0035997943922134
2021-10-20,DIOD,89.08999633789062,90.62000274658205,88.5999984741211,90.47000122070312,152800,0.0032887798368524
2021-10-20,DKNG,48.90999984741211,49.630001068115234,48.4119987487793,49.09000015258789,8417200,0.016835881557577
2021-10-20,DLPN,25.420000076293945,25.799999237060547,24.5,24.81999969482422,105600,0.0094606701308009
2021-10-20,DLTR,100.30999755859376,102.38999938964844,100.0500030517578,101.33999633789062,1387300,0.00645006787333
2021-10-20,DNLI,44.16999816894531,45.150001525878906,43.869998931884766,44.75,235900,0.0016244877388981
2021-10-20,DNTH,6.389999866485596,6.730000019073486,6.340000152587891,6.550000190734863,60700,0.001889441229662
2021-10-20,DOCU,275.0,277.489990234375,268.0799865722656,271.260009765625,1201200,0.0059321447972739
2021-10-20,DOMO,94.1500015258789,95.5,92.18000030517578,92.87000274658205,190100,0.0051832402204172
2021-10-20,DOX,74.32694965176877,75.37932176804901,74.32694965176877,75.08130645751953,374800,0.0033415654003548
2021-10-20,DPZ,444.69076814499147,448.26610422034094,435.08320481678777,438.390869140625,576400,0.0168061346473452
2021-10-20,DVAX,17.420000076293945,18.93000030517578,17.420000076293945,18.229999542236328,3164400,0.0255047513117489
2021-10-20,DXCM,138.64999389648438,140.0675048828125,137.28500366210938,139.13499450683594,1222400,0.0031175163286038
2021-10-20,DXLG,6.480000019073486,6.650000095367432,6.420000076293945,6.5,238800,0.0044614749397009
2021-10-20,DYAI,4.710000038146973,4.869999885559082,4.550000190734863,4.690000057220459,88000,0.0029244916203345
2021-10-20,EA,134.76291522967017,136.58642092105072,134.51782045910502,136.46876525878906,1763200,0.0067654574895057
2021-10-20,EBAY,70.02190335807394,71.88080730419883,69.70430475875902,70.96537017822266,5201700,0.0111624463519313
2021-10-20,ECPG,50.65999984741211,51.90999984741211,50.4900016784668,51.45000076293945,103700,0.0043771342222672
2021-10-20,EDIT,39.5,39.77999877929688,38.277000427246094,38.40999984741211,983000,0.011846755671354
2021-10-20,EEFT,135.11000061035156,136.00999450683594,131.19000244140625,132.00999450683594,431700,0.0099853123156811
2021-10-20,EHTH,45.970001220703125,46.52000045776367,45.34000015258789,45.66999816894531,247100,0.0082524563665145
2021-10-20,EKSO,4.150000095367432,4.150000095367432,4.050000190734863,4.074999809265137,165800,0.0066788050659018
2021-10-20,ENPH,186.22999572753903,187.0,177.33999633789062,180.10000610351562,2250100,0.0171519826810787
2021-10-20,ENSG,73.63294116449232,74.35706523865882,70.81578050743977,71.51014709472656,482500,0.0083729421217122
2021-10-20,ENTG,126.52644444438144,129.3580902818407,125.618731893337,129.0818328857422,574700,0.0037978868126902
2021-10-20,EOLS,7.909999847412109,8.420000076293945,7.840000152587891,8.289999961853027,526800,0.00828473834192
2021-10-20,EPIX,8.300000190734863,8.670000076293945,8.300000190734863,8.529999732971191,65900,0.0014846154192743
2021-10-20,EQ,5.800000190734863,5.900000095367432,5.550000190734863,5.869999885559082,21500,0.000601915491065
2021-10-20,EQIX,729.1700047047885,744.2552535845623,729.1700047047885,742.4222412109375,457700,0.0046790833748252
2021-10-20,ERIC,10.6647461604218,10.709821337564568,10.592626220888366,10.673761367797852,5024300,0.0016360895447324
2021-10-20,ERII,19.51000022888184,19.61000061035156,19.18000030517578,19.57999992370605,263300,0.0047911666390684
2021-10-20,ERNA,189.3999938964844,195.0,183.1999969482422,194.6000061035156,21980,0.0004207109210659
2021-10-20,ESPR,9.4399995803833,9.56999969482422,9.149999618530272,9.4399995803833,765900,0.0038711342032007
2021-10-20,ETNB,16.90999984741211,18.100000381469727,16.90999984741211,17.389999389648438,71200,0.0004877246821569
2021-10-20,ETSY,228.0,233.2749938964844,224.83999633789065,233.1199951171875,1997100,0.0186519351464435
2021-10-20,EVER,15.0,15.729999542236328,14.75,15.420000076293944,457000,0.0142280282817087
2021-10-20,EVRG,55.16978858519972,56.02587297318007,55.16978858519972,55.645389556884766,955400,0.0041536784148262
2021-10-20,EWBC,76.65158942700438,78.35029075668676,76.45066671544166,78.34115600585938,717600,0.005207509681788
2021-10-20,EXAS,96.8000030517578,96.95999908447266,94.66000366210938,95.69000244140624,928400,0.0049979809965608
2021-10-20,EXC,31.704687129018804,32.30954786784907,31.673183825134,32.26544189453125,5985418,0.0059288568949456
2021-10-20,EXEL,21.56999969482422,21.700000762939453,21.43000030517578,21.63999938964844,1104500,0.0039463201559611
2021-10-20,EXLS,24.881999969482425,25.052000045776367,24.56999969482422,24.739999771118164,1020500,0.0062875453639774
2021-10-20,EXPE,165.93174736941594,166.16126140139949,160.95219278111756,163.3870849609375,2768900,0.0224504191869233
2021-10-20,EXPI,46.167942726507306,46.84533883068701,44.64141578194356,46.73085021972656,792600,0.0052141306492993
2021-10-20,EXTR,10.0600004196167,10.25,9.979999542236328,10.239999771118164,456200,0.0034364054084591
2021-10-20,EYE,60.45000076293945,61.400001525878906,59.09999847412109,59.209999084472656,791900,0.010051596588037
2021-10-20,EYPT,11.989999771118164,11.989999771118164,11.260000228881836,11.600000381469728,135100,0.0019656970585838
2021-10-20,EZPW,7.889999866485596,7.940000057220459,7.71999979019165,7.869999885559082,271200,0.0052185558916572
2021-10-20,FANG,91.60875511277536,93.6930672247404,91.19693773380428,93.41571807861328,1665900,0.0056647271507777
2021-10-20,FAST,51.485253883038645,51.778043387152586,51.07351755215148,51.24736022949219,2336000,0.0040724389825909
2021-10-20,FATE,60.88999938964844,61.90999984741211,59.40999984741211,59.56999969482422,643400,0.0056144576210546
2021-10-20,FCEL,253.5,259.79998779296875,241.5,243.8999938964844,1799790,0.0851214067480774
2021-10-20,FFBC,20.4097433614739,21.00977464530026,20.4097433614739,20.992382049560547,170700,0.0017888618981847
2021-10-20,FFIN,44.71683085841816,46.012835211769726,44.71683085841816,45.966217041015625,336000,0.0023499295804435
2021-10-20,FFIV,203.13999938964844,207.6699981689453,202.7899932861328,207.5,484400,0.0084020932382576
2021-10-20,FGEN,10.710000038146973,10.720000267028809,10.300000190734863,10.3100004196167,693800,0.006874956647542
2021-10-20,FHB,24.653555445663347,25.27053642272949,24.606424647901623,25.27053642272949,377400,0.0029905860724587
2021-10-20,FIBK,33.21548818979643,33.99097946988216,33.08487936154747,33.950164794921875,339500,0.0032890593968281
2021-10-20,FITB,38.34697745577997,39.72335518597941,38.12919589593779,39.71464538574219,4893100,0.0073623517231902
2021-10-20,FIVE,188.1699981689453,190.7100067138672,186.97999572753903,187.17999267578125,501800,0.0091154490330503
2021-10-20,FIVN,159.82000732421875,161.13999938964844,157.61000061035156,158.8300018310547,746900,0.0097962834718374
2021-10-20,FIZZ,50.15050457834437,50.809685747789,49.23643921871663,49.6846809387207,142700,0.0015242436995434
2021-10-20,FLEX,14.363224983215332,14.378296852111816,14.137150764465332,14.174830436706545,2568143,0.0067035312862905
2021-10-20,FLGT,82.9800033569336,87.66999816894531,82.0199966430664,85.0999984741211,381600,0.0123632381575664
2021-10-20,FLWS,30.75,30.75,30.18000030517578,30.520000457763672,301400,0.0082500978570001
2021-10-20,FNKO,18.86000061035156,18.86000061035156,17.6200008392334,17.6200008392334,1695100,0.0314563913946328
2021-10-20,FOLD,10.859999656677246,11.050000190734863,10.710000038146973,10.760000228881836,1232400,0.0040111964587944
2021-10-20,FORM,35.720001220703125,35.81999969482422,35.25,35.75,226100,0.0029334834889381
2021-10-20,FOSL,12.270000457763672,12.489999771118164,12.029999732971191,12.119999885559082,294000,0.0055202248646699
2021-10-20,FOX,37.7254268809487,38.43704839390505,37.66849947638848,38.142913818359375,532400,0.0022599446393366
2021-10-20,FOXA,40.98446908787305,41.51797347486964,40.69866459398968,41.16547775268555,1828800,0.0083948823387099
2021-10-20,FOXF,152.0,153.5500030517578,148.25999450683594,148.8699951171875,107200,0.0025699791908401
2021-10-20,FRHC,65.5999984741211,66.23999786376953,65.30000305175781,65.93000030517578,555600,0.009165261744435
2021-10-20,FRPT,149.72999572753906,151.7100067138672,147.80999755859375,151.3000030517578,252600,0.0051848780547881
2021-10-20,FRSX,17.15999984741211,17.8799991607666,17.15999984741211,17.459999084472656,85567,0.0044340976810467
2021-10-20,FSLR,104.01000213623048,105.2300033569336,101.1500015258789,103.2300033569336,2768000,0.0258112644535621
2021-10-20,FTAI,19.313751792976216,20.00352828582492,19.29585561501124,19.68660354614257,569457,0.0055529151349084
2021-10-20,FTDR,43.20000076293945,43.75,42.83000183105469,42.88999938964844,310600,0.0042033464809031
2021-10-20,FTEK,2.2100000381469727,2.400000095367432,1.9700000286102293,2.200000047683716,6383100,0.2078623694571174
2021-10-20,FTNT,66.84200286865234,67.3219985961914,65.7239990234375,66.69000244140625,3533000,0.0045944335263468
2021-10-20,FULC,23.6200008392334,24.82999992370605,23.3799991607666,23.46999931335449,431200,0.007988247346668
2021-10-20,FULT,13.660472962248674,14.701352854333518,13.617461233739949,14.684147834777832,1618400,0.0088825466520307
2021-10-20,FUTU,66.43353898289095,67.05879522408559,63.11186054301793,65.41749572753906,10359900,0.1108261980256486
2021-10-20,FWONK,53.598819732666016,53.89380645751953,53.42182922363281,53.74631118774414,365205,0.0016388517424901
2021-10-20,FWRD,86.94250777210256,87.02066012961104,85.18411699325692,86.82527923583984,49600,0.0016314233181703
2021-10-20,GALT,3.3499999046325684,3.430000066757202,3.2699999809265137,3.289999961853028,92400,0.0014624765552662
2021-10-20,GBDC,11.135165617134476,11.135165617134476,11.002935817462344,11.05165195465088,468300,0.0017638483982584
2021-10-20,GDS,64.06999969482422,65.83999633789062,62.59000015258789,63.86000061035156,834000,0.0044138896491175
2021-10-20,GDYN,30.989999771118164,31.190000534057617,30.09000015258789,30.559999465942383,147200,0.001755758697685
2021-10-20,GEN,24.044235343448506,24.25742589890569,23.812506017615608,24.220348358154297,1862000,0.0030212510188528
2021-10-20,GERN,1.4199999570846558,1.4600000381469729,1.4199999570846558,1.4500000476837158,980000,0.001538671628734
2021-10-20,GEVO,6.75,6.840000152587891,6.519999980926514,6.809999942779541,5608100,0.0234051166478861
2021-10-20,GGAL,8.807378901668447,9.530493453010598,8.807378901668447,9.514244079589844,1277800,0.0096435552402587
2021-10-20,GH,106.05999755859376,107.1999969482422,104.63999938964844,106.44000244140624,537300,0.0043533920483548
2021-10-20,GIII,27.84000015258789,28.559999465942383,27.809999465942383,28.18000030517578,199000,0.0045347650125788
2021-10-20,GILD,58.187806238059736,58.53565806994089,58.0921449938379,58.14432144165039,4878200,0.0039131096936462
2021-10-20,GILT,8.649999618530273,8.670000076293945,8.40999984741211,8.579999923706055,597500,0.010470626169731
2021-10-20,GLBS,3.299999952316284,3.3399999141693115,3.1700000762939453,3.200000047683716,394700,0.0191766712175024
2021-10-20,GLDD,14.479999542236328,14.760000228881836,14.329999923706056,14.640000343322754,156000,0.0023158902852321
2021-10-20,GLNG,12.982735880415948,13.24558205538381,12.626015623906197,12.963961601257324,915100,0.0087467263099539
2021-10-20,GLPI,39.34656334603251,39.739866728451695,39.25024458775489,39.57130813598633,404400,0.0014714390621632
2021-10-20,GLYC,1.940000057220459,1.950000047683716,1.909999966621399,1.9299999475479128,155300,0.002407233169906
2021-10-20,GMAB,46.20000076293945,46.20000076293945,45.650001525878906,45.84000015258789,160100,0.0002626540658862
2021-10-20,GNPX,95.5999984741211,96.8000030517578,92.8000030517578,94.0,4630,0.0001916962008545
2021-10-20,GNTX,34.23276701441451,34.62895602244051,33.90260590927923,34.364830017089844,1577400,0.0069715639391501
2021-10-20,GO,23.309999465942383,23.65999984741211,23.0,23.049999237060547,567300,0.005826953710918
2021-10-20,GOGL,6.48787869278753,6.57239021695862,6.35786120174443,6.54638671875,1399000,0.0070168223174071
2021-10-20,GOGO,16.790000915527344,17.280000686645508,16.739999771118164,17.1200008392334,808000,0.0061515036162923
2021-10-20,GOOG,143.54261125325104,143.56774550029272,141.24300229778405,141.74362182617188,17940000,0.0032635983643569
2021-10-20,GOOGL,142.65595589699134,142.8629739512192,140.70378718712195,141.09442138671875,23288000,0.0039924567556175
2021-10-20,GOSS,12.84000015258789,13.170000076293944,12.699999809265137,12.720000267028809,186700,0.000821667040341
2021-10-20,GPRE,36.060001373291016,36.060001373291016,35.040000915527344,35.7599983215332,992100,0.0153268839198262
2021-10-20,GPRO,9.130000114440918,9.270000457763672,9.100000381469728,9.149999618530272,1262600,0.0096257499866584
2021-10-20,GREE,230.0,239.6000061035156,228.1000061035156,229.1000061035156,106770,0.0122681410956873
2021-10-20,GRFS,13.710000038146973,13.869999885559082,13.6899995803833,13.81999969482422,413300,0.0016005483611128
2021-10-20,GRPN,23.559999465942383,23.96999931335449,23.31999969482422,23.59000015258789,532900,0.0133857812810059
2021-10-20,GRWG,23.25,23.350000381469727,22.39999961853028,22.90999984741211,1311400,0.0220559050085774
2021-10-20,GSAT,23.39999961853028,25.049999237060547,23.39999961853028,24.75,777293,0.006140628209382
2021-10-20,GSIT,4.849999904632568,4.869999885559082,4.699999809265137,4.71999979019165,146900,0.0057378778054668
2021-10-20,GSM,7.447192435229343,7.585103275773783,7.279729036850108,7.516148090362549,1219900,0.0064928017241526
2021-10-20,GT,18.84000015258789,20.1299991607666,18.76000022888184,19.739999771118164,4947200,0.0173516568026351
2021-10-20,GTEC,6.099999904632568,6.360000133514404,6.099999904632568,6.230000019073486,23000,0.001691860678951
2021-10-20,GWAV,2745.0,2880.0,2655.0,2700.0,37,9.321636778643878e-07
2021-10-20,HAIN,44.7400016784668,45.20000076293945,44.7400016784668,44.900001525878906,462100,0.0051203977142881
2021-10-20,HALO,39.0,39.02999877929688,38.08000183105469,38.16999816894531,957000,0.007746917827625
2021-10-20,HAS,80.2216631728643,80.2216631728643,78.13116809520457,78.30322265625,710500,0.0050704366070536
2021-10-20,HBAN,13.78621228275357,14.19343539567016,13.752276214263452,14.16798496246338,10738400,0.0073512923860085
2021-10-20,HCAT,50.16999816894531,50.75,49.76499938964844,50.52000045776367,225500,0.0032117657447735
2021-10-20,HCM,32.2599983215332,32.29999923706055,31.90999984741211,32.22999954223633,95700,0.0005597244335658
2021-10-20,HCSG,20.041397006667125,20.06010149143841,18.4234965328656,18.722761154174805,4543900,0.0618321194884106
2021-10-20,HDSN,3.539999961853028,3.5899999141693115,3.4800000190734863,3.5799999237060547,87100,0.0019784168576562
2021-10-20,HEES,37.60749723598055,40.14283617568123,37.12982463133865,39.968299865722656,495200,0.013525176712224
2021-10-20,HELE,228.97999572753903,231.8000030517578,227.6100006103516,228.0599975585937,65800,0.0028789317325656
2021-10-20,HIMX,8.19016667523875,8.407125271172385,8.135927395732722,8.298645973205566,1977300,0.0113044775999257
2021-10-20,HIVE,18.5,20.5,18.25,19.850000381469727,4175200,0.026867093087605
2021-10-20,HLIT,9.100000381469728,9.279999732971191,9.020000457763672,9.1899995803833,349200,0.0029832639915252
2021-10-20,HNRG,3.299999952316284,3.549999952316284,3.299999952316284,3.430000066757202,431800,0.0101315601147836
2021-10-20,HOLX,71.41000366210938,73.02999877929688,71.26000213623047,72.93000030517578,1685500,0.0074671165112242
2021-10-20,HON,206.5657105236744,207.92280601041085,205.26439774180017,207.87632751464844,1656900,0.0025757977576316
2021-10-20,HOPE,12.27070769751751,12.5081503246957,12.228307026197164,12.499670028686523,665900,0.0052349394275292
2021-10-20,HOTH,28.25,28.5,27.5,28.0,5884,0.0004475307468226
2021-10-20,HQY,65.37999725341797,67.25,64.50499725341797,67.16000366210938,528500,0.0061100808819789
2021-10-20,HROW,10.010000228881836,10.369999885559082,9.779999732971191,10.050000190734863,176200,0.0049419142765789
2021-10-20,HRTX,10.31999969482422,10.390000343322754,10.130000114440918,10.199999809265137,951200,0.0062443379505021
2021-10-20,HSDT,676.5,693.75,655.0,660.0,128,2.2558166585010804e-05
2021-10-20,HSIC,77.33999633789062,78.4800033569336,77.0999984741211,78.47000122070312,582300,0.004753003787384
2021-10-20,HST,14.21215107073453,14.5143539001961,14.194883608067272,14.436644554138184,6044500,0.0087192903262496
2021-10-20,HTBK,9.675840278452965,9.867853980394036,9.675840278452965,9.834460258483888,115000,0.0018665467748506
2021-10-20,HTHT,45.11505767515853,45.894011618701775,44.91344549045576,45.08756637573242,771700,0.0024628669745196
2021-10-20,HTLD,16.35315062343689,16.509827359060978,16.2160570789653,16.294395446777344,349100,0.0044443143076112
2021-10-20,HUBG,36.31542984845784,36.81324013039528,36.06405977891211,36.76887893676758,357200,0.0058855126096942
2021-10-20,HUT,60.25,65.94999694824219,60.09999847412109,61.75,4402720,0.0423925435217994
2021-10-20,HWC,45.551277879129096,47.59197665724023,45.451064511749145,46.88137435913086,1195300,0.0138783592061648
2021-10-20,IAC,121.8211669921875,122.5840835571289,120.54142761230467,121.2059097290039,326936,0.0043973981675265
2021-10-20,IART,69.05999755859375,70.30000305175781,68.66000366210938,69.80999755859375,220500,0.0028543724792201
2021-10-20,IBIO,440.0,450.0,435.0,440.0,3474,0.000351808868743
2021-10-20,IBKR,71.14515118093695,73.65557717222255,71.04708158680393,73.5477066040039,1289400,0.01183131159274
2021-10-20,IBRX,9.149999618530272,9.208999633789062,8.623000144958496,8.670000076293945,817600,0.0009264935601989
2021-10-20,ICAD,11.050000190734863,11.18000030517578,10.75,10.789999961853027,86400,0.0031572369791381
2021-10-20,ICHR,40.619998931884766,40.619998931884766,39.5,39.61000061035156,180000,0.0052765807756573
2021-10-20,ICLR,280.57000732421875,280.8800048828125,276.260009765625,276.3299865722656,519400,0.0064265634589115
2021-10-20,IDCC,63.68989901383569,64.53471858030022,63.25810393800095,63.86825180053711,52400,0.0020401806572185
2021-10-20,IDXX,646.2999877929688,651.5900268554688,640.75,642.2000122070312,211500,0.002609854514493
2021-10-20,IDYA,22.790000915527344,23.07999992370605,22.32999992370605,22.56999969482422,164400,0.0018780544087441
2021-10-20,IEP,30.332875732314854,30.35918767992984,29.29616853500652,29.817153930664062,339800,0.0006500413210492
2021-10-20,IFRX,2.7100000381469727,2.7799999713897705,2.619999885559082,2.759999990463257,874100,0.0130203647382365
2021-10-20,IGMS,54.29999923706055,54.97600173950195,52.08000183105469,52.5099983215332,112400,0.0032685440439217
2021-10-20,IHRT,21.540000915527344,22.200000762939453,21.40999984741211,21.850000381469727,594200,0.0047018421219218
2021-10-20,ILMN,406.0116882324219,406.5953369140625,399.9416198730469,402.188720703125,638285,0.0040330650103655
2021-10-20,ILPT,26.03553779787783,26.3983046407993,26.026235856499856,26.333192825317383,197700,0.0029889196801538
2021-10-20,IMAB,65.80000305175781,67.82499694824219,65.69999694824219,66.4000015258789,162600,0.0019950649993649
2021-10-20,IMMR,6.364885235764102,6.5678234092580645,6.364885235764102,6.475578784942627,221800,0.0068464397278709
2021-10-20,IMNN,15.0,15.149999618530272,13.949999809265137,14.25,96047,0.0065692477104379
2021-10-20,IMUX,8.34000015258789,8.529999732971191,8.149999618530273,8.430000305175781,148700,0.0015519085114135
2021-10-20,IMVT,8.8100004196167,8.949999809265137,8.479999542236328,8.529999732971191,302100,0.001778513103232
2021-10-20,IMXI,16.920000076293945,17.104000091552734,16.799999237060547,16.979999542236328,78300,0.0025544659110928
2021-10-20,INCY,65.9000015258789,65.97000122070312,65.5,65.6500015258789,892500,0.0046118310907174
2021-10-20,INDP,7.989999771118164,8.050000190734863,7.800000190734863,7.929999828338623,335500,0.0232514623125329
2021-10-20,INGN,41.869998931884766,42.1150016784668,41.45399856567383,41.7400016784668,83500,0.0031055669612306
2021-10-20,INMD,85.69999694824219,91.0,83.20999908447266,84.26000213623047,2167700,0.0319395657503889
2021-10-20,INO,84.72000122070312,86.04000091552734,83.63999938964844,84.4800033569336,167225,0.0045598320313032
2021-10-20,INOD,10.43000030517578,10.5,10.25,10.460000038146973,66600,0.0021278159215583
2021-10-20,INSM,26.6200008392334,26.71999931335449,26.040000915527344,26.709999084472656,467500,0.0025712242877571
2021-10-20,INTC,50.88863820609879,51.10969447006898,50.73205946736291,50.99916458129883,16850300,0.0038642249512344
2021-10-20,INTU,561.4412891546308,562.7511615340613,556.1331855694791,557.7168579101562,836200,0.0029911076893773
2021-10-20,INTZ,76.80000305175781,76.80000305175781,73.19999694824219,75.4000015258789,2730,0.0001372197174178
2021-10-20,INVA,16.459999084472656,16.709999084472656,16.350000381469727,16.510000228881836,400100,0.0063739421900489
2021-10-20,IONS,31.299999237060547,31.61000061035156,30.299999237060547,30.520000457763672,1323100,0.0083232162210909
2021-10-20,IOVA,25.940000534057617,26.40999984741211,25.40999984741211,25.809999465942383,882000,0.0026900332183113
2021-10-20,IPGP,164.47999572753906,165.25999450683594,163.38999938964844,163.97000122070312,208200,0.0048725233679855
2021-10-20,IQ,9.664999961853027,10.06999969482422,9.5,9.770000457763672,8511700,0.0161049050549084
2021-10-20,IRBT,84.36000061035156,85.41999816894531,83.69000244140625,84.66000366210938,348400,0.0112318980747159
2021-10-20,IRD,4.210000038146973,4.340000152587891,4.199999809265137,4.300000190734863,80200,0.0016997359263136
2021-10-20,IRDM,40.08038963412552,41.17147334716779,39.44312025054624,40.27350234985352,759600,0.0069859196380123
2021-10-20,IRTC,71.2300033569336,71.4800033569336,69.72000122070312,69.91000366210938,206400,0.0065712393663083
2021-10-20,IRWD,13.4399995803833,13.56999969482422,13.300000190734863,13.350000381469728,1377300,0.0085118878931029
2021-10-20,ISRG,338.0,341.8999938964844,327.3900146484375,339.79998779296875,2458200,0.0068612098112073
2021-10-20,ITCI,41.880001068115234,43.09999847412109,41.220001220703125,41.540000915527344,354000,0.0033232571675334
2021-10-20,ITRI,77.0999984741211,78.20999908447266,76.66999816894531,78.0999984741211,310400,0.0068114987930656
2021-10-20,ITRM,7.949999809265137,8.520000457763672,7.949999809265137,8.234999656677246,217593,0.0062921975397178
2021-10-20,IZEA,7.559999942779541,7.800000190734863,7.5,7.639999866485596,90375,0.0053430488634012
2021-10-20,JACK,86.87712158799101,92.64833482655598,86.34090246938983,91.55770874023438,564800,0.0299496773304062
2021-10-20,JAZZ,145.0,146.66000366210938,144.0,145.6699981689453,499400,0.0082229448812415
2021-10-20,JBHT,186.07494494867703,189.4371627610477,184.2727187287459,188.9720764160156,699300,0.0069924406047516
2021-10-20,JBLU,14.920000076293944,15.09000015258789,14.739999771118164,14.899999618530272,5793200,0.016411285325793
2021-10-20,JD,78.01867264308954,79.69737024378031,77.09311581219109,77.61033630371094,9831300,0.0067731999884654
2021-10-20,JFIN,3.225693409967708,4.005441206717985,3.225693409967708,3.5129690170288086,5508600,0.2116047248631518
2021-10-20,JKHY,164.6032940137908,164.87150119706772,161.73922131747014,163.87530517578125,330200,0.0045296356142723
2021-10-20,JRVR,36.05704868345083,37.04102567220525,35.948242043389286,36.80449295043945,122300,0.0026794145161608
2021-10-20,KALV,17.59000015258789,17.892000198364258,16.799999237060547,17.479999542236328,99100,0.0019933381071534
2021-10-20,KDP,32.013695698054875,32.23403813960376,31.894346898514183,32.04124069213867,3015700,0.0022227382396841
2021-10-20,KHC,31.41063301643262,31.67566347653424,31.273842154697505,31.56451988220215,3493300,0.0029271826819677
2021-10-20,KIRK,22.82999992370605,23.61000061035156,22.799999237060547,23.3700008392334,221200,0.0098915595304639
2021-10-20,KLAC,319.1295144629529,321.2845798917088,315.7718860596271,318.4753112792969,702000,0.0052826837839668
2021-10-20,KLIC,49.32341826220651,50.5201720434012,49.19994248674917,50.3397102355957,1167000,0.0218608101425167
2021-10-20,KNDI,4.639999866485596,4.639999866485596,4.510000228881836,4.630000114440918,580600,0.0067455153824704
2021-10-20,KNSA,10.920000076293944,11.0600004196167,10.789999961853027,10.869999885559082,122700,0.0029207679215415
2021-10-20,KOD,113.16000366210938,113.83000183105467,111.0,112.69000244140624,138500,0.0026256770360371
2021-10-20,KOPN,4.820000171661377,4.869999885559082,4.75,4.840000152587891,479900,0.0031306673625154
2021-10-20,KRNT,151.52999877929688,152.7899932861328,150.00999450683594,151.91000366210938,325600,0.0071832772599415
2021-10-20,KRNY,10.798706850706504,10.981736008988888,10.798706850706504,10.965097427368164,163100,0.002525561438037
2021-10-20,KTOS,22.809999465942383,23.030000686645508,22.559999465942383,22.75,504900,0.0032938428819331
2021-10-20,KURA,17.739999771118164,17.889999389648438,17.200000762939453,17.229999542236328,286000,0.00354157637298
2021-10-20,LAB,5.460000038146973,5.550000190734863,5.320000171661377,5.349999904632568,633000,0.0016702464648402
2021-10-20,LAMR,98.56455023319114,99.85461262385462,97.80223424751476,99.56141662597656,308700,0.0035036625588199
2021-10-20,LASR,27.100000381469727,27.920000076293945,26.940000534057617,27.82999992370605,106100,0.0021639371010177
2021-10-20,LAUR,8.058001118702933,8.132439858434802,7.909123639239194,7.937037944793701,1243400,0.0083364066877049
2021-10-20,LBRDK,173.16000366210938,176.16000366210938,172.2740020751953,175.75,584000,0.0047470798143436
2021-10-20,LBTYA,29.61000061035156,30.420000076293945,29.61000061035156,29.84000015258789,1291200,0.0074321368544654
2021-10-20,LBTYK,29.729999542236328,30.489999771118164,29.729999542236328,29.950000762939453,1731500,0.0107904478207221
2021-10-20,LECO,133.46055616492288,137.36578931704494,132.71172819975902,137.03404235839844,295900,0.0052811088365319
2021-10-20,LEDS,7.619999885559082,7.75,7.409999847412109,7.550000190734863,60100,0.0083336337693815
2021-10-20,LFMD,5.190000057220459,5.340000152587891,5.059999942779541,5.110000133514404,225300,0.0050534163831175
2021-10-20,LGIH,143.44000244140625,147.75,143.0,146.3800048828125,135100,0.0057742198819511
2021-10-20,LGND,81.40985870361328,82.76356506347656,80.89207458496094,81.97130584716797,74860,0.0038877405818627
2021-10-20,LILA,12.489999771118164,12.774999618530272,12.34000015258789,12.5600004196167,158500,0.0040684526788899
2021-10-20,LILAK,12.369999885559082,12.800000190734863,12.350000381469728,12.619999885559082,487800,0.0031122994193845
2021-10-20,LIN,296.6190225758542,297.42933266601665,295.722919053893,296.6857604980469,745300,0.001575980309233
2021-10-20,LIND,14.84000015258789,14.880000114440918,14.31999969482422,14.81999969482422,161100,0.0029512845690501
2021-10-20,LITE,85.44999694824219,85.73999786376953,84.7699966430664,85.37000274658203,557200,0.0080520231213872
2021-10-20,LIVN,82.83999633789062,83.16999816894531,81.12000274658203,81.52999877929688,142500,0.0026218082933775
2021-10-20,LKQ,50.571482696738286,51.18011090188749,50.30405424595742,51.17089080810547,1133700,0.0043847877807579
2021-10-20,LNT,49.73193005774627,50.52415107517273,49.66072089665256,50.24821090698242,1142200,0.0044465554401297
2021-10-20,LNTH,23.13999938964844,23.55900001525879,23.13999938964844,23.270000457763672,122900,0.0017912502337807
2021-10-20,LNW,83.22000122070312,84.86000061035156,82.0,83.94999694824219,307800,0.0036440566879782
2021-10-20,LOCO,12.999732503627229,13.2422322753933,12.88281266108016,12.939106941223145,132200,0.0044396383810432
2021-10-20,LOGI,85.89385602466585,86.26335249577808,85.10748877453285,85.23065185546875,545700,0.0036575067024128
2021-10-20,LOPE,89.55000305175781,90.05999755859375,88.7699966430664,89.81999969482422,157000,0.00546566033532
2021-10-20,LOVE,76.0199966430664,79.12000274658203,75.26899719238281,78.43000030517578,360900,0.0243958495285091
2021-10-20,LPLA,170.4604892652026,172.2487002751109,168.77052304043727,171.31529235839844,305200,0.0038162547845731
2021-10-20,LPRO,35.27000045776367,35.75,34.95000076293945,35.18000030517578,393500,0.0032851072355843
2021-10-20,LPSN,59.33000183105469,59.63999938964844,57.04999923706055,57.27999877929688,449800,0.0049258602185864
2021-10-20,LPTH,2.0,2.059999942779541,1.9700000286102293,2.0,105300,0.0024992108379832
2021-10-20,LQDA,3.4800000190734863,3.640000104904175,3.430000066757202,3.5899999141693115,226800,0.0026588979951065
2021-10-20,LRCX,55.6502375166827,55.861875241934285,55.01239262733916,55.15283584594727,16933000,0.0131911873688375
2021-10-20,LRMR,12.119999885559082,13.359999656677246,12.0,12.670000076293944,54200,0.0008465059763009
2021-10-20,LSCC,67.66000366210938,67.94000244140625,66.9000015258789,67.83999633789062,434300,0.0031559289025825
2021-10-20,LSTR,156.41552248614337,158.2603048142088,154.83160367591202,157.41244506835938,352500,0.0099812833240363
2021-10-20,LTBR,8.0,8.430000305175781,7.21999979019165,7.449999809265137,303200,0.0145172488089823
2021-10-20,LULU,419.6600036621094,423.8999938964844,413.6600036621094,414.3999938964844,524600,0.0045411656755048
2021-10-20,LVO,3.069999933242798,3.0999999046325684,2.9600000381469727,3.0299999713897705,137900,0.0014350770716518
2021-10-20,LWLG,8.899999618530273,9.18000030517578,8.710000038146973,9.109999656677246,311600,0.002500702219012
2021-10-20,LX,5.136334768013805,5.188835585421921,5.022582788343185,5.118834495544434,2087600,0.0162153764894129
2021-10-20,LYFT,50.06999969482422,50.77999877929688,49.29999923706055,49.40999984741211,3245900,0.0079269212831196
2021-10-20,MANH,169.74000549316406,170.47999572753906,167.4199981689453,169.85000610351562,232300,0.0038260978413758
2021-10-20,MAR,150.3614252208353,150.7889495774782,148.32097345542618,148.92340087890625,2402900,0.0087259828298629
2021-10-20,MARA,54.11000061035156,56.47999954223633,52.5,53.06999969482422,22137700,0.064015651376668
2021-10-20,MASI,283.1099853515625,284.1700134277344,280.44000244140625,280.7799987792969,172300,0.0031886622053772
2021-10-20,MAT,20.489999771118164,20.5,19.82999992370605,19.8799991607666,5716200,0.017701982086865
2021-10-20,MBOT,7.269999980926514,7.449999809265137,7.269999980926514,7.329999923706055,35200,0.0010131099886312
2021-10-20,MCHP,69.77238656511962,70.27655649165732,69.45493859009697,69.91242980957031,2697100,0.0050148841150664
2021-10-20,MCRB,6.329999923706055,6.349999904632568,6.019999980926514,6.019999980926514,1022200,0.0058626165159186
2021-10-20,MDB,510.9700012207031,517.0399780273438,498.3699951171875,504.5,327000,0.0040277039023252
2021-10-20,MDGL,82.29000091552734,82.29000091552734,78.87000274658203,79.3499984741211,99500,0.0045062997617775
2021-10-20,MDLZ,55.07713868952912,55.57291289159982,54.95778401945016,55.352569580078125,4228900,0.0032641987931321
2021-10-20,MDXG,7.0,7.210000038146973,6.920000076293945,7.139999866485596,586100,0.0039771724821193
2021-10-20,MEDP,186.5399932861328,189.2400054931641,184.63999938964844,188.0500030517578,107400,0.0035529502057667
2021-10-20,MELI,1608.0,1614.449951171875,1580.4300537109375,1604.010009765625,228400,0.0045051620004181
2021-10-20,MEOH,45.49147421941026,45.95586794281526,44.780669934731975,45.21662902832031,432600,0.0064188547552347
2021-10-20,MERC,9.214526390529802,9.348199062011403,9.036295878597626,9.063030242919922,331800,0.0049618069471278
2021-10-20,MESA,7.449999809265137,7.619999885559082,7.320000171661377,7.440000057220459,319000,0.0077215030547137
2021-10-20,META,341.83894636646966,342.3664590112534,337.85770968902955,339.18145751953125,13639500,0.0062283665010695
2021-10-20,METC,13.796933289048132,14.382029700390822,12.98534952011041,13.683690071105955,395523,0.0089075136307436
2021-10-20,MFIC,8.825711675875453,8.87185036953321,8.81252883277749,8.83889389038086,197400,0.0021049196001753
2021-10-20,MGNI,30.600000381469727,31.100000381469727,29.75,30.280000686645508,703100,0.0049184682908986
2021-10-20,MGNX,19.530000686645508,20.030000686645508,19.270000457763672,19.32999992370605,223500,0.0035425414049386
2021-10-20,MIDD,173.9199981689453,175.8699951171875,173.75999450683594,175.02000427246094,241700,0.0045054449336579
2021-10-20,MIRM,16.5,16.729999542236328,15.619999885559082,15.789999961853027,209300,0.0042701910874807
2021-10-20,MIST,5.75,5.75,5.570000171661377,5.659999847412109,13000,0.0002436555834614
2021-10-20,MITK,19.36000061035156,19.56999969482422,19.200000762939453,19.489999771118164,242200,0.0053532314996342
2021-10-20,MKSI,141.6575162580504,142.2698313656296,139.88861253852872,141.51173400878906,459500,0.0068127364812772
2021-10-20,MKTX,405.3430179686956,407.9502107158692,384.5433731568821,390.2964782714844,272500,0.0072294206912652
2021-10-20,MLCO,11.630000114440918,11.6899995803833,11.34000015258789,11.449999809265137,1829000,0.0042983411420725
2021-10-20,MLKN,34.42535472736255,35.41381299710245,34.29056340517724,35.045387268066406,593300,0.008757635069509
2021-10-20,MMSI,69.83000183105469,70.63999938964844,69.11000061035156,70.29000091552734,235000,0.0039785261169077
2021-10-20,MMYT,30.5,30.5,29.790000915527344,29.90999984741211,125400,0.0017885005405436
2021-10-20,MNKD,4.099999904632568,4.409999847412109,4.039999961853027,4.300000190734863,3891000,0.012805407824759
2021-10-20,MNMD,34.650001525878906,36.29999923706055,34.349998474121094,35.54999923706055,201793,0.0026774218372686
2021-10-20,MNOV,3.759999990463257,3.809999942779541,3.7200000286102295,3.7699999809265137,23200,0.000473023394269
2021-10-20,MNRO,51.26960518145362,52.563616767902005,51.26960518145362,51.573028564453125,101700,0.0033957274603164
2021-10-20,MNST,43.02000045776367,43.02000045776367,42.43999862670898,42.46500015258789,6481800,0.0066605766990325
2021-10-20,MOMO,9.13309268319525,9.279389392737418,8.993762641816527,9.24455738067627,2734000,0.0220642235152649
2021-10-20,MPWR,482.2551385348909,488.7437969968381,481.7875067604757,488.081298828125,212500,0.0044394768729369
2021-10-20,MRAM,6.099999904632568,6.139999866485596,6.050000190734863,6.070000171661377,61100,0.0027335239194527
2021-10-20,MRCY,52.459999084472656,52.97999954223633,52.33000183105469,52.90999984741211,306000,0.0051272427498106
2021-10-20,MREO,2.180000066757202,2.2100000381469727,2.134999990463257,2.150000095367432,238400,0.0014993710691823
2021-10-20,MRIN,44.220001220703125,45.0,43.619998931884766,44.27999877929688,117483,0.0373739044680208
2021-10-20,MRNA,334.010009765625,338.6000061035156,329.3599853515625,333.010009765625,4983200,0.0128890415130182
2021-10-20,MRSN,8.710000038146973,8.710000038146973,8.4399995803833,8.470000267028809,340500,0.0027320650560454
2021-10-20,MRTN,15.14885050765406,15.990452502912644,14.976704188956296,15.875689506530762,629500,0.007727292635555
2021-10-20,MRUS,28.270000457763672,29.225000381469727,28.15999984741211,28.46999931335449,365200,0.0052858210773302
2021-10-20,MRVL,66.693633931743,67.00896996023948,65.67864632496376,66.21077728271484,3979700,0.0045951569399028
2021-10-20,MSFT,300.24087940200315,300.71668634730685,297.23079375020643,298.4931030273437,16537100,0.0022245284778214
2021-10-20,MSTR,73.5,77.70700073242188,73.15699768066406,75.81800079345703,7379000,0.0299305996237676
2021-10-20,MTC,12.5,13.5,12.5,13.300000190734863,5090,0.0002020891812807
2021-10-20,MTCH,159.61142613285264,159.6805911470039,156.4887622042193,157.27931213378906,1588000,0.0063411188429812
2021-10-20,MTSI,65.11000061035156,66.12999725341797,64.75,65.4800033569336,123300,0.0016586001038474
2021-10-20,MU,65.78799334909381,67.74596943054405,65.60199070033451,66.83551025390625,19457800,0.0174108102081132
2021-10-20,MVIS,9.640000343322754,10.760000228881836,9.529999732971191,10.229999542236328,7917000,0.0323136273076427
2021-10-20,MXL,51.15999984741211,51.77999877929688,50.72999954223633,51.59000015258789,278400,0.0032231996276648
2021-10-20,MYGN,32.630001068115234,32.810001373291016,31.8700008392334,32.630001068115234,230300,0.0024986058582163
2021-10-20,NAVI,17.268803062365663,17.61678867972963,17.094809424020525,17.581989288330078,1421000,0.0138937776213383
2021-10-20,NBIX,103.6500015258789,104.5,102.80999755859376,103.37000274658205,669400,0.0067658396857836
2021-10-20,NCMI,33.58883164006823,33.58883164006823,31.28190648676928,31.55873680114746,70330,0.0007388210378581
2021-10-20,NDAQ,66.18277631600172,66.53798715933361,62.39918632419562,63.16351318359375,7260000,0.0126229032627429
2021-10-20,NDLS,12.93000030517578,13.260000228881836,12.84000015258789,13.229999542236328,296400,0.006456967708626
2021-10-20,NDSN,237.5984458194103,240.22378569364977,236.55022040305545,236.72332763671875,102100,0.0017940072076567
2021-10-20,NEO,45.58000183105469,45.68999862670898,44.220001220703125,44.43999862670898,662300,0.0051477960779436
2021-10-20,NEOG,41.09000015258789,41.560001373291016,41.04999923706055,41.18000030517578,154400,0.0007113961610409
2021-10-20,NERV,10.239999771118164,10.5600004196167,10.239999771118164,10.479999542236328,26888,0.0038447624263413
2021-10-20,NEXT,3.2699999809265137,3.3399999141693115,3.180000066757202,3.3399999141693115,223700,0.0008589244438301
2021-10-20,NFE,28.89703842441306,28.92373617142376,27.36630422373171,28.487653732299805,3283800,0.0119946524845491
2021-10-20,NFLX,625.5700073242188,637.4000244140625,617.1500244140625,625.1400146484375,10622000,0.024831855933754
2021-10-20,NICE,276.0,278.57000732421875,274.8999938964844,276.1099853515625,87200,0.0013786604858829
2021-10-20,NIU,25.790000915527344,26.76000022888184,25.38999938964844,25.75,687400,0.0099152715953576
2021-10-20,NKTR,16.600000381469727,16.65999984741211,16.219999313354492,16.239999771118164,626000,0.0033637106134204
2021-10-20,NMFC,9.72255100536116,9.898048311093534,9.70149084665553,9.729570388793944,232100,0.0021520430964942
2021-10-20,NMIH,24.479999542236328,24.88999938964844,24.280000686645508,24.690000534057617,191300,0.0024450814011438
2021-10-20,NMRK,14.035192094202882,14.27552071967361,13.956363600960714,14.237068176269531,507000,0.0031851336906781
2021-10-20,NNBR,5.179999828338623,5.380000114440918,5.179999828338623,5.300000190734863,96600,0.0019370557154172
2021-10-20,NNDM,5.800000190734863,5.980000019073486,5.78000020980835,5.840000152587891,4960000,0.0226238152145157
2021-10-20,NOTV,34.630001068115234,34.91999816894531,32.459999084472656,33.20000076293945,346100,0.0102186936252004
2021-10-20,NSIT,94.08999633789062,95.19000244140624,93.7300033569336,94.19000244140624,77200,0.0024192815485908
2021-10-20,NSSC,22.04374381592523,22.258615353982123,21.86794050765167,22.097461700439453,50600,0.0013900564264011
2021-10-20,NTAP,83.36104051278612,83.83817973074423,82.46182791049849,83.22340393066406,1314200,0.0063679579165491
2021-10-20,NTCT,27.290000915527344,27.71999931335449,27.1299991607666,27.549999237060547,225400,0.0031412574707297
2021-10-20,NTES,95.23688708669503,97.31135105650507,94.70884328217409,95.58577728271484,5030500,0.0078053478777373
2021-10-20,NTGR,33.04999923706055,33.790000915527344,32.93000030517578,33.119998931884766,141500,0.0049014683621475
2021-10-20,NTLA,134.82000732421875,137.74000549316406,128.77000427246094,129.13999938964844,472300,0.0045625356221683
2021-10-20,NTNX,36.43000030517578,36.43000030517578,35.750999450683594,36.209999084472656,1023900,0.0038396921946134
2021-10-20,NTRA,114.70999908447266,114.98999786376952,112.23999786376952,112.43000030517578,257400,0.001904043318095
2021-10-20,NTRS,110.64719913813556,112.12844716855048,108.10409955176895,111.99459838867188,1641200,0.0084176189401555
2021-10-20,NVAX,122.94000244140624,147.44000244140625,121.3499984741211,136.86000061035156,30517000,0.1897304220238243
2021-10-20,NVCR,119.08000183105467,119.41000366210938,116.01000213623048,117.9499969482422,294800,0.0026820725105763
2021-10-20,NVDA,22.263192160502346,22.390952498212,21.94079763235497,22.06157112121582,146276000,0.0059949182843768
2021-10-20,NVEE,25.497499465942383,25.684999465942383,25.26499938964844,25.450000762939453,111200,0.0017047971950567
2021-10-20,NWBI,11.069219276780656,11.253840446472168,11.0611921029868,11.253840446472168,443200,0.003475669529075
2021-10-20,NWE,48.6667764607024,49.44707176218152,48.6667764607024,49.09933090209961,209000,0.0034076716634981
2021-10-20,NWL,19.63430499160496,20.06563857671384,19.60842438415189,19.884477615356445,1749600,0.0041888928260182
2021-10-20,NWS,23.277776582363785,23.432767868041992,23.103410924065336,23.432767868041992,727300,0.0038478224065687
2021-10-20,NWSA,22.854663500629588,23.048181975762187,22.77725574146724,23.02882957458496,1897200,0.0050269468942434
2021-10-20,NXPI,185.00092821326112,188.0409781478439,183.335012272002,185.90447998046875,2100400,0.0082816812554214
2021-10-20,NXST,135.10128520873147,138.69120899381392,134.54622459906682,137.3483428955078,214500,0.0070306661597157
2021-10-20,NYMT,11.067462159507858,11.296444528462771,11.067462159507858,11.245559692382812,924775,0.0102109037026568
2021-10-20,OCFC,18.579385205659165,19.026458463487646,18.579385205659165,19.01786231994629,236900,0.0040578339833747
2021-10-20,OCGN,8.5,9.100000381469728,8.40999984741211,8.779999732971191,18253200,0.0625079585221005
2021-10-20,OCSL,14.725824612185942,14.825188900078745,14.686079149725916,14.745697975158691,358133,0.0043544496453633
2021-10-20,OCUL,11.449999809265137,11.710000038146973,11.239999771118164,11.34000015258789,513600,0.0032297417967325
2021-10-20,ODFL,152.39975542914192,154.51572915263876,151.56319929621893,154.11221313476562,977600,0.0045994967503162
2021-10-20,ODP,44.79999923706055,45.27000045776367,44.150001525878906,44.34999847412109,264600,0.0088737453174728
2021-10-20,OGI,9.399999618530272,9.720000267028809,9.039999961853027,9.520000457763672,1849125,0.0138222366739174
2021-10-20,OKTA,258.6600036621094,262.5,254.6199951171875,256.2799987792969,613500,0.0036998170921394
2021-10-20,OLED,176.7072227295134,177.75288669232347,174.5190830949359,174.8966827392578,272300,0.0057363632341881
2021-10-20,OLLI,66.23999786376953,66.83000183105469,65.9000015258789,66.69999694824219,851400,0.013900181221531
2021-10-20,OMCL,163.25,165.4499969482422,162.2100067138672,165.00999450683594,126200,0.0026940713352517
2021-10-20,OMER,6.099999904632568,6.679999828338623,5.820000171661377,6.400000095367432,2416900,0.0416248305745911
2021-10-20,OMEX,6.159999847412109,6.159999847412109,5.77899980545044,6.019999980926514,26000,0.0008915773374757
2021-10-20,ON,44.900001525878906,45.93000030517578,44.900001525878906,45.560001373291016,4768400,0.0112982144025592
2021-10-20,ONB,15.677598445926128,15.855956333517211,15.561667009654736,15.847038269042969,2010600,0.0062966628250739
2021-10-20,ONC,380.0,380.6799926757813,369.1099853515625,372.6000061035156,107400,0.0010862858934549
2021-10-20,ONCY,2.220000028610229,2.3299999237060547,2.2100000381469727,2.289999961853028,330000,0.0038184898219889
2021-10-20,OPCH,24.14999961853028,25.36000061035156,23.8799991607666,25.270000457763672,1267400,0.0077165680329266
2021-10-20,OPI,20.51857491959841,20.84043531775473,20.357645418133043,20.68682098388672,222800,0.0031908477549722
2021-10-20,OPK,3.75,3.75,3.680000066757202,3.7200000286102295,1442400,0.0018189429623069
2021-10-20,OPRA,7.171323461940232,7.235640202402079,6.9220955176135535,7.147204875946045,90000,0.001005576525178
2021-10-20,ORGO,11.109999656677246,11.199999809265137,10.93000030517578,11.109999656677246,534600,0.0042151575361907
2021-10-20,ORLY,642.5599975585938,648.4400024414062,639.6599731445312,644.4099731445312,328900,0.0057459316393113
2021-10-20,ORMP,22.739999771118164,22.799999237060547,21.3799991607666,22.1200008392334,540400,0.0132287242506211
2021-10-20,OSPN,20.424118123340147,20.79185248474145,20.32473220005896,20.513566970825195,111300,0.0029154595319547
2021-10-20,OSUR,10.960000038146973,11.239999771118164,10.859999656677246,11.220000267028809,465400,0.006006060261923
2021-10-20,OSW,11.0906978906249,11.15054020484504,10.941093531816527,11.100671768188477,98700,0.0009429906274183
2021-10-20,OTEX,46.100453645601206,46.27428176325741,45.86258818191879,46.118751525878906,248200,0.0009401515151515
2021-10-20,OTLK,42.400001525878906,43.400001525878906,42.20000076293945,42.79999923706055,20535,0.0006295179060827
2021-10-20,OVID,3.619999885559082,3.744999885559082,3.5999999046325684,3.619999885559082,160400,0.0022567710165318
2021-10-20,OXLC,4.251482142324696,4.340401944359625,4.251482142324696,4.334844589233398,698500,0.0015692926670209
2021-10-20,OXSQ,2.5527766099665983,2.5712751211653093,2.534278392791748,2.534278392791748,131700,0.001887103252661
2021-10-20,OZK,39.96328913509816,40.82003041414878,39.84727488840924,40.77540588378906,542800,0.0047780007746206
2021-10-20,PAA,8.60426343699238,8.75035947894996,8.481235654272371,8.742670059204102,3412000,0.0048481334970217
2021-10-20,PACB,25.5,25.76000022888184,25.01000022888184,25.209999084472656,1343700,0.0045113009145481
2021-10-20,PAGP,9.121325912292637,9.41732120513916,9.113536386542714,9.41732120513916,2045000,0.0103416538554899
2021-10-20,PANW,85.89666748046875,86.57499694824219,84.4183349609375,85.31999969482422,4914000,0.0074218399599741
2021-10-20,PARA,35.47566401716116,36.050058936476354,35.38449176622154,35.43919372558594,6878300,0.0109177978692334
2021-10-20,PASG,9.210000038146973,9.357000350952148,9.06999969482422,9.170000076293944,143800,0.0023138203297596
2021-10-20,PATK,52.75532721148683,53.0247804640015,51.72883513426406,51.84431457519531,188550,0.0056190992752241
2021-10-20,PAYS,2.6700000762939453,2.6700000762939453,2.559999942779541,2.609999895095825,94500,0.0017582147701203
2021-10-20,PAYX,110.68183452982989,110.89956734823356,110.03770337258452,110.58203887939452,901200,0.0025020058246429
2021-10-20,PBYI,5.940000057220459,5.989999771118164,5.840000152587891,5.909999847412109,363100,0.0073189708692462
2021-10-20,PCAR,49.23425473065621,49.82964843931422,49.09113407784378,49.76667404174805,2340600,0.004458837692913
2021-10-20,PCH,42.95635447820785,43.419454192076095,42.50922708090273,43.12402725219727,558200,0.0070887494155782
2021-10-20,PCRX,52.560001373291016,53.310001373291016,52.209999084472656,53.11000061035156,262200,0.0056659794883763
2021-10-20,PCTY,292.9599914550781,293.1700134277344,289.239990234375,290.1400146484375,132900,0.0023780042657352
2021-10-20,PDCO,28.27164368953871,28.79486603752256,28.165226903632817,28.59976577758789,549100,0.0062063571362369
2021-10-20,PDD,100.29000091552734,102.51000213623048,97.33999633789062,99.4000015258789,6847900,0.0049309099154765
2021-10-20,PDSB,12.039999961853027,12.34000015258789,11.760000228881836,12.050000190734863,256500,0.0056502900041633
2021-10-20,PEGA,129.59523950575226,130.6173140253186,128.88077758936078,129.50592041015625,73400,0.000854492937837
2021-10-20,PENG,25.625,26.052000045776367,25.26000022888184,25.295000076293945,769000,0.0143262739019628
2021-10-20,PENN,81.19999694824219,81.55999755859375,77.9800033569336,78.19000244140625,5352900,0.0350857989329208
2021-10-20,PEP,145.04264809796663,146.2168658275241,144.22972177024985,145.70201110839844,3716500,0.0027101823293702
2021-10-20,PERI,22.89999961853028,23.06999969482422,21.86000061035156,21.959999084472656,365100,0.0081066318510031
2021-10-20,PETS,24.00311760821761,24.11796431915204,23.755753258086536,23.87060165405273,228500,0.0110618933507612
2021-10-20,PFG,60.92192963793795,61.85020918868402,60.6567030548721,61.68223190307617,948000,0.0042138577245168
2021-10-20,PGEN,4.809999942779541,4.849999904632568,4.659999847412109,4.670000076293945,813700,0.0027672822609677
2021-10-20,PGNY,57.88999938964844,59.709999084472656,57.5,59.040000915527344,480700,0.0056279294034034
2021-10-20,PHAT,29.530000686645508,30.200000762939453,29.030000686645508,29.68000030517578,302800,0.0043482631359765
2021-10-20,PHIO,179.27999877929688,191.1600036621093,179.27999877929688,186.83999633789065,2352,0.000492240720781
2021-10-20,PHLT,3.380000114440918,3.400000095367432,3.2300000190734863,3.359999895095825,590800,0.0075445097984129
2021-10-20,PHUN,50.0,54.5,49.0,52.5,64760,0.0032105975499115
2021-10-20,PI,54.0099983215332,54.77000045776367,53.22999954223633,54.61000061035156,52100,0.0018256295969248
2021-10-20,PINC,35.623969360182095,36.26997885539588,35.579417801666054,35.65069961547852,498000,0.0054541033914009
2021-10-20,PLAB,12.270000457763672,12.529999732971191,12.239999771118164,12.489999771118164,388300,0.0061090247743531
2021-10-20,PLAY,35.255001068115234,37.04999923706055,35.04999923706055,35.779998779296875,1178800,0.0341529698423597
2021-10-20,PLCE,81.51000213623047,83.7300033569336,81.0999984741211,81.41999816894531,263600,0.020617911615174
2021-10-20,PLUG,33.45000076293945,33.810001373291016,32.529998779296875,32.91999816894531,19283600,0.0198456687117227
2021-10-20,PLYA,8.420000076293945,8.486000061035156,8.34000015258789,8.350000381469727,600800,0.0048850294337658
2021-10-20,PMCB,3.069999933242798,3.069999933242798,2.950000047683716,2.950000047683716,362600,0.0528286492708014
2021-10-20,PNFP,95.4701242102452,97.38626480841364,95.41234606942484,96.82778930664062,380100,0.0049129661772847
2021-10-20,POAI,25.200000762939453,25.600000381469727,24.0,24.799999237060547,60395,0.0067619312062089
2021-10-20,PODD,302.2799987792969,304.0400085449219,298.510009765625,298.69000244140625,204300,0.0029091749596901
2021-10-20,POET,8.899999618530273,8.899999618530273,8.199999809265137,8.600000381469727,42220,0.000551843486626
2021-10-20,POOL,448.94937822295344,450.8414111677326,442.6682087007777,445.4822387695313,200700,0.0053210386497765
2021-10-20,POWI,95.34989629881952,96.18028585845438,94.79952250852232,96.06441497802734,194800,0.0034267359284818
2021-10-20,POWW,6.239999771118164,6.389999866485596,6.199999809265137,6.320000171661377,904500,0.0076163931389307
2021-10-20,PPBI,35.2331337498955,36.067205050818025,35.20785993327634,36.033504486083984,332100,0.0034208336080163
2021-10-20,PPC,25.51012748964574,25.89999969199644,25.483544602644475,25.625316619873047,398700,0.0016797128436733
2021-10-20,PRAA,41.59000015258789,42.29999923706055,41.33000183105469,41.83000183105469,241100,0.006102314374228
2021-10-20,PRDO,10.329877951384669,10.349096768842394,10.08003882285616,10.137694358825684,412000,0.0062505404745252
2021-10-20,PRGS,47.88750985603905,48.21419044609242,47.618480075497175,48.127716064453125,357600,0.0083112536605773
2021-10-20,PRPL,20.69271263916927,20.872647662573545,20.44779806063028,20.632732391357425,524200,0.0048742386907806
2021-10-20,PRQR,7.78000020980835,7.960000038146973,7.650000095367432,7.760000228881836,220500,0.0020957486242194
2021-10-20,PRTA,62.09999847412109,62.220001220703125,59.56999969482422,59.959999084472656,375800,0.0069816263213628
2021-10-20,PRTS,15.34000015258789,15.880000114440918,15.199999809265137,15.420000076293944,787400,0.0135071386788941
2021-10-20,PSEC,5.610175238793088,5.6780125160189465,5.596607395177682,5.650877475738525,1327700,0.0029785019861046
2021-10-20,PSNL,19.89999961853028,19.920000076293945,19.51000022888184,19.600000381469727,182800,0.0020700229423768
2021-10-20,PSTV,26.25,26.549999237060547,25.950000762939453,26.549999237060547,9653,0.0005678368902797
2021-10-20,PTC,129.2100067138672,129.67999267578125,126.9499969482422,129.47999572753906,650900,0.0054095608523652
2021-10-20,PTCT,36.29999923706055,36.83000183105469,35.400001525878906,35.869998931884766,601300,0.0076239961252399
2021-10-20,PTEN,8.456732223243035,8.73279548720466,8.327903343620289,8.659178733825684,6320700,0.0163758044811177
2021-10-20,PTGX,29.440000534057617,30.290000915527344,28.559999465942383,29.989999771118164,803700,0.0130929244122682
2021-10-20,PTON,91.41000366210938,93.75,89.77999877929688,90.6500015258789,9689600,0.025915019277077
2021-10-20,PXLW,4.460000038146973,4.630000114440918,4.369999885559082,4.420000076293945,497900,0.0079217088871422
2021-10-20,PYPL,273.0,273.510009765625,253.1000061035156,258.3599853515625,31271700,0.0316117800354094
2021-10-20,PZZA,111.37166335944704,113.10898253286562,110.22868654736804,110.5761489868164,236300,0.0072242450923743
2021-10-20,QCOM,122.74797883974554,123.2204376694322,121.59923794890727,122.4330062866211,4804100,0.0043436708860759
2021-10-20,QDEL,132.58999633789062,132.6999969482422,128.5500030517578,131.10000610351562,599900,0.0088933890349953
2021-10-20,QFIN,19.15174370432567,19.886378459855045,19.049235884991088,19.74970245361328,1633400,0.0116409500543234
2021-10-20,QLYS,115.06999969482422,115.5500030517578,112.56999969482422,114.83999633789062,211700,0.0058035457279378
2021-10-20,QNCX,57.36000061035156,60.68000030517578,56.720001220703125,58.040000915527344,317300,0.007211101414494
2021-10-20,QNST,15.56999969482422,15.56999969482422,14.9399995803833,15.25,556900,0.0098621180620734
2021-10-20,QRVO,166.0500030517578,170.13999938964844,165.91000366210938,169.50999450683594,1051700,0.0112605571068816
2021-10-20,QTRX,51.0,51.61000061035156,49.81499862670898,50.18999862670898,113800,0.0029338214442238
2021-10-20,QUBT,5.429999828338623,5.480000019073486,5.184000015258789,5.409999847412109,164800,0.0012007724114261
2021-10-20,QURE,28.530000686645508,28.8700008392334,28.200000762939453,28.46999931335449,282300,0.0052203436217682
2021-10-20,QVCGA,8.97979999280154,9.215879976911488,8.892362467506867,9.145930290222168,2665800,0.0067628145518031
2021-10-20,RAIL,4.519999980926514,4.590000152587891,4.449999809265137,4.5,144500,0.0075820779616016
2021-10-20,RAPT,32.31999969482422,32.95199966430664,31.959999084472656,32.290000915527344,160100,0.0012128144719598
2021-10-20,RARE,78.44000244140625,79.18000030517578,76.80000305175781,76.95999908447266,847800,0.0090287832241757
2021-10-20,RAVE,1.25,1.2699999809265137,1.2300000190734863,1.25,368100,0.0250210718072813
2021-10-20,RBBN,6.199999809265137,6.340000152587891,6.190000057220459,6.329999923706055,247300,0.0014073205708952
2021-10-20,RCKT,29.8700008392334,30.299999237060547,28.450000762939453,28.989999771118164,600100,0.0056278720810278
2021-10-20,RDFN,50.70000076293945,52.09999847412109,50.52000045776367,51.88999938964844,593000,0.0046918640071525
2021-10-20,RDNT,29.1299991607666,29.88999938964844,29.1299991607666,29.780000686645508,165400,0.0022338764363258
2021-10-20,RDWR,34.810001373291016,35.2599983215332,34.709999084472656,35.040000915527344,157200,0.0036826631370573
2021-10-20,REAL,12.779999732971191,13.164999961853027,12.675000190734863,12.899999618530272,3449900,0.0310111733350112
2021-10-20,REG,60.20613048857819,61.785022948326905,59.95454788658739,61.72429656982422,722800,0.0039817987505922
2021-10-20,REGN,553.5286924925214,561.9977899664232,552.2902936306008,561.9878540039062,878000,0.0081668340960672
2021-10-20,REKR,12.710000038146973,12.710000038146973,12.0,12.4399995803833,581700,0.0052446984997114
2021-10-20,REPL,29.75,29.809999465942383,29.040000915527344,29.040000915527344,109600,0.0014231030918732
2021-10-20,REYN,24.971940385292022,25.39141296057552,24.93624156956468,25.159364700317383,193100,0.0009181334930914
2021-10-20,RGEN,264.29998779296875,270.69000244140625,264.29998779296875,268.25,346100,0.0061606540510616
2021-10-20,RGLD,94.86364206789015,95.56207930785612,93.86860149217104,94.9114761352539,239800,0.0036440446159924
2021-10-20,RGLS,4.900000095367432,4.900000095367432,4.699999809265137,4.699999809265137,297730,0.0044944854883656
2021-10-20,RGNX,34.70000076293945,35.68000030517578,34.369998931884766,34.79999923706055,250400,0.0049963186070966
2021-10-20,RGP,15.007421649646322,15.1890668794693,14.81712476146556,15.111218452453612,124700,0.0037708690537749
2021-10-20,RIGL,33.099998474121094,33.5,33.099998474121094,33.29999923706055,78120,0.0043732855623355
2021-10-20,RILY,46.00292836745068,46.4462758717808,45.54455179406678,46.175758361816406,119700,0.0039249633571716
2021-10-20,RIOT,30.950000762939453,32.83000183105469,30.39999961853028,31.440000534057617,21216200,0.0605817114400584
2021-10-20,RLMD,23.96999931335449,24.690000534057617,23.26000022888184,23.51000022888184,48800,0.001470251509418
2021-10-20,RMBS,22.26000022888184,22.3799991607666,22.1200008392334,22.3700008392334,233100,0.002169461869218
2021-10-20,RMNI,9.9399995803833,10.104999542236328,9.829999923706056,10.020000457763672,340900,0.0037340080616894
2021-10-20,RMTI,6.380000114440918,6.380000114440918,6.159999847412109,6.159999847412109,64336,0.0018890738734294
2021-10-20,ROAD,34.70000076293945,34.71500015258789,34.38199996948242,34.5,157200,0.0033316660873693
2021-10-20,ROKU,347.6400146484375,349.9599914550781,335.2699890136719,338.92999267578125,3307900,0.0256944228677955
2021-10-20,ROP,465.3370651312802,467.15963477474605,461.6526922128558,465.3860473632813,292100,0.0027201191972808
2021-10-20,ROST,104.46481280329618,106.30796893143469,104.3304164600393,104.82000732421876,1259700,0.0038308084361499
2021-10-20,RPAY,22.440000534057617,22.770000457763672,22.36000061035156,22.450000762939453,378000,0.0042568430441157
2021-10-20,RPD,125.22000122070312,125.98999786376952,123.77999877929688,125.2699966430664,224400,0.0035079546467111
2021-10-20,RRGB,20.5,21.100000381469727,19.959999084472656,20.450000762939453,518000,0.0296550737083154
2021-10-20,RRR,47.57667508995294,48.81385485237035,47.57667508995294,48.106895446777344,528700,0.0088031129752257
2021-10-20,RUN,51.790000915527344,52.255001068115234,50.68000030517578,51.720001220703125,3905100,0.0172631625480748
2021-10-20,RUSHA,29.93753326820302,31.01215079020236,29.86799891665145,30.32945251464844,261750,0.0041818443251533
2021-10-20,RVMD,27.540000915527344,27.94499969482422,26.770000457763672,26.93000030517578,261300,0.0014054961796322
2021-10-20,RYAAY,43.47861585687914,43.63327411073264,42.907569996497,43.35568237304688,1070072,0.0020127112331854
2021-10-20,RYTM,10.949999809265137,11.06999969482422,10.739999771118164,10.979999542236328,389300,0.0061575010636833
2021-10-20,SABR,11.68000030517578,11.704999923706056,11.4399995803833,11.470000267028809,3269500,0.0084686711334764
2021-10-20,SAGE,40.5,41.5,40.2400016784668,40.900001525878906,455700,0.007412058053802
2021-10-20,SAIA,261.9700012207031,267.0799865722656,259.5199890136719,266.489990234375,109000,0.0040926516252332
2021-10-20,SAIC,85.40676041234288,86.80749728514976,85.40676041234288,86.08330535888672,116500,0.0024404447684405
2021-10-20,SANM,38.790000915527344,39.02999877929688,38.16999816894531,38.29999923706055,272500,0.0050160790644506
2021-10-20,SATS,25.030000686645508,25.68000030517578,24.989999771118164,25.209999084472656,478700,0.0030843474373898
2021-10-20,SAVA,47.5,48.79999923706055,45.52999877929688,46.38999938964844,4042500,0.0836819650616151
2021-10-20,SBAC,316.36304948481364,321.03894960466187,316.36304948481364,320.277099609375,280000,0.0025919206131743
2021-10-20,SBCF,32.155776898559644,32.9422953251553,31.74422615339297,32.91485977172852,284500,0.0033230353887734
2021-10-20,SBGI,22.66189776386792,23.40836920833333,22.44282426930357,23.40025520324707,542500,0.0127066142318763
2021-10-20,SBLK,13.904434417310316,14.271145008717216,13.42771053190726,14.191690444946287,1852800,0.015818591626255
2021-10-20,SBRA,11.283235811947048,11.51260026023149,11.253640467549896,11.416415214538574,1446300,0.0060791638527293
2021-10-20,SBUX,104.39715115062914,106.29007953445206,104.0739701459031,105.13585662841795,7645200,0.006730344394184
2021-10-20,SCVL,30.6543170218842,31.85330055088397,30.41829672723189,31.060272216796875,137400,0.0050562293923692
2021-10-20,SCYX,5.269999980926514,5.28000020980835,5.170000076293945,5.25,87900,0.0022549389319439
2021-10-20,SDGR,55.8390007019043,56.334999084472656,55.209999084472656,55.97999954223633,440100,0.0068901058643395
2021-10-20,SEDG,310.760009765625,311.9800109863281,303.0,307.3599853515625,557100,0.0094773104240207
2021-10-20,SEIC,59.69977219271672,60.22378798011922,59.404416121698986,60.06182098388672,380800,0.0029996061441512
2021-10-20,SFIX,33.68000030517578,34.400001525878906,32.94499969482422,33.619998931884766,1232100,0.010948496481126
2021-10-20,SFM,22.40999984741211,22.46999931335449,22.25,22.26000022888184,1109500,0.0113009254638013
2021-10-20,SFNC,26.254265045812453,27.214361509869985,26.254265045812453,27.20563316345215,842200,0.0066884266869971
2021-10-20,SGBX,30.37974739074707,30.4735107421875,29.535865783691406,29.7233943939209,5226,0.0008179632620863
2021-10-20,SGMO,8.479999542236328,8.539999961853027,8.220000267028809,8.229999542236328,728900,0.003243736371323
2021-10-20,SGRY,42.720001220703125,43.41999816894531,42.25,42.470001220703125,148500,0.0011636745472639
2021-10-20,SHIP,10.36687662586667,10.36687662586667,9.97419189951576,10.131265640258787,277600,0.0132807715860379
2021-10-20,SHOO,39.76877423871298,40.35129856388784,39.250977973866455,39.32494735717773,354100,0.0048790169148806
2021-10-20,SHYF,34.77054762046991,35.44346470905989,34.3956376664692,35.36656188964844,280700,0.0080355430361012
2021-10-20,SIBN,22.40999984741211,23.3700008392334,22.34000015258789,22.6200008392334,333500,0.0078557278502629
2021-10-20,SIGA,5.676851771901368,5.741545177866699,5.62833171742737,5.709198474884033,91900,0.0012864500719628
2021-10-20,SIGI,73.10308108561654,75.13980226615426,72.53203905334122,74.21662139892578,112300,0.0018480029884002
2021-10-20,SIMO,64.69459189403983,65.10678099605953,64.21683504992818,64.72269439697266,150000,0.0044534701439361
2021-10-20,SIRI,55.6848088677873,57.53788075735699,55.6848088677873,57.44522857666016,2279410,0.0067285083754064
2021-10-20,SKYW,47.77999877929688,48.209999084472656,46.38999938964844,46.93000030517578,294000,0.0072374931686926
2021-10-20,SLAB,149.36000061035156,150.5,149.1300048828125,149.7100067138672,152600,0.004699288639793
2021-10-20,SLDB,32.70000076293945,33.0,32.25,32.400001525878906,34013,0.0004389170634767
2021-10-20,SLM,16.152698070805886,16.473732680787535,16.01510980994814,16.382009506225586,2179700,0.0103586581178423
2021-10-20,SLNO,12.0,12.0,11.699999809265137,11.90999984741211,6160,0.0001343297577484
2021-10-20,SLRX,186.0,186.0,174.0,174.8000030517578,2884,0.0016689814814814
2021-10-20,SLS,9.020000457763672,9.18000030517578,8.890000343322754,9.06999969482422,99400,0.0010941508675977
2021-10-20,SMCI,3.5390000343322754,3.5510001182556152,3.496999979019165,3.5350000858306885,1296000,0.0021837260966915
2021-10-20,SMSI,46.400001525878906,46.720001220703125,45.68000030517578,46.08000183105469,23950,0.0013474814193846
2021-10-20,SMTC,78.01000213623047,79.08999633789062,77.27999877929688,77.70999908447266,230100,0.0026600078535546
2021-10-20,SNBR,88.9000015258789,90.5,87.95999908447266,89.70999908447266,250800,0.0112019295189602
2021-10-20,SNDL,6.769999980926514,6.949999809265137,6.639999866485596,6.800000190734863,8126510,0.0315845297597301
2021-10-20,SNDX,18.3799991607666,18.46999931335449,18.030000686645508,18.26000022888184,209400,0.0024336386035051
2021-10-20,SNPS,314.0,316.44000244140625,312.67999267578125,315.5,562800,0.0036398913465269
2021-10-20,SNY,43.76742223028256,44.05208811523684,43.5183370358338,43.63398361206055,3034100,0.0012423075445534
2021-10-20,SONO,32.369998931884766,33.88999938964844,32.290000915527344,32.810001373291016,6002700,0.0504076988319071
2021-10-20,SPRO,17.139999389648438,17.309999465942383,16.950000762939453,17.079999923706055,44300,0.0007924780771583
2021-10-20,SPT,134.82000732421875,134.82000732421875,124.56999969482422,125.0,322700,0.0062242024457045
2021-10-20,SPTN,20.07982969728053,20.273157866730333,19.939227087477885,20.062253952026367,173300,0.0051202202906086
2021-10-20,SPWH,17.799999237060547,17.81999969482422,17.75,17.760000228881836,188400,0.004942274548073
2021-10-20,SRRK,26.549999237060547,26.89999961853028,26.040000915527344,26.56999969482422,89700,0.000947433795819
2021-10-20,SSNC,70.07543935598693,70.64717115043241,70.00873743446769,70.38036346435547,999700,0.0040571252323401
2021-10-20,SSP,18.11000061035156,18.700000762939453,18.06999969482422,18.670000076293945,146400,0.0019362391168548
2021-10-20,SSRM,15.534601700432788,15.688504732035666,15.274890563936538,15.457650184631348,843600,0.004165144318597
2021-10-20,SSSS,10.716084109012062,11.040814399719238,10.6917295888293,11.040814399719238,260100,0.0110436949885147
2021-10-20,SSYS,30.11000061035156,30.93000030517578,28.850000381469727,29.43000030517578,1653200,0.0198147016168662
2021-10-20,STAA,124.98999786376952,125.98999786376952,121.9800033569336,125.83000183105467,277600,0.0056279320593446
2021-10-20,STGW,8.170000076293945,8.390000343322754,8.020000457763672,8.350000381469727,121500,0.0004572069359985
2021-10-20,STIM,5.25,5.669000148773193,5.25,5.579999923706055,336800,0.0051174133359669
2021-10-20,STKL,7.880000114440918,8.140000343322754,7.760000228881836,8.010000228881836,972200,0.008294584886826
2021-10-20,STLD,59.985459742126295,62.653582361928414,59.81515373581989,61.55605316162109,2547800,0.0169970055169619
2021-10-20,STNE,37.77000045776367,39.540000915527344,37.709999084472656,39.459999084472656,5621700,0.0218426182029231
2021-10-20,STOK,23.18000030517578,24.14999961853028,22.299999237060547,22.6299991607666,100700,0.0018621354088653
2021-10-20,STRL,22.780000686645508,22.940000534057617,22.59000015258789,22.799999237060547,163800,0.0053851464641483
2021-10-20,STRO,18.8700008392334,18.96999931335449,18.459999084472656,18.51000022888184,100500,0.0011996376592927
2021-10-20,STX,71.5074013997727,72.35249603278852,70.84717058808394,70.89118194580078,1983200,0.0093676634455105
2021-10-20,SUPN,29.59000015258789,30.15999984741211,29.350000381469727,29.89999961853028,343300,0.0061507314407546
2021-10-20,SVC,8.891017987575308,8.986620241661377,8.795415733489241,8.970686912536621,454200,0.0027256853028167
2021-10-20,SVRA,1.25,1.2599999904632568,1.2400000095367432,1.25,160600,0.0009302972632253
2021-10-20,SWBI,19.119008715057543,19.13662864345527,18.775394063720512,18.80182647705078,482900,0.0109743265754146
2021-10-20,SWKS,150.607937048375,152.6190872874492,149.6754894656383,151.42153930664062,1380800,0.0089910462514838
2021-10-20,SWTX,57.650001525878906,59.29999923706055,57.650001525878906,58.810001373291016,169900,0.0022658046206944
2021-10-20,SXTC,24.5,27.0,24.325000762939453,26.25,17628,0.0012807974831617
2021-10-20,SY,4.06696553990238,4.158563774337715,4.048645893015313,4.076125144958496,311100,0.0036446752126939
2021-10-20,SYBX,2.5999999046325684,2.75,2.5899999141693115,2.740000009536743,201500,0.0172279648771812
2021-10-20,SYNA,175.3699951171875,177.30999755859375,174.0,175.8000030517578,140400,0.0035828574053375
2021-10-20,SYPR,4.050000190734863,4.130000114440918,3.9600000381469727,3.9800000190734863,92600,0.0040225890529973
2021-10-20,TANH,156.47999572753906,163.9199981689453,155.52000427246094,163.1999969482422,744,0.0006257832804838
2021-10-20,TAOP,29.200000762939453,32.0,28.799999237060547,31.700000762939453,55200,0.0041242967401618
2021-10-20,TBBK,29.790000915527344,30.90999984741211,29.75,30.89999961853028,324600,0.0067689587147736
2021-10-20,TBCH,29.65999984741211,29.799999237060547,28.780000686645508,29.170000076293945,260300,0.013033833889971
2021-10-20,TBPH,7.909999847412109,8.109999656677246,7.829999923706055,7.900000095367432,504100,0.0100817378748152
2021-10-20,TCBI,61.720001220703125,63.40999984741211,60.75,63.290000915527344,604700,0.0131101123692945
2021-10-20,TCMD,36.70000076293945,37.060001373291016,35.25,35.650001525878906,244500,0.0103313642471414
2021-10-20,TCOM,31.18842821713616,31.44717098789044,30.28282946855817,31.03915405273437,3779000,0.0057817971364048
2021-10-20,TCPC,9.31997721742729,9.42425658195757,9.274354529279762,9.306941986083984,122100,0.001435165499383
2021-10-20,TEAM,414.8999938964844,415.7000122070313,405.4299926757813,409.6900024414063,710200,0.0043306990584906
2021-10-20,TECH,124.36140778538564,125.512608910268,123.58737290957764,125.06149291992188,470400,0.0029755579171094
2021-10-20,TENB,51.59999847412109,52.0,51.060001373291016,51.29999923706055,522500,0.0043432361889245
2021-10-20,TER,114.80058599354707,115.36231919109156,113.38147490007846,115.25391387939452,884800,0.0055013588256817
2021-10-20,TFSL,14.853965797042749,15.048919588620263,14.846467409270009,14.996432304382324,123900,0.0004412408750389
2021-10-20,TGTX,31.8799991607666,32.099998474121094,31.13999938964844,31.8799991607666,683000,0.0043483517976786
2021-10-20,TH,3.660000085830689,3.670000076293945,3.5999999046325684,3.670000076293945,26500,0.0002681830539398
2021-10-20,TIGR,8.744999885559082,8.89799976348877,8.220000267028809,8.279999732971191,8857500,0.0524674330511407
2021-10-20,TILE,14.970456785084984,15.089112865682084,14.841912462022789,15.010008811950684,103600,0.0017676767676767
2021-10-20,TLRY,11.550000190734863,11.800000190734863,11.020000457763672,11.59000015258789,44082000,0.0442201423095304
2021-10-20,TLSA,1.4800000190734863,1.6799999475479126,1.4700000286102295,1.659999966621399,320900,0.0027463028892236
2021-10-20,TMUS,116.44955962859927,119.9504802725825,116.36154382246878,119.2463836669922,5875900,0.0051464430039359
2021-10-20,TNDM,128.4199981689453,129.68699645996094,126.55999755859376,127.37000274658205,404900,0.0060829315854231
2021-10-20,TOUR,1.3719999532736642,1.420309881351132,1.3623379906941069,1.4009859561920166,154600,0.0013813438170121
2021-10-20,TPIC,35.244998931884766,35.244998931884766,33.459999084472656,34.619998931884766,501800,0.0105400018063773
2021-10-20,TREE,153.07000732421875,153.64999389648438,149.47000122070312,150.1199951171875,472600,0.0352855094970732
2021-10-20,TRI,108.53208442734572,108.80780597490742,107.83360199413244,108.45856475830078,517600,0.0011491420083052
2021-10-20,TRIP,36.2599983215332,36.380001068115234,34.619998931884766,34.9900016784668,2814100,0.022057186750482
2021-10-20,TRMB,86.95999908447266,87.0,85.80000305175781,86.51000213623047,578900,0.002355243457883
2021-10-20,TRMK,29.501069888475488,30.136948638405016,29.501069888475488,30.101123809814453,191800,0.0031546519603086
2021-10-20,TROW,174.4875311336288,176.62361726162246,174.41001489970807,176.23602294921875,806000,0.0036266772257269
2021-10-20,TRUE,4.199999809265137,4.255000114440918,4.119999885559082,4.190000057220459,235200,0.0026875024281218
2021-10-20,TRUP,103.52999877929688,105.08999633789062,99.19000244140624,104.9000015258789,450800,0.0106093804055946
2021-10-20,TRVI,1.2100000381469729,1.2799999713897705,1.190000057220459,1.2699999809265137,505400,0.005227435867202
2021-10-20,TSCO,39.40855996695318,39.76289167874528,39.114248673113686,39.1703987121582,3985500,0.0074969666770581
2021-10-20,TSEM,30.940000534057617,31.56999969482422,30.89999961853028,31.32999992370605,344200,0.0030798965612892
2021-10-20,TSLA,288.45001220703125,289.8299865722656,285.7933349609375,288.6000061035156,42096300,0.0130875296399841
2021-10-20,TTD,82.16500091552734,82.98999786376953,79.3499984741211,79.55999755859375,2523300,0.0056290111807648
2021-10-20,TTEK,32.05696710782982,32.21527295981106,31.87491330218132,32.041133880615234,1121000,0.0041822740228924
2021-10-20,TTMI,13.550000190734863,13.550000190734863,13.420000076293944,13.470000267028809,887800,0.0087363832278761
2021-10-20,TTWO,172.69000244140625,174.8699951171875,171.52000427246094,173.5,628700,0.0035621203879974
2021-10-20,TVTX,24.540000915527344,25.93000030517578,24.540000915527344,24.76000022888184,382400,0.004307679330583
2021-10-20,TW,83.25375912954237,83.87475889460127,82.13004097156924,82.7017593383789,265900,0.0022836187498926
2021-10-20,TWST,120.0,120.0,115.80999755859376,117.72000122070312,302500,0.0050711554355242
2021-10-20,TXG,160.6199951171875,162.58999633789062,158.61000061035156,161.61000061035156,548600,0.0050681324772506
2021-10-20,TXN,179.17998861943667,180.9166127459457,178.23026863423874,180.3377380371093,3043300,0.00334458703585
2021-10-20,TXRH,81.74357174570848,85.27402182981152,80.35760818375977,82.91414642333984,1496700,0.0225311615583789
2021-10-20,UAL,46.900001525878906,46.900001525878906,45.58000183105469,45.95000076293945,19751200,0.0602714644923467
2021-10-20,UBSI,31.294928421023407,31.88311417827189,31.294928421023407,31.86581420898437,416800,0.0029051975489723
2021-10-20,UCTT,44.79999923706055,45.09999847412109,44.02999877929688,44.380001068115234,232500,0.0051515211943552
2021-10-20,UFPI,71.1833642956792,73.75892037535864,71.12570494522926,73.54749298095703,152000,0.0024989971130007
2021-10-20,ULTA,366.25,367.2799987792969,355.0,358.1499938964844,2328300,0.0513865745594191
2021-10-20,UMBF,93.56821915961304,96.0490873149708,92.8728261445779,95.96451568603516,203700,0.0028036534205397
2021-10-20,UNIT,9.08516901859155,9.92750248923496,9.009960378416546,9.78460693359375,4491000,0.0183884802669127
2021-10-20,UONEK,6.78000020980835,6.949999809265137,6.699999809265137,6.869999885559082,138700,0.0040629448880712
2021-10-20,UPBD,45.61840777169119,46.56062766513581,45.451642710256365,46.40220260620117,434700,0.0075700583035546
2021-10-20,UPLD,33.779998779296875,33.869998931884766,33.38999938964844,33.4900016784668,120200,0.0042672081737272
2021-10-20,UPWK,59.02999877929688,59.18000030517578,56.40999984741211,56.93999862670898,1416400,0.0104562232393326
2021-10-20,URBN,30.40999984741211,31.239999771118164,30.21999931335449,30.440000534057617,998900,0.0107801788890231
2021-10-20,URGN,17.139999389648438,17.295000076293945,16.389999389648438,16.559999465942383,25900,0.000561890381478
2021-10-20,USEG,3.739119589370863,3.805889517061847,3.65327231206522,3.796350955963135,162200,0.0047958369060642
2021-10-20,UTHR,189.94000244140625,194.22000122070312,189.17999267578125,192.2700042724609,437600,0.0097434550077707
2021-10-20,VANI,8.760000228881836,8.9399995803833,8.699999809265137,8.819999694824219,101633,0.0017155304686299
2021-10-20,VBTX,35.77787320433059,36.3504617527832,35.77787320433059,36.30572891235352,292400,0.0053681516594638
2021-10-20,VC,107.16999816894533,110.76000213623048,104.47000122070312,108.9800033569336,259700,0.0095899263307546
2021-10-20,VCEL,52.34999847412109,52.34999847412109,50.4900016784668,50.72999954223633,260100,0.0051878992897305
2021-10-20,VCTR,32.416040109157095,33.01205580601428,32.10024208957565,32.68291473388672,79600,0.0011842294439191
2021-10-20,VCYT,46.630001068115234,46.900001525878906,45.88999938964844,46.45000076293945,198400,0.0025453910972893
2021-10-20,VECO,23.559999465942383,23.600000381469727,23.190000534057617,23.420000076293945,137600,0.0023750140239745
2021-10-20,VERI,24.26000022888184,25.57999992370605,23.799999237060547,25.030000686645508,299500,0.0066801235655577
2021-10-20,VERU,8.470000267028809,8.489999771118164,8.25,8.420000076293945,455100,0.0031089463329325
2021-10-20,VFF,7.900000095367432,8.140000343322754,7.730000019073486,7.960000038146973,535400,0.0047660165395194
2021-10-20,VIAV,15.300000190734863,15.399999618530272,15.210000038146973,15.270000457763672,962000,0.0043306609643836
2021-10-20,VICR,148.92999267578125,150.9199981689453,148.92999267578125,149.63999938964844,88300,0.0026402581054129
2021-10-20,VIR,39.77999877929688,40.34999847412109,39.459999084472656,39.72999954223633,345600,0.002519997228003
2021-10-20,VIRT,22.75563308523045,23.050148448245068,22.59971299278908,22.876903533935547,839800,0.0096953772053577
2021-10-20,VKTX,5.840000152587891,5.855000019073486,5.78000020980835,5.809999942779541,450900,0.004015531352136
2021-10-20,VLY,11.510451334574746,11.817169207146538,11.4508111388471,11.808649063110352,1390800,0.0024834471143044
2021-10-20,VNDA,17.799999237060547,18.36000061035156,17.65999984741211,17.809999465942383,401400,0.0068831881473352
2021-10-20,VNET,18.82999992370605,19.65999984741211,18.63999938964844,19.229999542236328,943000,0.0035993052203498
2021-10-20,VNOM,19.380666889204,19.722491867208056,19.166033905352936,19.37271881103516,248800,0.0018945653084379
2021-10-20,VOD,11.627873115934175,11.82317348808878,11.620362114202743,11.755569458007812,3162300,0.0012678003775464
2021-10-20,VRA,10.140000343322754,10.1899995803833,9.989999771118164,10.06999969482422,118000,0.0042597893931244
2021-10-20,VRCA,12.520000457763672,13.06999969482422,12.5,12.989999771118164,54100,0.0005894530398779
2021-10-20,VRDN,16.6299991607666,17.079999923706055,16.299999237060547,16.549999237060547,60800,0.0007461495980855
2021-10-20,VREX,27.030000686645508,27.5,26.989999771118164,27.06999969482422,127600,0.0030947587979918
2021-10-20,VRME,3.7100000381469727,3.7548999786376953,3.5799999237060547,3.5999999046325684,6000,0.0004856412082753
2021-10-20,VRNA,5.03000020980835,5.230000019073486,4.940000057220459,4.980000019073486,54800,0.0006445686574773
2021-10-20,VRNS,64.0199966430664,64.42500305175781,62.41999816894531,63.459999084472656,433200,0.0038489560195468
2021-10-20,VRNT,46.93000030517578,46.93000030517578,46.36000061035156,46.56999969482422,233800,0.0037625747727247
2021-10-20,VRRM,14.59000015258789,14.81999969482422,14.5,14.609999656677246,483600,0.0030334583683556
2021-10-20,VRSK,208.00198122026043,208.0606756579543,204.9693208295366,207.32696533203125,382400,0.0027325022105828
2021-10-20,VRSN,215.4600067138672,216.8699951171875,214.1100006103516,214.2400054931641,472700,0.0049968287526427
2021-10-20,VRTX,185.9900054931641,187.8800048828125,185.0800018310547,185.4900054931641,1623500,0.0063151304472949
2021-10-20,VSAT,55.220001220703125,56.16999816894531,54.95000076293945,55.43000030517578,157400,0.0012190210656753
2021-10-20,VSTM,32.279998779296875,32.880001068115234,32.040000915527344,32.040000915527344,64867,0.0012597980190328
2021-10-20,VTGN,70.80000305175781,72.0,69.5999984741211,70.80000305175781,19587,0.0006786408473395
2021-10-20,VTRS,11.731837456060717,12.093346816680102,11.7232298948883,12.041702270507812,7193500,0.0060262715582943
2021-10-20,VUZI,10.239999771118164,10.789999961853027,10.199999809265137,10.609999656677246,1656800,0.0217306905344008
2021-10-20,VVPR,52.400001525878906,52.65999984741211,51.29999923706055,51.70000076293945,6360,0.0008324901534478
2021-10-20,VXRT,7.010000228881836,7.039999961853027,6.869999885559082,6.900000095367432,2125000,0.0093222610082873
2021-10-20,VYGR,4.559999942779541,4.630000114440918,4.230000019073486,4.260000228881836,1798400,0.0325756381901537
2021-10-20,WAFD,31.75175690991183,32.395737296802125,31.75175690991183,32.38679122924805,367200,0.0045026874864134
2021-10-20,WATT,43.0,43.0,40.0,40.59999847412109,413895,0.0135985504341797
2021-10-20,WB,37.9508815634653,38.92966619028418,37.29325954844326,38.9067268371582,814800,0.0052401075413096
2021-10-20,WBA,39.26547984297176,39.68997190410229,39.08588932353179,39.50221633911133,4936000,0.0057080874106716
2021-10-20,WBD,24.770000457763672,25.700000762939453,24.739999771118164,25.32999992370605,5875500,0.0023935130738584
2021-10-20,WDAY,277.5,279.69000244140625,274.5400085449219,277.260009765625,782800,0.0036409302325581
2021-10-20,WDC,41.47392272949219,42.91761016845703,41.23960876464844,42.637943267822266,4802622,0.0138076210957265
2021-10-20,WEN,18.865408104356337,19.613147709362263,18.84821827361052,19.2349796295166,4146600,0.0211308947481068
2021-10-20,WERN,43.649320549799846,44.49149218304491,43.02726125181097,43.85029220581055,775400,0.0125216391494199
2021-10-20,WING,162.4722792963615,162.4722792963615,157.16434252955364,158.93365478515625,270400,0.0096907489902483
2021-10-20,WIX,197.0599975585937,198.63999938964844,193.4900054931641,197.3500061035156,414000,0.0074369208991848
2021-10-20,WRAP,5.739999771118164,6.044000148773193,5.739999771118164,5.869999885559082,158300,0.0031349824833101
2021-10-20,WSBC,31.20594701553133,31.795708193756617,31.043550758322866,31.761518478393555,151500,0.0015835652063024
2021-10-20,WSC,33.72128921611896,34.38973096688125,33.262361331006936,33.591590881347656,2889500,0.0157401600113235
2021-10-20,WSFS,51.36476569180342,53.18146217415935,51.2595878167425,53.15277862548828,323700,0.0055809575040344
2021-10-20,WTFC,80.0516496384596,86.61588605845209,79.16637027259195,86.47461700439453,918400,0.0137256337868192
2021-10-20,WTW,234.2559456017844,235.7522026046661,232.0163081114908,232.6739044189453,1520800,0.0153027546568351
2021-10-20,WVE,4.650000095367432,4.860000133514404,4.480000019073486,4.489999771118164,476900,0.0031071237767613
2021-10-20,WW,18.200000762939453,18.479999542236328,17.8700008392334,17.90999984741211,816200,0.0101863159811691
2021-10-20,WWD,111.55566786468538,113.04945425069576,111.49708289447508,112.20980834960938,490300,0.0082597848042196
2021-10-20,WYNN,89.94607308524326,90.4843748005322,88.13540828439419,89.00648498535156,2256100,0.0212504827300385
2021-10-20,XAIR,10.0,10.289999961853027,9.449999809265137,9.720000267028809,508800,0.0057635712392357
2021-10-20,XEL,58.148201045167134,58.79954956680709,58.12143450997187,58.505104064941406,2486500,0.0043167577797402
2021-10-20,XENE,29.76000022888184,31.100000381469727,29.655000686645508,30.350000381469727,573000,0.0074860078282999
2021-10-20,XERS,1.9700000286102293,2.0199999809265137,1.950000047683716,2.0,1488300,0.0096680524879823
2021-10-20,XFOR,5.059999942779541,5.199999809265137,5.01800012588501,5.130000114440918,28600,0.0001646877267335
2021-10-20,XNCR,38.06999969482422,38.75,37.459999084472656,38.220001220703125,216400,0.0030711631068044
2021-10-20,XNET,3.150000095367432,3.180000066757202,3.059999942779541,3.140000104904175,208900,0.0033983946692869
2021-10-20,XP,33.76649395055886,34.70313970492366,33.15152772396824,33.993560791015625,4365300,0.0100571826157475
2021-10-20,XRAY,54.04258757608884,54.687508216146185,53.743493635875495,54.369720458984375,852100,0.0044312587325075
2021-10-20,XRX,15.913552147896883,16.17072506538354,15.866793841013791,16.014862060546875,1280400,0.010180083482409
2021-10-20,YI,5.889999866485596,6.050000190734863,5.760000228881836,5.860000133514404,242500,0.0488278300509621
2021-10-20,YMAB,26.21999931335449,26.489999771118164,25.950000762939453,26.13999938964844,66900,0.00147949277061
2021-10-20,YY,52.69566898052544,52.811834693475866,51.65015370224286,52.096954345703125,701419,0.0196293363034936
2021-10-20,Z,87.52999877929688,89.77999877929688,87.16999816894531,88.61000061035156,4341900,0.0238556748320372
2021-10-20,ZBRA,530.5499877929688,530.6300048828125,523.219970703125,527.0599975585938,163400,0.0031949444013194
2021-10-20,ZD,124.83999633789062,126.5999984741211,123.22000122070312,124.05999755859376,318000,0.007409668452288
2021-10-20,ZG,89.0,90.70999908447266,88.63999938964844,89.61000061035156,949600,0.0174773113357738
2021-10-20,ZION,55.42285390087928,57.44255750438915,55.33465847108828,57.41609954833984,1518300,0.0102891640701713
2021-10-20,ZKIN,2.880000114440918,2.970000028610229,2.7699999809265137,2.869999885559082,326900,0.0633042535268544
2021-10-20,ZLAB,101.91000366210938,102.87999725341795,98.5500030517578,99.7300033569336,230500,0.0021023924405082
2021-10-20,ZM,277.3500061035156,280.20001220703125,272.67498779296875,275.7099914550781,1740700,0.0066248277856854
2021-10-20,ZS,300.2080078125,301.7699890136719,294.3999938964844,297.6700134277344,789000,0.0050993701133944
2021-10-20,ZUMZ,39.869998931884766,41.59999847412109,39.47999954223633,40.31999969482422,269800,0.0140820075994822
2021-10-20,ZYME,22.809999465942383,23.645000457763672,22.600000381469727,23.100000381469727,1119900,0.0160958603269683
2021-10-20,ZYXI,11.38287025752041,11.598659052571346,11.274974916779648,11.29295825958252,130570,0.0043195908348055
