Date,Stock,Open,High,Low,Close,Volume,Turnover
2022-08-26,AACG,2.5199999809265137,2.569999933242798,2.430000066757202,2.470000028610229,33400,0.0010611967376143
2022-08-26,AAL,14.40999984741211,14.539999961853027,13.710000038146973,13.739999771118164,23177500,0.0352468764066815
2022-08-26,AAOI,2.809999942779541,2.809999942779541,2.549999952316284,2.559999942779541,211100,0.0042010117453203
2022-08-26,AAON,40.07291970711039,40.07291970711039,38.513173808827794,38.82907104492188,175800,0.0021618936122069
2022-08-26,AAPL,168.3303593412636,168.80405254539968,161.4123936253421,161.4716033935547,78961000,0.0052563221837802
2022-08-26,ABAT,11.15999984741211,11.234999656677246,10.649999618530272,10.725000381469728,27693,0.0003271161614968
2022-08-26,ABTS,1.5299999713897705,1.5299999713897705,1.3600000143051147,1.3899999856948853,34500,0.0145551196051132
2022-08-26,ABUS,2.3499999046325684,2.400000095367432,2.259999990463257,2.2799999713897705,803200,0.0041946939628159
2022-08-26,ACB,16.799999237060547,17.25,15.399999618530272,15.399999618530272,931050,0.0169639294440466
2022-08-26,ACET,15.020000457763672,15.210000038146973,14.31999969482422,14.350000381469728,444000,0.0053697249104441
2022-08-26,ACGL,45.05357333773532,45.1486617397174,44.21678161621094,44.21678161621094,610000,0.0016235667365776
2022-08-26,ACHC,85.37000274658203,86.02999877929688,82.4800033569336,82.63999938964844,783400,0.0085034050525465
2022-08-26,ACIU,3.1600000858306885,3.2300000190734863,3.109999895095825,3.180000066757202,48400,0.0004820237028184
2022-08-26,ACIW,24.850000381469727,24.850000381469727,24.100000381469727,24.1200008392334,548000,0.005202399939242
2022-08-26,ACLS,83.01000213623047,83.38999938964844,71.62999725341797,72.29000091552734,1640400,0.0509744941082881
2022-08-26,ACMR,18.690000534057617,18.690000534057617,17.219999313354492,17.270000457763672,1408800,0.0242445519456046
2022-08-26,ACRS,18.25,18.25,16.18000030517578,16.459999084472656,339000,0.0031345933350593
2022-08-26,ACTG,4.760000228881836,4.760000228881836,4.570000171661377,4.599999904632568,153800,0.0016006494182295
2022-08-26,ADAP,2.2100000381469727,2.240000009536743,2.049999952316284,2.0899999141693115,225600,0.0008770292965105
2022-08-26,ADBE,403.989990234375,405.5400085449219,380.5,381.0199890136719,3600100,0.0084469732519943
2022-08-26,ADI,158.81894772823526,159.42817831947087,150.88942150897628,151.04173278808594,4238300,0.0085453731632175
2022-08-26,ADIL,14.0,14.5,13.5,14.5,8580,0.0013050243437233
2022-08-26,ADMA,2.650000095367432,2.799999952316284,2.631999969482422,2.700000047683716,2166800,0.0091189526210398
2022-08-26,ADP,243.7747917100328,244.0388406233874,235.9475904909423,236.21163940429688,1718800,0.004224434688647
2022-08-26,ADPT,11.130000114440918,11.25,10.364999771118164,10.479999542236328,1080200,0.0072700596303724
2022-08-26,ADSK,218.8699951171875,220.3099975585937,207.4600067138672,207.7700042724609,1876200,0.0088084507042253
2022-08-26,ADTN,23.75067399776039,24.08996971038812,23.440461408733743,23.59556770324707,564300,0.0070571021235086
2022-08-26,AEHR,18.07999992370605,18.450000762939453,16.709999084472656,16.780000686645508,1523100,0.0511598379652955
2022-08-26,AEMD,12.199999809265137,12.300000190734863,11.300000190734863,11.5,47330,0.0022912219043331
2022-08-26,AEP,93.87269149866572,93.99956509815306,92.20529682068847,92.26873016357422,2004700,0.0037542042143269
2022-08-26,AGAE,1.4700000286102295,1.4830000400543213,1.4500000476837158,1.4600000381469729,30000,0.0006801795674057
2022-08-26,AGEN,56.7222785949707,56.918548583984375,52.01177597045898,52.4043197631836,252457,0.0099750679605512
2022-08-26,AGIO,28.229999542236328,28.299999237060547,26.64999961853028,26.799999237060547,558200,0.0097423563866364
2022-08-26,AGNC,8.431732516887084,8.458627969842139,8.310702657970246,8.317426681518555,5989000,0.0063235136708347
2022-08-26,AHCO,19.690000534057617,19.82999992370605,19.239999771118164,19.5,1371400,0.0101685358067704
2022-08-26,AHG,1.149999976158142,1.2330000400543213,1.0399999618530271,1.059999942779541,73800,0.0001862879018638
2022-08-26,AIOT,3.440000057220459,3.5,3.259999990463257,3.470000028610229,49400,0.0003728048660845
2022-08-26,AKAM,95.18000030517578,95.41000366210938,91.95999908447266,92.04000091552734,1477200,0.0101098444315863
2022-08-26,AKBA,0.3970000147819519,0.4000000059604645,0.3689999878406524,0.3759999871253967,2274000,0.0087049390400086
2022-08-26,AKRO,12.9399995803833,13.324999809265137,11.670000076293944,11.890000343322754,256000,0.0032152686678498
2022-08-26,ALDX,7.400000095367432,7.407999992370605,7.051000118255615,7.190000057220459,344400,0.0057680036577584
2022-08-26,ALEC,11.5600004196167,11.630000114440918,10.75,10.81999969482422,458500,0.0046272979454272
2022-08-26,ALGN,271.9599914550781,271.9599914550781,252.1199951171875,252.4499969482422,868500,0.0118630841909903
2022-08-26,ALGT,96.750527979183,97.88137655366528,94.62414566609984,94.82711791992188,221100,0.0120567337212282
2022-08-26,ALLK,3.990000009536743,3.990000009536743,3.7799999713897705,3.809999942779541,582000,0.0064396915144339
2022-08-26,ALLO,15.5600004196167,15.5600004196167,14.010000228881836,14.109999656677246,1029400,0.004737992948261
2022-08-26,ALNY,217.6699981689453,218.69000244140625,209.52999877929688,210.94000244140625,1589300,0.0122795089123598
2022-08-26,ALRM,69.7699966430664,69.7699966430664,67.37999725341797,67.44000244140625,139300,0.0028058146631511
2022-08-26,ALT,18.790000915527344,18.790000915527344,18.059999465942383,18.450000762939453,687600,0.0089282820551814
2022-08-26,ALTO,4.840000152587891,4.889999866485596,4.590000152587891,4.630000114440918,795600,0.0103849175701736
2022-08-26,ALTR,55.25,55.25,53.63999938964844,53.72999954223633,336423,0.0055395961838019
2022-08-26,AMAT,102.74224987131188,102.74224987131188,96.43094322249762,96.67556762695312,7757100,0.0095478930418954
2022-08-26,AMBA,87.33000183105469,88.38999938964844,83.91999816894531,84.31999969482422,690900,0.0162804507344936
2022-08-26,AMCX,28.3799991607666,28.799999237060547,27.6200008392334,27.6200008392334,397700,0.0121802567746361
2022-08-26,AMD,96.29000091552734,97.5999984741211,91.12000274658205,91.18000030517578,65552500,0.0403491868021721
2022-08-26,AMED,127.5199966430664,128.27999877929688,120.22000122070312,120.97000122070312,241400,0.0073574456801675
2022-08-26,AMGN,225.5679547880189,227.70301489185675,222.24057923448456,222.4254302978516,2969400,0.0055274988956171
2022-08-26,AMKR,20.93910796208084,20.94865633733338,19.917455485221087,19.92700386047364,366500,0.0014834693348876
2022-08-26,AMPH,31.440000534057617,31.729999542236328,30.809999465942383,31.01000022888184,208800,0.0043819425352727
2022-08-26,AMRX,2.549999952316284,2.569999933242798,2.4800000190734863,2.5199999809265137,777100,0.0024797211081825
2022-08-26,AMSC,5.760000228881836,5.809999942779541,5.420000076293945,5.480000019073486,122100,0.0030942962060025
2022-08-26,AMTX,9.93000030517578,10.329999923706056,9.460000038146973,9.489999771118164,613700,0.0115099035433698
2022-08-26,AMZN,136.5500030517578,137.8300018310547,130.5,130.75,53322700,0.0050245655418996
2022-08-26,ANAB,25.729999542236328,25.729999542236328,23.350000381469727,23.600000381469727,212600,0.0069325785540062
2022-08-26,ANGO,23.270000457763672,23.31999969482422,22.5,22.63999938964844,103900,0.0025586721501219
2022-08-26,ANSS,267.5,268.4200134277344,254.2899932861328,254.3099975585937,367700,0.0041950079747364
2022-08-26,ANY,4.626999855041504,4.900000095367432,4.445000171661377,4.500999927520752,71657,0.0028152341739577
2022-08-26,AOSL,44.70000076293945,44.84999847412109,41.72999954223633,42.0,359200,0.0122114567397586
2022-08-26,APA,37.54557738655649,38.33435216252595,36.87744295904763,37.28574752807617,6616500,0.0182946049371792
2022-08-26,APLS,59.43000030517578,59.43000030517578,54.97999954223633,55.83000183105469,1717400,0.0136827177411644
2022-08-26,APLT,1.5499999523162842,1.5499999523162842,1.4600000381469729,1.4800000190734863,112900,0.0009702980508095
2022-08-26,APPN,49.91999816894531,50.68999862670898,47.16999816894531,47.52999877929688,297100,0.0069162185441255
2022-08-26,APPS,21.5,21.65999984741211,19.57999992370605,19.61000061035156,1814700,0.0172817050291885
2022-08-26,AQST,1.5700000524520874,1.5700000524520874,1.399999976158142,1.440000057220459,337500,0.0034135250436425
2022-08-26,ARAY,2.680000066757202,2.690000057220459,2.5199999809265137,2.569999933242798,276300,0.002686932928786
2022-08-26,ARCB,89.89090195048908,90.04905223972516,86.2335813019769,86.31266021728516,170200,0.0073519565621179
2022-08-26,ARCC,15.744819512358552,15.760143288969,15.461336951844144,15.47666072845459,1607600,0.0023486510339581
2022-08-26,ARCT,16.610000610351562,16.829999923706055,14.9399995803833,15.010000228881836,422600,0.0155827107869527
2022-08-26,ARDX,1.0700000524520874,1.0700000524520874,1.0,1.0099999904632568,1544000,0.0064777056168084
2022-08-26,AREC,2.930000066757202,3.0,2.8350000381469727,2.9600000381469727,1209100,0.0156171500926566
2022-08-26,ARLP,18.96987577897787,19.474945656592578,18.843607955402643,18.932737350463867,427100,0.0033255987790824
2022-08-26,ARQT,24.049999237060547,24.96999931335449,23.46999931335449,24.459999084472656,616700,0.0051981658490534
2022-08-26,ARVN,46.68000030517578,46.68000030517578,43.54999923706055,44.220001220703125,322000,0.0046821446153359
2022-08-26,ARWR,42.619998931884766,42.68000030517578,39.959999084472656,40.060001373291016,611300,0.0044517433064656
2022-08-26,ASML,529.6309454472936,529.8076291526116,499.4168036195287,500.5653076171875,1229700,0.0031274160732451
2022-08-26,ASND,93.26000213623048,93.6999969482422,90.23999786376952,90.30999755859376,259700,0.0043193562712163
2022-08-26,ASRT,2.8299999237060547,2.8499999046325684,2.619999885559082,2.640000104904175,1445700,0.0150950521557701
2022-08-26,ATEC,8.239999771118164,8.239999771118164,7.650000095367432,7.829999923706055,711300,0.0049344777936428
2022-08-26,ATER,2.470000028610229,2.490000009536743,2.319999933242798,2.380000114440918,1344800,0.1536784317669134
2022-08-26,ATOM,13.25,13.25,12.25,12.380000114440918,103100,0.0033578796178987
2022-08-26,ATOS,0.9700000286102296,0.9800000190734864,0.949999988079071,0.959999978542328,489800,0.0037919021444607
2022-08-26,ATRC,49.34999847412109,49.619998931884766,46.869998931884766,47.040000915527344,241200,0.0048733278242369
2022-08-26,ATSG,31.8700008392334,32.150001525878906,30.86000061035156,30.96999931335449,203200,0.0030839043564702
2022-08-26,ATXS,8.949999809265137,9.029999732971191,8.609999656677246,9.0,100000,0.0017719751498204
2022-08-26,ATYR,3.690000057220459,3.880000114440918,3.4800000190734863,3.5299999713897705,119200,0.0013414571015073
2022-08-26,AUPH,7.980000019073486,7.989999771118164,7.652999877929687,7.71999979019165,1283100,0.0093425751262161
2022-08-26,AUTL,3.559999942779541,3.5999999046325684,3.359999895095825,3.390000104904175,79200,0.0002976000450187
2022-08-26,AVAV,100.7699966430664,101.04000091552734,96.52999877929688,97.12000274658205,145200,0.0051455058329907
2022-08-26,AVDL,7.070000171661377,7.179999828338623,6.760000228881836,6.829999923706055,386100,0.0039956783339232
2022-08-26,AVGO,51.917568694129606,52.12094828419003,49.18944733687456,49.27079772949219,25682000,0.0054619892304629
2022-08-26,AVT,42.83910106702219,42.932228126574834,41.55392704029204,41.60049057006836,850200,0.0098283790688587
2022-08-26,AVXL,10.5,10.5,9.59000015258789,9.6899995803833,874900,0.010285172845921
2022-08-26,AXGN,10.079999923706056,10.079999923706056,9.15999984741211,9.199999809265137,159900,0.0036059155958668
2022-08-26,AXON,127.6999969482422,127.6999969482422,122.0199966430664,122.23999786376952,266000,0.0034251203788172
2022-08-26,AXSM,70.51000213623047,71.9800033569336,66.45500183105469,67.12999725341797,1803400,0.0369811382660656
2022-08-26,AXTI,9.640000343322754,9.670000076293944,9.100000381469728,9.140000343322754,347000,0.0076099828939865
2022-08-26,AZN,64.35814712408632,64.50935915723109,62.66650035675876,62.67595291137695,4044800,0.001304622715909
2022-08-26,AZTA,59.630001068115234,59.650001525878906,56.0099983215332,56.040000915527344,376800,0.0082458704995666
2022-08-26,BAND,17.979999542236328,17.979999542236328,16.8439998626709,17.15999984741211,389400,0.0146030293598142
2022-08-26,BBIO,11.130000114440918,11.270000457763672,10.369999885559082,10.479999542236328,1749000,0.0091961158298793
2022-08-26,BCRX,14.90999984741211,15.0,14.229999542236328,14.260000228881836,1967700,0.0094166347626339
2022-08-26,BCYC,26.5,26.5049991607666,24.76000022888184,25.209999084472656,168800,0.0035380200920975
2022-08-26,BDTX,3.5199999809265137,3.5199999809265137,3.1700000762939453,3.309999942779541,211600,0.0037344120065934
2022-08-26,BEAM,62.209999084472656,62.209999084472656,56.15999984741211,56.2599983215332,1470700,0.0147305689102564
2022-08-26,BECN,60.72999954223633,60.959999084472656,57.900001525878906,58.119998931884766,511200,0.0082735314967129
2022-08-26,BGC,4.076717753729268,4.086517780681024,3.998319407279245,4.027719020843506,1677700,0.0044926638764823
2022-08-26,BGFV,10.521091035317063,10.788717898666633,10.136377020456573,10.33709716796875,558900,0.0246346021615331
2022-08-26,BHF,50.59000015258789,50.834999084472656,48.380001068115234,48.45000076293945,381100,0.0065638428880219
2022-08-26,BIDU,154.27000427246094,155.47999572753906,147.47000122070312,147.7100067138672,3317600,0.0119240335264603
2022-08-26,BILI,28.84000015258789,28.86000061035156,25.01000022888184,25.239999771118164,9334000,0.0278112150646564
2022-08-26,BJRI,27.3799991607666,27.39999961853028,25.86000061035156,25.8700008392334,302300,0.0133065119595742
2022-08-26,BKNG,1991.753743955784,1998.984623667928,1887.3650197284069,1890.29296875,383800,0.0116957995075452
2022-08-26,BKR,25.178400619749496,25.35710295290892,24.2566665644764,24.57645034790039,7216800,0.0072871205971687
2022-08-26,BKYI,30.600000381469727,31.31999969482422,30.600000381469727,31.13999938964844,267,7.173466235004904e-05
2022-08-26,BL,71.3499984741211,71.37000274658203,67.43000030517578,68.44000244140625,461700,0.0073196716373425
2022-08-26,BLBD,12.378000259399414,12.378000259399414,11.859999656677246,11.920000076293944,79200,0.0024664368395975
2022-08-26,BLDP,8.479999542236328,8.539999961853027,7.960000038146973,7.989999771118164,2731700,0.0091159981312153
2022-08-26,BLFS,24.280000686645508,24.38999938964844,22.86000061035156,23.09000015258789,231600,0.0048708263579847
2022-08-26,BLIN,1.6100000143051147,1.6100000143051147,1.5299999713897705,1.5499999523162842,188800,0.0180797885584049
2022-08-26,BLKB,56.84000015258789,56.880001068115234,54.34000015258789,54.47999954223633,384100,0.0078011231505082
2022-08-26,BLMN,19.62542407920823,19.732714732758765,19.10684803943613,19.11578750610352,1871200,0.0220320543312908
2022-08-26,BLNK,22.520000457763672,22.729999542236328,21.04400062561035,21.3799991607666,664700,0.0064710520935756
2022-08-26,BMRA,3.289999961853028,3.440000057220459,3.259999990463257,3.380000114440918,20200,0.0011015978622457
2022-08-26,BMRN,93.20999908447266,93.58000183105467,90.93000030517578,91.01000213623048,623700,0.0032526049000281
2022-08-26,BNTX,145.33999633789062,148.77999877929688,142.30999755859375,142.60000610351562,983900,0.0040928813765086
2022-08-26,BPMC,73.26000213623047,73.69999694824219,71.7300033569336,72.2300033569336,718100,0.0112368165743435
2022-08-26,BPOP,74.73542747418077,75.6304084109675,73.7481819854162,73.76663208007812,405600,0.0058495219140743
2022-08-26,BRKL,11.755008621841885,11.755008621841885,11.483064853285365,11.52692699432373,243400,0.002705632036533
2022-08-26,BRKR,60.38621265403062,60.60432200439684,57.54089388450517,57.56072235107422,711900,0.0046926603443609
2022-08-26,BRY,7.384451296571201,7.473242919167622,7.199470043182373,7.199470043182373,327400,0.0042192787791154
2022-08-26,BTAI,231.5200042724609,231.5200042724609,218.3999938964844,219.83999633789065,10925,0.0019979736797828
2022-08-26,BTCS,1.7899999618530271,1.7899999618530271,1.6299999952316284,1.6799999475479126,24600,0.0012189139773757
2022-08-26,BTOG,11.90999984741211,14.970000267028809,10.199999809265137,10.800000190734863,39017,0.0045662650884416
2022-08-26,BWEN,3.380000114440918,3.380000114440918,3.109999895095825,3.190000057220459,175100,0.0078450875235778
2022-08-26,BWIN,33.34000015258789,33.34000015258789,31.989999771118164,32.18000030517578,243200,0.0035684939546895
2022-08-26,BYND,27.165000915527344,27.229999542236328,24.61000061035156,24.790000915527344,3439500,0.0450304785445709
2022-08-26,BYSI,1.468999981880188,1.4900000095367432,1.2999999523162842,1.3300000429153442,272800,0.0067664939490975
2022-08-26,BZUN,8.989999771118164,9.25100040435791,8.489999771118164,8.529999732971191,868500,0.0160437290909661
2022-08-26,CABA,1.8799999952316284,2.0199999809265137,1.809999942779541,1.899999976158142,1188800,0.0234278158015572
2022-08-26,CAKE,30.929751255639363,31.28312885957244,29.39535494311213,29.506946563720703,794600,0.0160691137719949
2022-08-26,CALM,47.36964950947139,48.38262886010766,46.94900420973137,47.07777404785156,659700,0.0149098223568232
2022-08-26,CAMT,29.219628805418065,29.219628805418065,27.517608640732227,27.665184020996094,60600,0.001329107677461
2022-08-26,CAN,3.849999904632568,3.8949999809265137,3.549999952316284,3.559999942779541,2014400,0.0057041080270165
2022-08-26,CAPR,5.659999847412109,5.860000133514404,5.489999771118164,5.710000038146973,474300,0.0103838045051218
2022-08-26,CAR,176.1403925118957,178.1261132978953,167.72244121840163,167.78895568847656,387800,0.0110194872727479
2022-08-26,CARG,19.76000022888184,19.989999771118164,19.059999465942383,19.200000762939453,639200,0.0071475612681974
2022-08-26,CARM,13.248582420692996,13.248582420692996,12.432687187933467,12.490964889526367,40250,0.0009631928706976
2022-08-26,CASY,215.44250564265937,215.9548114189357,213.36375794632164,213.9844207763672,206700,0.0056779942698132
2022-08-26,CATY,40.47574955284196,40.56687219498004,39.55543346107434,39.57365798950195,301200,0.0043025925948781
2022-08-26,CBAT,1.4700000286102295,1.4700000286102295,1.399999976158142,1.4199999570846558,278000,0.0030909599694444
2022-08-26,CBRL,100.11884594533316,100.32101369340236,96.95442375213352,97.07748413085938,305900,0.0137399779908819
2022-08-26,CBSH,63.630260312199546,63.700941758334345,62.375673932741,62.41101837158203,340232,0.0025376433909631
2022-08-26,CCEP,47.10226607775736,47.37884943741575,45.50729840288085,45.52573776245117,1081900,0.0023530358899936
2022-08-26,CCOI,48.5184067396976,48.5184067396976,47.36773684496303,47.59267807006836,135600,0.0027460287887501
2022-08-26,CCRN,27.290000915527344,27.56999969482422,25.59000015258789,25.61000061035156,731000,0.0222780273431547
2022-08-26,CDLX,15.1899995803833,15.329999923706056,13.920000076293944,14.010000228881836,379300,0.0072698348810242
2022-08-26,CDNA,21.850000381469727,22.030000686645508,20.59000015258789,20.8700008392334,1060800,0.0191390667539904
2022-08-26,CDNS,184.4199981689453,184.4199981689453,177.47999572753906,177.8300018310547,1750100,0.0063799153600568
2022-08-26,CDW,182.3574201704527,182.3574201704527,174.08874924505747,174.3896026611328,986900,0.0074897356697807
2022-08-26,CDXS,7.849999904632568,8.050000190734863,7.349999904632568,7.369999885559082,784700,0.0094727862676734
2022-08-26,CDZI,4.199999809265137,4.199999809265137,3.7899999618530273,3.829999923706055,142600,0.0017435960139389
2022-08-26,CELH,38.24666595458984,38.33000183105469,35.75,36.9033317565918,6901800,0.0267946790110972
2022-08-26,CENTA,32.79199981689453,32.79199981689453,31.983999252319336,32.071998596191406,189000,0.0035535400027074
2022-08-26,CENX,9.289999961853027,9.34000015258789,8.5600004196167,8.569999694824219,1344200,0.0145644381364384
2022-08-26,CERS,4.599999904632568,4.630000114440918,4.289999961853027,4.300000190734863,1696800,0.0091328919748102
2022-08-26,CFFN,8.105598843170828,8.105598843170828,7.88675590138431,7.920423984527588,301000,0.0023125028810251
2022-08-26,CG,31.63881891082266,31.738971123513107,30.109229689942563,30.127439498901367,2018600,0.0055885470366847
2022-08-26,CGC,42.25,42.59999847412109,38.0,38.400001525878906,1168730,0.0074821705227845
2022-08-26,CGEN,1.2999999523162842,1.2999999523162842,1.2000000476837158,1.2300000190734863,957400,0.0102381487065969
2022-08-26,CGNX,44.64085737604909,45.05355995654969,43.52066037362289,44.07093048095703,1371700,0.0080988368660329
2022-08-26,CHDN,105.92501930808892,106.4549871836462,101.8338378102668,101.8585968017578,318400,0.0043326919570323
2022-08-26,CHEF,35.0,35.34000015258789,33.689998626708984,33.70000076293945,414300,0.0101077131390511
2022-08-26,CHKP,123.29000091552734,123.93000030517578,121.62999725341795,121.68000030517578,583300,0.005382535595973
2022-08-26,CHRD,122.25494581348173,123.14762831270204,120.1776042335267,121.4123306274414,302400,0.0050832499852915
2022-08-26,CHRS,12.640000343322754,12.800000190734863,11.760000228881836,11.890000343322754,1003500,0.0086585502644589
2022-08-26,CHRW,110.91582810969332,111.29771464639975,107.2925286722177,107.404296875,745900,0.0063090495402911
2022-08-26,CHTR,437.8800048828125,446.010009765625,425.3500061035156,425.7699890136719,1188700,0.0083703015195684
2022-08-26,CHX,22.33235477974192,22.60340266684448,21.606335433995497,21.80962181091309,1401800,0.0073469601677148
2022-08-26,CINF,95.76084276035844,96.1602723177704,93.56863280019655,93.6615219116211,496000,0.0031680134470929
2022-08-26,CKPT,13.399999618530272,13.5,12.800000190734863,13.0,23290,0.0002803872343941
2022-08-26,CLAR,26.004236750013288,26.07140607145294,21.38872519580202,21.39831924438477,6813200,0.1776019102136999
2022-08-26,CLDX,32.5,32.75,30.979999542236328,31.489999771118164,852900,0.0128480141239278
2022-08-26,CLIR,0.959999978542328,0.9900000095367432,0.949999988079071,0.949999988079071,50200,0.0009576716750478
2022-08-26,CLLS,3.289999961853028,3.3299999237060547,3.0999999046325684,3.109999895095825,58400,0.000582311297238
2022-08-26,CLMT,17.920000076293945,17.989999771118164,17.270000457763672,17.84000015258789,133600,0.0015497562706665
2022-08-26,CLNE,7.489999771118164,7.489999771118164,7.090000152587891,7.119999885559082,2088000,0.0093229268989659
2022-08-26,CLRB,5.5,5.599999904632568,5.329999923706055,5.329999923706055,12100,0.0002625873754066
2022-08-26,CLRO,0.2540086209774017,0.265554455915698,0.2501599863917681,0.2540086209774017,9200,0.0003542671867719
2022-08-26,CLSD,1.4700000286102295,1.4700000286102295,1.350000023841858,1.3899999856948853,116700,0.0015127572491016
2022-08-26,CMCSA,34.680059752880176,34.98322487127849,33.78894186428809,33.807315826416016,21742300,0.0057647724702692
2022-08-26,CME,174.3553920517891,175.1330616805812,171.4194682098351,171.56802368164062,1056400,0.0029313502414118
2022-08-26,CMRX,2.3399999141693115,2.3399999141693115,2.150000095367432,2.1600000858306885,1383400,0.0147478033938923
2022-08-26,CMTL,11.764376171946042,11.882314665080088,11.538326690470248,11.803689002990724,98400,0.0033530289709881
2022-08-26,CNDT,4.349999904632568,4.400000095367432,4.260000228881836,4.269999980926514,422400,0.0026101464499783
2022-08-26,CNVS,11.800000190734863,12.0,11.399999618530272,11.600000381469728,37910,0.0023723998097574
2022-08-26,CODX,3.630000114440918,3.670000076293945,3.5199999809265137,3.549999952316284,565800,0.0177201235209741
2022-08-26,COGT,16.3700008392334,16.649999618530273,15.949999809265137,16.25,709400,0.0062310057092665
2022-08-26,COHU,30.559999465942383,30.799999237060547,28.850000381469727,28.850000381469727,323600,0.0069598731909384
2022-08-26,COLB,27.24372426653149,27.364234749258703,26.512059928512045,26.62396240234375,617400,0.0029383907693066
2022-08-26,COLL,18.31999969482422,18.31999969482422,17.59000015258789,17.670000076293945,120800,0.0037595154955526
2022-08-26,COLM,73.16155846776675,73.46989083031718,70.47328223589425,70.6081771850586,271600,0.0049075941224513
2022-08-26,COMM,10.84000015258789,10.859999656677246,10.300000190734863,10.3100004196167,1496400,0.0069098316653444
2022-08-26,COO,78.48702707119135,78.6944894233128,74.12524496773312,74.1302490234375,1249200,0.0062473434287309
2022-08-26,COOP,45.16999816894531,45.34000015258789,44.36000061035156,44.61000061035156,357900,0.005593638349947
2022-08-26,CORT,27.68000030517578,28.3799991607666,26.3799991607666,26.71999931335449,672800,0.006377069846355
2022-08-26,COST,529.0892934384856,531.657765022899,511.4561738188841,511.6004943847656,1886800,0.0042525856658454
2022-08-26,CPB,47.126777550805855,47.126777550805855,46.30447878772313,46.31361389160156,2357300,0.0079055740236191
2022-08-26,CPIX,2.5799999237060547,2.5999999046325684,2.400000095367432,2.450000047683716,4900,0.0003507917871767
2022-08-26,CPRT,31.487499237060547,31.625,30.559999465942383,30.592500686645508,3316800,0.0034332098746866
2022-08-26,CPRX,14.329999923706056,14.609999656677246,13.960000038146973,14.020000457763672,2288100,0.0188398517908604
2022-08-26,CPSH,3.619999885559082,3.619999885559082,3.359999895095825,3.400000095367432,69300,0.0047707558859975
2022-08-26,CRDF,2.7799999713897705,2.7799999713897705,2.5199999809265137,2.619999885559082,360300,0.0054160660089621
2022-08-26,CRDL,1.100000023841858,1.100000023841858,1.059999942779541,1.0800000429153442,160100,0.0019380454914113
2022-08-26,CRIS,1.0299999713897705,1.0499999523162842,1.0099999904632568,1.0399999618530271,1044000,0.0997878075356999
2022-08-26,CRMD,3.839999914169312,3.859999895095825,3.7200000286102295,3.7300000190734863,165600,0.0025405864827298
2022-08-26,CRNC,20.51000022888184,20.57999992370605,19.93000030517578,20.170000076293945,328300,0.0075997129563184
2022-08-26,CRNT,2.309999942779541,2.3399999141693115,2.2699999809265137,2.299999952316284,391000,0.0044012150325154
2022-08-26,CRNX,21.32999992370605,21.32999992370605,19.46999931335449,19.520000457763672,587200,0.0063106877084826
2022-08-26,CRON,3.289999961853028,3.322999954223633,3.0999999046325684,3.130000114440918,1653900,0.0043235710711326
2022-08-26,CROX,80.7300033569336,81.25,76.83000183105469,77.11000061035156,1470000,0.0262236826613291
2022-08-26,CRSP,71.88999938964844,72.56999969482422,67.0469970703125,67.37000274658203,1141400,0.0133069857968037
2022-08-26,CRTO,27.989999771118164,28.84000015258789,26.405000686645508,27.36000061035156,126900,0.0023379896605216
2022-08-26,CRUS,85.79000091552734,86.1500015258789,82.66999816894531,82.72000122070312,412100,0.0077542718115943
2022-08-26,CRVS,1.0399999618530271,1.0499999523162842,0.9800000190734864,0.9900000095367432,160300,0.0023526545516453
2022-08-26,CRWD,202.63999938964844,202.6999969482422,194.5200042724609,194.5599975585937,3583600,0.0144574040563483
2022-08-26,CSCO,43.24720730190424,43.42173809367962,42.14489889623519,42.154083251953125,20309800,0.0051051583490425
2022-08-26,CSGP,72.11000061035156,72.44000244140625,70.1500015258789,70.31999969482422,745700,0.0017680545373955
2022-08-26,CSIQ,45.09999847412109,46.59000015258789,44.43999862670898,44.54999923706055,1316300,0.0198912276406915
2022-08-26,CSTL,32.5099983215332,32.93000030517578,29.882999420166016,30.940000534057617,218800,0.0075853963785625
2022-08-26,CSWC,15.187055018917247,15.245692243004893,14.879209242951683,14.923188209533691,125300,0.0024771755848941
2022-08-26,CSX,32.6527368707432,32.80676274807936,31.36280319766416,31.410934448242188,13515200,0.0071708185935531
2022-08-26,CTAS,107.27438166852367,107.43510010197473,103.71381829513676,103.85475158691406,2014000,0.0049877781109787
2022-08-26,CTLP,5.980000019073486,5.980000019073486,5.670000076293945,5.690000057220459,91700,0.0012555692781229
2022-08-26,CTMX,1.649999976158142,1.649999976158142,1.5199999809265137,1.5299999713897705,496800,0.006202254624425
2022-08-26,CTRM,15.199999809265137,15.5,14.399999618530272,14.399999618530272,116990,0.0121078205612506
2022-08-26,CTSH,64.39356498528588,64.43194676937252,61.96597387627584,62.08111190795898,2350900,0.0047529800896048
2022-08-26,CTSO,2.056999921798706,2.1070001125335693,1.950000047683716,1.9800000190734863,40000,0.00064
2022-08-26,CUE,2.9600000381469727,2.990000009536743,2.75,2.809999942779541,196200,0.0031737763894977
2022-08-26,CVBF,24.19765227317043,24.268639082969624,23.82497109860989,23.922576904296875,431900,0.003105139044661
2022-08-26,CVLT,57.43000030517578,58.11000061035156,55.459999084472656,55.52000045776367,142500,0.003238813026165
2022-08-26,CWST,84.2699966430664,84.52999877929688,82.08999633789062,82.13999938964844,115900,0.001858256253377
2022-08-26,CYBR,154.22999572753906,154.22999572753906,147.61000061035156,148.25,238600,0.0048242270823939
2022-08-26,CYCC,24.75,26.100000381469727,24.0,25.049999237060547,23440,0.0001130532083188
2022-08-26,CYRX,39.9900016784668,39.9900016784668,37.27000045776367,37.650001525878906,170700,0.0034201288709367
2022-08-26,CYTK,52.310001373291016,52.869998931884766,50.369998931884766,51.02000045776367,696000,0.005839514045038
2022-08-26,CZR,46.880001068115234,47.27899932861328,44.29999923706055,44.310001373291016,2335800,0.0110172493580016
2022-08-26,DAKT,4.289999961853027,4.289999961853027,4.239999771118164,4.269999980926514,77100,0.0015452728879767
2022-08-26,DBX,22.90999984741211,22.950000762939453,22.040000915527344,22.049999237060547,1760200,0.0081334470112165
2022-08-26,DDOG,109.83000183105467,113.0500030517578,106.41999816894533,106.7300033569336,3712400,0.0117015545554942
2022-08-26,DENN,10.079999923706056,10.15999984741211,9.630000114440918,9.65999984741211,451000,0.0087613474991306
2022-08-26,DGLY,12.600000381469728,12.600000381469728,12.0,12.199999809265137,24025,0.0003031496166321
2022-08-26,DHC,1.5617274596160522,1.5617274596160522,1.4864635559225952,1.4958715438842771,2503300,0.0103769752441592
2022-08-26,DIOD,79.8499984741211,79.8499984741211,75.13999938964844,75.38999938964844,112700,0.0024256903639611
2022-08-26,DKNG,17.450000762939453,17.6299991607666,16.3700008392334,16.530000686645508,16473100,0.0329490995207578
2022-08-26,DLPN,7.940000057220459,7.960000038146973,7.820000171661377,7.960000038146973,2950,0.0002642895538433
2022-08-26,DLTR,149.2100067138672,149.47999572753906,137.85000610351562,138.6999969482422,7136600,0.0331806778525247
2022-08-26,DNLI,31.38999938964844,31.709999084472656,29.299999237060547,29.34000015258789,724500,0.004989153738159
2022-08-26,DNTH,1.870000004768372,1.870000004768372,1.7999999523162842,1.7999999523162842,418300,0.0130206468923827
2022-08-26,DOCU,61.27999877929688,61.47999954223633,57.41999816894531,58.02000045776367,4519500,0.0223196207220109
2022-08-26,DOMO,24.0,24.71999931335449,19.799999237060547,20.690000534057617,4328600,0.1180230069337085
2022-08-26,DOX,83.32777002548382,83.96068527226788,81.46680403101111,81.55182647705078,287100,0.0025596676265791
2022-08-26,DPZ,392.26926837055527,392.47155473532064,375.8665248792297,375.9050598144531,450800,0.01314400676444
2022-08-26,DVAX,11.579999923706056,11.649999618530272,11.109999656677246,11.300000190734863,1921500,0.0154871001281524
2022-08-26,DXCM,87.7300033569336,88.87999725341797,84.2300033569336,84.48999786376953,3014600,0.0076882073987313
2022-08-26,DXLG,5.039999961853027,5.650000095367432,4.96999979019165,5.579999923706055,2540300,0.0474601540591388
2022-08-26,DYAI,2.6600000858306885,2.720000028610229,2.619999885559082,2.6600000858306885,8700,0.0002891258761012
2022-08-26,EA,131.59861244145844,133.72482591749338,129.92520952831663,130.10238647460938,9512600,0.036500164992441
2022-08-26,EBAY,44.426927044885446,44.59696448128065,42.0464065389094,42.06529998779297,3978200,0.0085369098712446
2022-08-26,ECPG,57.02999877929688,57.619998931884766,55.77999877929688,56.209999084472656,180400,0.0076146095824205
2022-08-26,EDIT,16.290000915527344,16.290000915527344,14.68000030517578,14.829999923706056,1780600,0.0214591385029634
2022-08-26,EEFT,94.81999969482422,94.81999969482422,91.33000183105467,91.91000366210938,529400,0.0122451339817502
2022-08-26,EHTH,7.78000020980835,7.809999942779541,7.309999942779541,7.389999866485596,315600,0.0105401668525779
2022-08-26,EKSO,2.359999895095825,2.380000114440918,2.3499999046325684,2.3499999046325684,13500,0.0005438110276819
2022-08-26,ENPH,300.0,305.6600036621094,288.1600036621094,288.5899963378906,2459100,0.018745140487552
2022-08-26,ENSG,89.78368954964458,89.78368954964458,86.01661040988097,86.40425109863281,183200,0.0031791150190625
2022-08-26,ENTG,105.44275550590449,105.96734512708343,98.96950172343698,99.0882797241211,1431300,0.0094587008787254
2022-08-26,EOLS,10.0,10.279999732971191,9.670000076293944,9.6899995803833,486200,0.0076462410437386
2022-08-26,EPIX,2.950000047683716,2.950000047683716,2.640000104904175,2.6700000762939453,134300,0.0030255516055924
2022-08-26,EQ,2.859999895095825,3.059999942779541,2.859999895095825,2.930000066757202,14100,0.0003947445778612
2022-08-26,EQIX,655.9691152554717,656.1974246474114,636.7903134303289,638.0936279296875,364100,0.003722207246611
2022-08-26,ERIC,6.707160622660338,6.72519060700074,6.481785603470954,6.490800380706787,5047000,0.0016434814665256
2022-08-26,ERII,23.770000457763672,23.950000762939453,23.07999992370605,23.14999961853028,195500,0.0035574366803565
2022-08-26,ERNA,9.0,9.0,8.0,8.0,37650,0.0007206445030998
2022-08-26,ESPR,8.260000228881836,8.270000457763672,7.519999980926514,7.659999847412109,1586400,0.0080182364537899
2022-08-26,ETNB,4.800000190734863,5.289999961853027,4.800000190734863,4.949999809265137,877900,0.0060136727312582
2022-08-26,ETSY,109.56999969482422,111.23999786376952,103.5199966430664,104.25,2608500,0.0243621114763897
2022-08-26,EVER,9.020000457763672,9.057000160217283,8.720000267028809,8.880000114440918,98100,0.0030542003816972
2022-08-26,EVRG,63.05040442849633,63.25630822818024,62.07461015520077,62.19994735717773,608200,0.0026441984633633
2022-08-26,EWBC,71.1852161906986,71.43675091764922,68.87479129008418,68.88410949707031,515600,0.0037416276364686
2022-08-26,EXAS,39.79999923706055,39.90999984741211,36.880001068115234,36.90999984741211,2335900,0.0125751656719801
2022-08-26,EXC,41.929128930344746,41.99283690188396,40.65496255591235,40.691368103027344,7581700,0.007510054322089
2022-08-26,EXEL,18.670000076293945,18.670000076293945,18.15999984741211,18.229999542236328,2234300,0.0079830358754766
2022-08-26,EXLS,34.98400115966797,34.992000579833984,34.060001373291016,34.097999572753906,689500,0.0042481749421484
2022-08-26,EXPE,108.5821125172311,109.26068867112346,103.03375947938036,103.19342803955078,1461900,0.0118531791720044
2022-08-26,EXPI,14.052393735637452,14.244761260230009,12.984758377075195,12.984758377075195,769200,0.0050601934083283
2022-08-26,EXTR,14.279999732971191,14.4399995803833,14.020000457763672,14.210000038146973,1245800,0.009384203984784
2022-08-26,EYE,34.97999954223633,35.209999084472656,33.14500045776367,33.56999969482422,758700,0.0096301885734861
2022-08-26,EYPT,10.8100004196167,10.93000030517578,10.119999885559082,10.279999732971191,135800,0.0019758820174366
2022-08-26,EZPW,9.3100004196167,9.43000030517578,9.06999969482422,9.079999923706056,212500,0.0040890233295618
2022-08-26,FANG,120.4721199897914,122.27591297707376,118.56168956174044,119.00597381591795,2587000,0.0087968360280101
2022-08-26,FAST,49.881352482053245,50.0497760130616,47.58892426053175,47.68249130249024,3072100,0.0053557105301445
2022-08-26,FATE,31.0,31.020000457763672,27.43000030517578,27.530000686645508,1407000,0.0122778083195895
2022-08-26,FCEL,136.1999969482422,138.60000610351562,124.1999969482422,126.0,429487,0.0203126684891079
2022-08-26,FFBC,20.48236399560238,20.48236399560238,19.899968217156072,19.971649169921875,369100,0.003868007771646
2022-08-26,FFIN,41.88796486412715,42.34029790383221,41.03983816791552,41.17176818847656,300600,0.0021023477139325
2022-08-26,FFIV,167.42999267578125,167.42999267578125,160.13999938964844,160.1699981689453,351600,0.0060986291960598
2022-08-26,FGEN,13.600000381469728,13.600000381469728,13.039999961853027,13.25,600500,0.0059504345154929
2022-08-26,FHB,24.03186821016228,24.04077240373759,23.37297317030044,23.435300827026367,270800,0.0021458683318013
2022-08-26,FIBK,34.79883104801625,34.90102934694487,34.228217110611965,34.2452507019043,482200,0.0046715300181164
2022-08-26,FITB,32.45086745290177,32.51320419560459,31.12398147583008,31.12398147583008,2578900,0.003880314904444
2022-08-26,FIVE,133.8800048828125,135.89999389648438,126.87000274658205,127.13999938964844,674700,0.0122562643734536
2022-08-26,FIVN,104.18000030517578,104.18000030517578,99.98999786376952,100.3499984741211,859400,0.0112718248971711
2022-08-26,FIZZ,53.20464776947858,53.7086042569668,52.49537844492055,52.71002578735352,81600,0.0008716067686247
2022-08-26,FLEX,14.114543914794922,14.212509155273438,13.662396430969238,13.677468299865724,2998622,0.0078271951338998
2022-08-26,FLGT,47.77999877929688,48.345001220703125,46.290000915527344,46.400001525878906,319900,0.0103642554680438
2022-08-26,FLWS,9.40999984741211,9.649999618530272,8.899999618530273,8.9399995803833,734400,0.0201024282222325
2022-08-26,FNKO,23.61000061035156,23.73500061035156,22.450000762939453,22.600000381469727,475800,0.0088295386853674
2022-08-26,FOLD,12.229999542236328,12.279999732971191,11.229999542236328,11.300000190734863,3074300,0.0100061840906132
2022-08-26,FORM,33.68000030517578,33.7400016784668,31.739999771118164,31.799999237060547,336100,0.0043606536958518
2022-08-26,FOSL,4.670000076293945,4.769999980926514,4.369999885559082,4.400000095367432,428700,0.0080493891138912
2022-08-26,FOX,30.86926848640602,31.20345333810926,30.21044171827433,30.286827087402344,1019700,0.0043284476873244
2022-08-26,FOXA,33.55551638252815,33.910042512113755,32.76022398745596,32.808135986328125,2308400,0.0105964273789796
2022-08-26,FOXF,101.2699966430664,102.5,96.37000274658205,97.05999755859376,192400,0.0046125372790824
2022-08-26,FRHC,60.08000183105469,60.9900016784668,58.29999923706055,58.68999862670898,115200,0.0019003566467943
2022-08-26,FRPT,47.34000015258789,47.470001220703125,44.709999084472656,45.31999969482422,1027100,0.0210822971103438
2022-08-26,FRSX,4.739999771118164,4.769999980926514,4.326000213623047,4.380000114440918,14600,0.0007565746858401
2022-08-26,FSLR,125.5,126.16999816894533,120.97000122070312,121.75,3381400,0.0315311450951137
2022-08-26,FTAI,16.78798823942285,16.800084692457848,15.755023924199616,15.931838035583496,239900,0.0023393238486216
2022-08-26,FTDR,25.290000915527344,25.440000534057617,22.989999771118164,23.09000015258789,1312200,0.0177579885777239
2022-08-26,FTEK,1.340000033378601,1.340000033378601,1.2599999904632568,1.2999999523162842,61300,0.001996202980953
2022-08-26,FTNT,51.220001220703125,51.220001220703125,49.41999816894531,49.56999969482422,7008600,0.0091142221377737
2022-08-26,FULC,7.670000076293945,7.859000205993652,7.03000020980835,7.199999809265137,331800,0.006146800718053
2022-08-26,FULT,14.701949216443664,15.243834316674109,14.701949216443664,14.773015975952148,578600,0.0031756311745334
2022-08-26,FUTU,49.312246595399074,49.43436707109528,44.64724665989674,45.27250289916992,9364500,0.1001777943234187
2022-08-26,FWONK,67.63028717041016,68.32350158691406,67.27630615234375,67.33529663085938,590979,0.0026520090467685
2022-08-26,FWRD,104.23011236446088,104.23011236446088,100.56253630739695,100.996337890625,139300,0.0045817997625226
2022-08-26,GALT,1.9700000286102293,2.0299999713897705,1.919999957084656,1.9800000190734863,36400,0.0005761271278321
2022-08-26,GBDC,10.40891044057902,10.423696163218274,10.275841756913968,10.290627479553224,409900,0.0015438852411832
2022-08-26,GDS,30.32999992370605,30.780000686645508,28.290000915527344,29.06999969482422,1647300,0.008718225922052
2022-08-26,GDYN,23.59000015258789,24.270000457763672,21.290000915527344,21.309999465942383,945300,0.0112752628866963
2022-08-26,GEN,22.143788990659782,22.162699576270057,21.42520296818375,21.463024139404297,2860100,0.0046407519006557
2022-08-26,GERN,2.4100000858306885,2.4200000762939453,2.319999933242798,2.390000104904175,4536400,0.007122479567948
2022-08-26,GEVO,3.259999990463257,3.2799999713897705,3.0799999237060547,3.109999895095825,4042400,0.0168707482993197
2022-08-26,GGAL,7.377397410764226,7.597365062252624,7.275873693114477,7.394317626953125,943300,0.0071190840962091
2022-08-26,GH,53.68000030517578,53.68000030517578,49.70000076293945,50.27000045776367,697600,0.0056521985723661
2022-08-26,GIII,23.61000061035156,23.770000457763672,22.46999931335449,22.46999931335449,283700,0.0064648886134101
2022-08-26,GILD,57.281289374871776,57.30831200034235,56.16430722674871,56.18232345581055,5501300,0.0044129372222656
2022-08-26,GILT,6.869999885559082,6.880000114440918,6.690000057220459,6.71999979019165,90200,0.0015806702602673
2022-08-26,GLBS,1.7200000286102295,1.7400000095367432,1.659999966621399,1.6799999475479126,167800,0.008152636002779
2022-08-26,GLDD,10.260000228881836,10.260000228881836,9.899999618530272,9.989999771118164,434800,0.0064548018975573
2022-08-26,GLNG,28.04946667200081,28.058854258835208,26.951144079363782,27.551937103271484,1174200,0.0112232608820324
2022-08-26,GLPI,43.58006981548099,43.59694208315921,42.43278135781007,42.44965362548828,1843600,0.0067080738254306
2022-08-26,GLYC,0.8999999761581421,0.9300000071525574,0.8500000238418579,0.8600000143051147,247300,0.0038332824399082
2022-08-26,GMAB,36.7400016784668,36.810001373291016,35.119998931884766,35.13999938964844,595600,0.0009771190608485
2022-08-26,GNPX,78.4000015258789,80.0,74.80000305175781,74.80000305175781,3578,0.0001481401742241
2022-08-26,GNTX,27.333306990765152,27.409683607530543,26.359505582246943,26.36905288696289,574300,0.002538207918254
2022-08-26,GO,39.84999847412109,40.290000915527344,39.02000045776367,39.11000061035156,901000,0.0092545131209891
2022-08-26,GOGL,8.232876642505238,8.423048773838724,8.003085128224724,8.27249526977539,6098400,0.030587125961741
2022-08-26,GOGO,16.649999618530273,16.690000534057617,16.290000915527344,16.299999237060547,454500,0.0034602207841644
2022-08-26,GOOG,115.2640478928476,116.05032459850652,110.69568964337142,110.77531433105467,31698700,0.0057665454555319
2022-08-26,GOOGL,114.17414361532892,114.57224186477184,109.66569935363756,109.81497955322266,37245700,0.0063853420896043
2022-08-26,GOSS,14.06999969482422,14.140000343322754,13.539999961853027,13.649999618530272,702300,0.0030908235802438
2022-08-26,GPRE,38.59000015258789,39.31999969482422,37.720001220703125,37.959999084472656,646900,0.0099939131213946
2022-08-26,GPRO,6.380000114440918,6.380000114440918,6.054999828338623,6.099999904632568,1644000,0.0125334492143722
2022-08-26,GREE,28.0,28.0,25.89999961853028,26.200000762939453,38920,0.0044720057267411
2022-08-26,GRFS,8.15999984741211,8.1899995803833,7.920000076293945,7.960000038146973,505000,0.0019556663981659
2022-08-26,GRPN,10.600000381469728,10.65999984741211,9.949999809265137,10.109999656677246,710300,0.017841847333268
2022-08-26,GRWG,5.260000228881836,5.380000114440918,4.869999885559082,4.920000076293945,1174900,0.0197601668404588
2022-08-26,GSAT,27.600000381469727,30.0,26.549999237060547,29.850000381469727,1270767,0.010039081385979
2022-08-26,GSIT,3.7699999809265137,3.7699999809265137,3.539999961853028,3.539999961853028,15800,0.0006171441070549
2022-08-26,GSM,7.013757904794501,7.02360891399353,6.560621815522532,6.678831577301025,1619700,0.0086206991987949
2022-08-26,GT,15.210000038146973,15.34000015258789,14.56999969482422,14.619999885559082,3613300,0.0126731770546898
2022-08-26,GTEC,3.569999933242798,3.6470000743865967,3.450000047683716,3.4800000190734863,11000,0.0008091507594983
2022-08-26,GWAV,520.5,520.5,481.5,490.5,1467,3.695903014667722e-05
2022-08-26,HAIN,23.520000457763672,23.59000015258789,21.280000686645508,21.280000686645508,1774000,0.0196571857717965
2022-08-26,HALO,42.68999862670898,42.68999862670898,40.119998931884766,40.290000915527344,1531100,0.0123942590239045
2022-08-26,HAS,74.22932528106142,74.33583877147403,71.39791107177734,71.39791107177734,496400,0.0035425260123032
2022-08-26,HBAN,12.38565765698991,12.403188230872011,11.956148147583008,11.956148147583008,9266700,0.006343796203664
2022-08-26,HCAT,12.220000267028809,12.4399995803833,12.020000457763672,12.039999961853027,803600,0.0114455651995567
2022-08-26,HCM,13.369999885559082,13.5600004196167,12.34000015258789,12.40999984741211,161600,0.0009451564102847
2022-08-26,HCSG,14.422908911867268,14.48197926062761,13.901124743198164,13.97003936767578,303900,0.0041353861468183
2022-08-26,HDSN,10.800000190734863,11.15999984741211,10.420000076293944,10.479999542236328,815100,0.0185144383544841
2022-08-26,HEES,33.26496056293953,33.44461652569281,31.685865917004342,31.714235305786133,109900,0.0030016496782581
2022-08-26,HELE,136.33999633789062,136.33999633789062,128.82000732421875,128.97999572753906,157500,0.0068910599981623
2022-08-26,HIMX,6.062392482021945,6.116440505944316,5.747112127707029,5.765128135681152,1726800,0.0098723369845505
2022-08-26,HIVE,4.880000114440918,4.880000114440918,4.309999942779541,4.329999923706055,1929400,0.0124155416275208
2022-08-26,HLIT,11.449999809265137,11.460000038146973,11.199999809265137,11.220000267028809,462700,0.0039529102201566
2022-08-26,HNRG,7.190000057220459,7.550000190734863,7.059999942779541,7.389999866485596,257900,0.0060512490819886
2022-08-26,HOLX,71.30999755859375,71.30999755859375,67.66999816894531,67.70999908447266,965800,0.0042786954177041
2022-08-26,HON,188.918826527596,190.0566603413297,182.9451809200667,183.0589599609375,2837000,0.0044103676977493
2022-08-26,HOPE,13.380188578599382,13.380188578599382,13.151467205542648,13.186655044555664,524300,0.0041217581346351
2022-08-26,HOTH,11.0,11.074999809265137,10.5,10.675000190734863,5808,0.0004417502681077
2022-08-26,HQY,62.91999816894531,64.27999877929688,62.220001220703125,63.560001373291016,504200,0.0058291443343306
2022-08-26,HROW,9.770000457763672,9.770000457763672,8.930000305175781,9.210000038146973,139600,0.0039153872475052
2022-08-26,HRTX,4.900000095367432,4.929999828338623,4.289999961853027,4.340000152587891,2706900,0.0177699730847502
2022-08-26,HSDT,28.700000762939453,29.5,26.049999237060547,26.89999961853028,125988,0.0222035804040026
2022-08-26,HSIC,75.3499984741211,75.3499984741211,73.3499984741211,73.38999938964844,981100,0.0080081951155805
2022-08-26,HST,16.604328597482144,16.64772825605207,15.814473022314218,15.831832885742188,5548400,0.0080036579446047
2022-08-26,HTBK,10.380607350491283,10.380607350491283,10.101465225219728,10.101465225219728,126300,0.0020499552840316
2022-08-26,HTHT,38.27717964563525,38.30484562314874,37.10609095323245,37.17063903808594,1120300,0.0035754177420685
2022-08-26,HTLD,15.966898227546116,16.0062264637675,15.485138585475262,15.534297943115234,188100,0.0023946591843645
2022-08-26,HUBG,42.717945013119966,42.9298837437095,41.16537094116211,41.16537094116211,345600,0.0056943817410703
2022-08-26,HUT,11.25,11.475000381469728,10.100000381469728,10.350000381469728,3006240,0.0289462332460329
2022-08-26,HWC,46.7363958529782,47.634105972357474,45.67210027782958,45.773902893066406,284300,0.0033009432965051
2022-08-26,IAC,55.73420715332031,55.923709869384766,52.92452621459961,53.240360260009766,618399,0.0083176726619285
2022-08-26,IART,50.150001525878906,50.52000045776367,48.4900016784668,48.72999954223633,558100,0.0072246044474048
2022-08-26,IBIO,160.0,165.0,145.0,150.0,1932,0.0001956519097327
2022-08-26,IBKR,62.861669850753856,62.92077023521715,60.635607973116464,60.68485641479492,414100,0.0037997100438604
2022-08-26,IBRX,4.440000057220459,4.440000057220459,4.070000171661377,4.090000152587891,879100,0.0009961845508449
2022-08-26,ICAD,2.8399999141693115,2.880000114440918,2.740000009536743,2.789999961853028,53900,0.0019696189024947
2022-08-26,ICHR,35.47999954223633,35.89500045776367,33.25,33.29999923706055,182900,0.0053615923548207
2022-08-26,ICLR,227.63999938964844,227.82000732421875,213.3500061035156,213.4600067138672,309800,0.0038331716587809
2022-08-26,IDCC,50.89036017916821,50.89036017916821,49.02001984415461,49.1345329284668,199400,0.007763588226133
2022-08-26,IDXX,371.5,374.5,349.1300048828125,349.8999938964844,603300,0.0074445637285751
2022-08-26,IDYA,10.529999732971191,10.529999732971191,9.5,9.609999656677246,285300,0.0032591783626198
2022-08-26,IEP,31.572507003888443,31.82894706973606,31.395441521414465,31.60303497314453,325500,0.0006226852560374
2022-08-26,IFRX,2.240000009536743,2.3499999046325684,2.2100000381469727,2.2699999809265137,68700,0.0010233372125807
2022-08-26,IGMS,20.25,20.450000762939453,18.34000015258789,18.420000076293945,171400,0.0049842388712472
2022-08-26,IHRT,9.380000114440918,9.550000190734863,8.920000076293945,8.9399995803833,548400,0.0043394315376337
2022-08-26,ILMN,210.66148376464844,211.7996063232422,199.7665405273437,199.77626037597656,1534290,0.0096945585667119
2022-08-26,ILPT,8.062332211798946,8.11090066229221,7.780636310577393,7.780636310577393,526500,0.007959869557921
2022-08-26,IMAB,6.269999980926514,6.269999980926514,5.880000114440918,6.0,596500,0.0073189192627378
2022-08-26,IMMR,5.276397225297489,5.340968680729669,5.184152603149414,5.184152603149414,296400,0.0091491647220061
2022-08-26,IMNN,2.490000009536743,2.559999942779541,2.259999990463257,2.2699999809265137,69300,0.0047398551368949
2022-08-26,IMUX,5.269999980926514,5.275000095367432,4.659999847412109,4.690000057220459,110100,0.0011490593618468
2022-08-26,IMVT,6.409999847412109,6.409999847412109,5.929999828338623,5.929999828338623,371900,0.0021894373488646
2022-08-26,IMXI,24.799999237060547,24.8799991607666,24.040000915527344,24.11000061035156,266000,0.0086780067988594
2022-08-26,INCY,72.9800033569336,72.9800033569336,71.37999725341797,71.4800033569336,1252700,0.0064730989438002
2022-08-26,INDP,2.4800000190734863,2.559999942779541,2.400000095367432,2.4600000381469727,13600,0.0009425331965736
2022-08-26,INGN,31.14999961853028,31.14999961853028,29.3799991607666,29.489999771118164,85400,0.0031762325567556
2022-08-26,INMD,34.34000015258789,34.34000015258789,32.077999114990234,32.209999084472656,2167000,0.0319292517327549
2022-08-26,INO,30.1200008392334,30.1200008392334,27.239999771118164,27.479999542236328,530983,0.014478656250426
2022-08-26,INOD,3.539999961853028,3.630000114440918,3.450000047683716,3.450000047683716,93600,0.0029904439978657
2022-08-26,INSM,25.950000762939453,26.059999465942383,24.309999465942383,24.5,1298800,0.0071433285667143
2022-08-26,INTC,33.252405980512926,33.32851832556253,31.730119156017206,31.739635467529297,44851500,0.010285649834145
2022-08-26,INTU,458.38023272541255,459.2637093309107,439.6209366712576,440.22955322265625,1777600,0.006358518331305
2022-08-26,INTZ,81.80000305175781,83.19999694824219,80.80000305175781,82.0,1445,7.263094932923182e-05
2022-08-26,INVA,13.529999732971191,13.550000190734863,13.289999961853027,13.329999923706056,914700,0.0145719693107667
2022-08-26,IONS,43.77999877929688,43.84999847412109,42.15999984741211,42.34999847412109,884400,0.0055634890982789
2022-08-26,IOVA,11.670000076293944,11.729999542236328,10.9399995803833,11.0,2461800,0.0075083036018581
2022-08-26,IPGP,98.33999633789062,98.33999633789062,93.76000213623048,94.01000213623048,244600,0.0057243958492279
2022-08-26,IQ,4.269999980926514,4.380000114440918,3.859999895095825,3.940000057220459,17287900,0.0327102679956708
2022-08-26,IRBT,59.20000076293945,59.27999877929688,58.650001525878906,58.83000183105469,1700400,0.0548183682154048
2022-08-26,IRD,2.7100000381469727,2.7100000381469727,2.539999961853028,2.559999942779541,76300,0.0016170804386251
2022-08-26,IRDM,44.85991232762508,44.908189586238585,43.430884109416695,43.5564079284668,427800,0.003934408137364
2022-08-26,IRTC,153.94000244140625,154.27999877929688,147.05999755859375,147.72000122070312,192400,0.0061255157658804
2022-08-26,IRWD,11.470000267028809,11.5,11.140000343322754,11.140000343322754,2520100,0.0155745361790523
2022-08-26,ISRG,224.57000732421875,225.3800048828125,210.94000244140625,211.08999633789065,2475100,0.0069083802797654
2022-08-26,ITCI,49.65999984741211,51.150001525878906,48.994998931884766,49.70000076293945,682200,0.0064043108465856
2022-08-26,ITRI,51.27999877929688,51.29999923706055,48.880001068115234,48.880001068115234,260000,0.0057055080096554
2022-08-26,ITRM,2.880000114440918,2.880000114440918,2.6549999713897705,2.700000047683716,123600,0.0035741757129555
2022-08-26,IZEA,3.680000066757202,3.7200000286102295,3.559999942779541,3.588000059127808,20000,0.0011824174524815
2022-08-26,JACK,84.98264420957136,85.32639804124955,80.83896310852677,80.941162109375,252600,0.0133946326020903
2022-08-26,JAZZ,160.30999755859375,162.5500030517578,155.7899932861328,155.8699951171875,269700,0.0044407854114353
2022-08-26,JBHT,185.22068384087905,185.45513085509376,178.05020956043654,178.37258911132812,707800,0.0070774338052955
2022-08-26,JBLU,8.380000114440918,8.430000305175781,8.020000457763672,8.029999732971191,8980300,0.0254398718516915
2022-08-26,JD,62.97193343620855,63.13938751845413,58.99025181802424,59.036766052246094,14638300,0.0100849463846239
2022-08-26,JFIN,2.105319233492513,2.1750861774170054,2.105319233492513,2.1504623889923096,38700,0.001486603284356
2022-08-26,JKHY,193.5177817127432,194.0780605861477,190.5328606757365,190.75503540039065,326900,0.0044843666938389
2022-08-26,JRVR,23.966049232196312,24.16792842736596,23.418089321194707,23.6872615814209,85800,0.0018797527840277
2022-08-26,KALV,16.420000076293945,16.69499969482422,16.06999969482422,16.270000457763672,271400,0.0054590510825575
2022-08-26,KDP,37.03728378431594,37.10253922332655,35.96522760331678,36.00251388549805,8000800,0.0058970335603888
2022-08-26,KHC,34.4491805894201,34.645368271510414,33.98545837402344,33.98545837402344,5474800,0.0045875646944828
2022-08-26,KIRK,4.690000057220459,4.920000076293945,4.199999809265137,4.210000038146973,1249700,0.0558837339295695
2022-08-26,KLAC,365.3732581530031,367.10654516164936,349.57891170565546,349.7541809082031,1604400,0.0120734157592541
2022-08-26,KLIC,44.92975240809919,44.92975240809919,42.148617223656906,42.21574783325195,401700,0.0075248392752776
2022-08-26,KNDI,2.299999952316284,2.390000104904175,2.2699999809265137,2.299999952316284,224400,0.0026071196207826
2022-08-26,KNSA,12.770000457763672,12.789999961853027,12.050000190734863,12.220000267028809,160500,0.0038205643961484
2022-08-26,KOD,11.229999542236328,11.34000015258789,11.010000228881836,11.149999618530272,341500,0.0064741422946331
2022-08-26,KOPN,1.5199999809265137,1.5199999809265137,1.399999976158142,1.409999966621399,473100,0.0030863069998042
2022-08-26,KRNT,31.729999542236328,31.780000686645508,29.6200008392334,30.309999465942383,546700,0.0120611108046991
2022-08-26,KRNY,10.37232003126007,10.37232003126007,10.10525827276531,10.131103515625,148300,0.0022963872548184
2022-08-26,KTOS,14.170000076293944,14.1899995803833,13.210000038146973,13.300000190734863,1169100,0.0076269196143157
2022-08-26,KURA,15.050000190734863,15.220000267028809,14.050000190734863,14.15999984741211,595100,0.007369203145316
2022-08-26,LAB,1.4700000286102295,1.4900000095367432,1.399999976158142,1.399999976158142,1468800,0.0038756050672311
2022-08-26,LAMR,87.147601439217,87.147601439217,84.4538390599302,84.54073333740234,344100,0.0039054431049237
2022-08-26,LASR,13.25,13.329999923706056,12.607000350952148,12.729999542236328,252000,0.0051396055556688
2022-08-26,LAUR,9.25816328114882,9.26643707518892,8.936320109893751,8.96031379699707,394200,0.0026429238509677
2022-08-26,LBRDK,108.75,110.19000244140624,104.80999755859376,104.83000183105467,873500,0.0071002983182006
2022-08-26,LBTYA,20.86000061035156,20.93000030517578,20.1299991607666,20.1299991607666,643400,0.0037034052448598
2022-08-26,LBTYK,22.190000534057617,22.309999465942383,21.39999961853028,21.39999961853028,1265100,0.0078839131030872
2022-08-26,LECO,139.84168447433458,139.84168447433458,135.11950982802787,135.23468017578125,165500,0.0029537800353025
2022-08-26,LEDS,2.880000114440918,2.9200000762939453,2.75,2.819999933242798,30600,0.0042430814200179
2022-08-26,LFMD,2.559999942779541,2.640000104904175,2.5199999809265137,2.539999961853028,86200,0.0019334420427196
2022-08-26,LGIH,101.91000366210938,101.91000366210938,95.81999969482422,96.58999633789062,140300,0.0059964696479478
2022-08-26,LGND,65.00935363769531,65.00935363769531,61.26637649536133,61.59076690673828,232595,0.0120794686165958
2022-08-26,LILA,7.28000020980835,7.329999923706055,7.0,7.03000020980835,149100,0.0038271690499842
2022-08-26,LILAK,7.21999979019165,7.300000190734863,6.954999923706055,7.010000228881836,733300,0.0046786575732568
2022-08-26,LIN,286.2347008175074,286.475663456529,275.6901733807732,275.9022216796875,1782500,0.0037692001894644
2022-08-26,LIND,9.289999961853027,9.34000015258789,8.829999923706055,8.850000381469727,216700,0.0039698532967918
2022-08-26,LITE,88.6500015258789,89.36000061035156,86.33999633789062,86.7300033569336,744300,0.0107557803468208
2022-08-26,LIVN,66.16999816894531,66.7300033569336,64.61000061035156,64.83999633789062,591900,0.0108901637112294
2022-08-26,LKQ,52.35991849523955,52.44452173742113,50.724257008377954,50.75246047973633,1107900,0.0042850016603172
2022-08-26,LNT,57.99119235541808,58.10112728788645,57.01093076188459,57.04757690429688,883100,0.0034378857548402
2022-08-26,LNTH,85.91999816894531,86.68000030517578,81.04000091552734,81.51000213623047,1237500,0.0180363886436425
2022-08-26,LNW,54.369998931884766,54.369998931884766,52.060001373291016,52.08000183105469,430000,0.0050907874458434
2022-08-26,LOCO,8.210356633564302,8.305625018005914,8.037142515420554,8.054464340209961,84700,0.0028444581760541
2022-08-26,LOGI,50.6684685052414,50.67794481281277,48.02514250060396,48.12936019897461,616500,0.004132037533512
2022-08-26,LOPE,86.08999633789062,86.25,84.26000213623047,84.33999633789062,195400,0.0068024842644683
2022-08-26,LOVE,34.939998626708984,34.939998626708984,32.16999816894531,32.900001525878906,185100,0.0125122520025686
2022-08-26,LPLA,226.84809857884943,227.1938493777781,221.7604804118174,223.42013549804688,345000,0.0043139184163753
2022-08-26,LPRO,10.619999885559082,10.800000190734863,9.925000190734863,9.960000038146973,764100,0.0063790354223888
2022-08-26,LPSN,12.43000030517578,12.43000030517578,11.050000190734863,11.109999656677246,868800,0.0095144227610224
2022-08-26,LPTH,1.6399999856948853,1.75,1.6399999856948853,1.7000000476837158,33300,0.0007903487265417
2022-08-26,LQDA,7.329999923706055,7.650000095367432,7.210000038146973,7.510000228881836,555600,0.0065135966758429
2022-08-26,LRCX,46.88987122443891,46.9212509268338,44.29233958335448,44.45021438598633,15863000,0.0123576333332469
2022-08-26,LRMR,3.1600000858306885,3.2660000324249268,2.9800000190734863,3.069999933242798,64100,0.0010011260716031
2022-08-26,LSCC,60.93000030517578,61.25,57.25,57.27000045776367,1425200,0.0103565044254218
2022-08-26,LSTR,146.13656109269314,147.3600500622404,142.3332978510939,142.46607971191406,161800,0.0045814798349761
2022-08-26,LTBR,6.0,6.130000114440918,5.769999980926514,5.820000171661377,77200,0.0036963443537382
2022-08-26,LULU,323.20001220703125,324.8999938964844,310.1400146484375,311.3099975585937,1111600,0.0096224928800824
2022-08-26,LVO,0.9110000133514404,0.949999988079071,0.8700000047683716,0.9100000262260436,294400,0.0030637178382473
2022-08-26,LWLG,10.720000267028809,10.720000267028809,9.880000114440918,10.050000190734863,366800,0.0029437020986316
2022-08-26,LX,1.8987813400494653,2.021283240854125,1.8025296379403968,1.8112797737121584,1439800,0.0111836075251277
2022-08-26,LYFT,15.779999732971191,16.0,14.880000114440918,14.970000267028809,10281400,0.0251085518593506
2022-08-26,MANH,147.82000732421875,148.17999267578125,142.25999450683594,142.4499969482422,183100,0.0030157490949458
2022-08-26,MAR,159.0239994012077,159.79439178618605,152.37320653967012,152.8022918701172,1747700,0.0063466645269264
2022-08-26,MARA,13.210000038146973,13.279999732971191,11.25,11.350000381469728,20712100,0.0598932397168037
2022-08-26,MASI,156.47999572753906,157.1999969482422,151.0399932861328,151.7899932861328,733800,0.0135800367168068
2022-08-26,MAT,23.6200008392334,23.84000015258789,22.82999992370605,22.8700008392334,3220500,0.0099732747823289
2022-08-26,MBOT,5.199999809265137,5.300000190734863,5.150000095367432,5.21999979019165,3300,9.497906143418384e-05
2022-08-26,MCHP,66.62135944108516,66.92457115250863,62.46167038633614,62.49957275390625,5610700,0.0104323200120141
2022-08-26,MCRB,5.880000114440918,5.880000114440918,5.409999847412109,5.440000057220459,738300,0.0042343668300751
2022-08-26,MDB,362.05999755859375,367.2900085449219,351.5400085449219,353.57000732421875,1199100,0.014769479355591
2022-08-26,MDGL,73.93000030517578,74.12999725341797,69.02999877929688,70.05999755859375,200100,0.0090624179128812
2022-08-26,MDLZ,60.26139673173683,60.37340933077875,58.40389897308084,58.5532455444336,7071900,0.0054586505817472
2022-08-26,MDXG,4.03000020980835,4.090000152587891,3.7899999618530273,3.849999904632568,436200,0.0029599771996254
2022-08-26,MEDP,168.13999938964844,168.13999938964844,158.52000427246094,158.9600067138672,173400,0.0057363274271876
2022-08-26,MELI,920.0,934.5999755859376,877.7899780273438,877.7999877929688,538000,0.0106119840465191
2022-08-26,MEOH,39.3960249140834,39.59682901628287,37.97126418204704,38.14338302612305,254300,0.0037732657518636
2022-08-26,MERC,15.064734625117069,15.064734625117069,14.674972882692796,14.729357719421388,408700,0.0061117857121493
2022-08-26,MESA,2.539999961853028,2.5899999141693115,2.430000066757202,2.4800000190734863,437200,0.0105825740925418
2022-08-26,META,167.689686642503,170.1182434752563,160.91163354661174,161.0211181640625,24023600,0.0109701811265145
2022-08-26,METC,10.909465063599422,11.071157025537218,10.757283847090216,10.81435203552246,420000,0.0094587564437778
2022-08-26,MFIC,9.59231429093491,9.664328938851437,9.520300329800964,9.54190444946289,242600,0.0025868971378041
2022-08-26,MGNI,8.510000228881836,8.579999923706055,7.949999809265137,7.960000038146973,1190600,0.0083287275595846
2022-08-26,MGNX,3.9600000381469727,3.9600000381469727,3.680000066757202,3.7200000286102295,428600,0.0067934373429829
2022-08-26,MIDD,154.5399932861328,154.5399932861328,147.92999267578125,147.9499969482422,491000,0.0091525588019281
2022-08-26,MIRM,25.64999961853028,26.540000915527344,24.770000457763672,25.0,298300,0.0060859914065719
2022-08-26,MIST,8.020000457763672,8.119999885559082,7.909999847412109,8.069999694824219,215800,0.0040446826854593
2022-08-26,MITK,10.609999656677246,10.609999656677246,10.1899995803833,10.289999961853027,179700,0.0039718237014214
2022-08-26,MKSI,107.7747846490826,108.64543450068815,100.6726301829648,100.69219207763672,643200,0.0095363484325516
2022-08-26,MKTX,249.2277526069291,249.6839126757032,237.6781889982194,237.7364196777344,273800,0.0072639096707098
2022-08-26,MLCO,5.980000019073486,5.989999771118164,5.599999904632568,5.880000114440918,3988600,0.0093736268339369
2022-08-26,MLKN,28.680550572558733,28.680550572558733,26.37040052498008,26.470842361450195,289900,0.0042791815382616
2022-08-26,MMSI,61.560001373291016,62.02000045776367,59.459999084472656,59.68999862670898,267500,0.0045287478139268
2022-08-26,MMYT,33.43000030517578,34.4900016784668,33.27000045776367,33.529998779296875,498800,0.0071140675408545
2022-08-26,MNKD,3.9600000381469727,3.990000009536743,3.7100000381469727,3.7300000190734863,4299500,0.0141497946395661
2022-08-26,MNMD,13.350000381469728,13.40999984741211,11.25,11.864999771118164,1155040,0.0153252556774457
2022-08-26,MNOV,2.220000028610229,2.289999961853028,2.2100000381469727,2.2100000381469727,9400,0.0001916560304366
2022-08-26,MNRO,44.37468241018189,44.64837424889297,43.29815816176184,43.3437728881836,296500,0.0099000313862715
2022-08-26,MNST,45.54499816894531,45.665000915527344,44.52999877929688,44.57500076293945,4215200,0.0043314608444817
2022-08-26,MOMO,4.210922104576181,4.250276667595172,4.025956258887605,4.171567916870117,3282000,0.0264867525885514
2022-08-26,MPWR,498.59234196416855,502.0864006929492,465.5799355528661,466.4803466796875,709200,0.0148163623448794
2022-08-26,MRAM,8.289999961853027,8.289999961853027,7.119999885559082,7.190000057220459,205700,0.0092027147337386
2022-08-26,MRCY,52.18999862670898,52.18999862670898,48.68000030517578,48.68999862670898,305300,0.005115513763128
2022-08-26,MREO,1.3799999952316284,1.399999976158142,1.2799999713897705,1.3200000524520874,845300,0.0053163522012578
2022-08-26,MRIN,12.0600004196167,12.239999771118164,11.15999984741211,11.34000015258789,95267,0.0303065103628179
2022-08-26,MRNA,142.8000030517578,145.5,136.66000366210938,136.6999969482422,3997200,0.010338753559126
2022-08-26,MRSN,7.960000038146973,8.0,7.550000190734863,7.599999904632568,462800,0.0037133618441639
2022-08-26,MRTN,20.97956717654996,21.018168920030387,20.39090347290039,20.39090347290039,246900,0.0030307681520548
2022-08-26,MRUS,24.170000076293945,24.170000076293945,23.049999237060547,23.6299991607666,178000,0.0025763311932222
2022-08-26,MRVL,53.58959169794537,53.65877751462105,49.39888801605615,49.58667755126953,23821800,0.0275058194313584
2022-08-26,MSFT,273.2543867966453,274.48809473855994,262.3861154474646,262.4938049316406,27549300,0.0037058615110294
2022-08-26,MSTR,27.5,27.5,24.799999237060547,24.920000076293945,6049000,0.0245358716796544
2022-08-26,MTC,1.840000033378601,1.9900000095367432,1.7599999904632568,1.820000052452088,117700,0.0046730641722482
2022-08-26,MTCH,59.53806592669756,61.17845066285573,56.49445842343311,57.18618774414063,2877800,0.0114914809863548
2022-08-26,MTSI,61.04999923706055,61.060001373291016,57.77999877929688,57.790000915527344,358100,0.0048170697257727
2022-08-26,MU,60.0496856125963,60.19718101975939,56.647493729827005,56.66716003417969,15754000,0.0140966555324145
2022-08-26,MVIS,5.28000020980835,5.400000095367432,4.909999847412109,4.949999809265137,2058400,0.0084014614689973
2022-08-26,MXL,40.619998931884766,40.900001525878906,38.5,38.54999923706055,563500,0.0065239690739552
2022-08-26,MYGN,24.8700008392334,24.90999984741211,23.25,23.530000686645508,476500,0.0051697164196269
2022-08-26,NAVI,14.926586559998018,14.98919030298982,14.46152774659599,14.470471382141112,1060200,0.0103660682858148
2022-08-26,NBIX,103.88999938964844,105.9000015258789,103.4000015258789,104.87000274658205,495300,0.0050061553575868
2022-08-26,NCMI,12.434440706850989,12.832342430001203,12.03653898370077,12.23548984527588,33170,0.0003484529194618
2022-08-26,NDAQ,59.966470527955465,60.11700241741962,58.29459487300465,58.313812255859375,1778400,0.0030920896917991
2022-08-26,NDLS,5.309999942779541,5.320000171661377,4.78000020980835,4.820000171661377,284800,0.0062042658684774
2022-08-26,NDSN,235.9101436743184,235.9101436743184,225.25094270242468,226.027572631836,191900,0.0033718901385831
2022-08-26,NEO,11.0,11.199999809265137,10.539999961853027,10.699999809265137,1303700,0.0101331447181264
2022-08-26,NEOG,20.89999961853028,23.190000534057617,20.89999961853028,21.229999542236328,18371000,0.0846441636948368
2022-08-26,NERV,6.449999809265137,10.899999618530272,6.400000095367432,10.329999923706056,66256000,9.474062009806374
2022-08-26,NEXT,8.34000015258789,8.520999908447266,8.029999732971191,8.5,682400,0.0026201611107271
2022-08-26,NFE,55.12373449823193,55.27650485862998,53.50614923912007,53.95547866821289,779800,0.0028483555659453
2022-08-26,NFLX,233.6300048828125,236.9499969482422,223.1499938964844,223.27999877929688,5349800,0.0125066336729803
2022-08-26,NICE,220.33999633789065,220.47999572753903,212.4100036621093,213.1199951171875,122300,0.0019336029521041
2022-08-26,NIU,6.659999847412109,6.670000076293945,6.119999885559082,6.139999866485596,674400,0.0097277555483113
2022-08-26,NKTR,4.760000228881836,4.760000228881836,4.380000114440918,4.380000114440918,1239400,0.0066597171474014
2022-08-26,NMFC,10.096371962626812,10.11895872372324,9.975908279418944,9.975908279418944,137200,0.0012721254323093
2022-08-26,NMIH,22.190000534057617,22.190000534057617,21.23500061035156,21.26000022888184,304100,0.0038868230741654
2022-08-26,NMRK,10.548077118078329,10.62549412672274,9.827130648275029,10.044866561889648,1188600,0.007467159575424
2022-08-26,NNBR,2.3399999141693115,2.390000104904175,2.259999990463257,2.2799999713897705,99300,0.0019911970242332
2022-08-26,NNDM,3.190000057220459,3.190000057220459,3.039999961853028,3.039999961853028,2063900,0.0094139702058949
2022-08-26,NOTV,21.68000030517578,21.68000030517578,20.43000030517578,20.520000457763672,126800,0.0037438033853666
2022-08-26,NSIT,95.5199966430664,95.73999786376952,92.77999877929688,93.30999755859376,247000,0.0077404474417351
2022-08-26,NSSC,26.27278238325456,26.311850612387804,24.56358647906489,24.866357803344727,115800,0.0031811963276137
2022-08-26,NTAP,72.45515696652522,72.8013871999746,70.00348823982836,70.14385223388672,2291600,0.0111039509675574
2022-08-26,NTCT,32.7599983215332,33.099998474121094,32.43000030517578,32.52000045776367,445600,0.0062100458250096
2022-08-26,NTES,91.22688408092648,91.60775135744667,85.52342040607445,85.75193786621094,2063500,0.0032017364766347
2022-08-26,NTGR,24.86000061035156,25.15999984741211,23.809999465942383,23.8799991607666,110200,0.0038172566325699
2022-08-26,NTLA,63.290000915527344,63.290000915527344,58.540000915527344,58.75,1093900,0.0105673464261908
2022-08-26,NTNX,19.299999237060547,19.43000030517578,18.03499984741211,18.13999938964844,2347100,0.008801779031133
2022-08-26,NTRA,52.77000045776367,52.77000045776367,48.2599983215332,48.540000915527344,1234800,0.0091340819315609
2022-08-26,NTRS,90.65397165578813,90.65397165578813,86.70775383187375,86.74412536621094,763400,0.0039154340110374
2022-08-26,NVAX,37.2400016784668,37.810001373291016,34.77000045776367,35.20000076293945,2834400,0.0176220437193802
2022-08-26,NVCR,84.87000274658203,85.62999725341797,81.94000244140625,82.7699966430664,372800,0.0033917117772824
2022-08-26,NVDA,17.832515616356623,17.899423185098215,16.21473605112298,16.23770523071289,769127000,0.0315215996835294
2022-08-26,NVEE,35.52750015258789,35.52750015258789,34.39250183105469,34.66749954223633,240400,0.0036855507706081
2022-08-26,NWBI,12.391596158761548,12.476702785796972,12.119252841971996,12.127763748168944,673200,0.0052793788966004
2022-08-26,NWE,48.61144917561297,48.944461917002734,48.49752200459461,48.59392166137695,247100,0.0040288787944994
2022-08-26,NWL,18.159126253686413,18.28368610724209,17.3850733108751,17.40286636352539,1686000,0.0040366216876238
2022-08-26,NWS,17.644612607480653,17.819793843061067,17.235857009887695,17.235857009887695,459900,0.002433127354298
2022-08-26,NWSA,17.27605663849714,17.441331307655627,16.86773109436035,16.86773109436035,2770100,0.0073398406028588
2022-08-26,NXPI,169.64588511823484,170.2366636678947,159.90774408371772,160.19358825683594,2380500,0.0093860894251242
2022-08-26,NXST,177.82838902157246,177.9105277204317,175.04468372800233,175.09945678710938,196400,0.0064374024884297
2022-08-26,NYMT,8.338220338837965,8.338220338837965,8.05935036023274,8.087237358093262,388925,0.0042943156146692
2022-08-26,OCFC,18.19890396390285,18.225589185776936,17.7185818461025,17.736371994018555,138600,0.0023740641202859
2022-08-26,OCGN,2.8399999141693115,2.8399999141693115,2.619999885559082,2.640000104904175,6379300,0.0218458692064972
2022-08-26,OCSL,15.088867729134252,15.110148763600842,14.91861268806759,14.93989372253418,170367,0.0020714497762887
2022-08-26,OCUL,5.480000019073486,5.480000019073486,5.0,5.079999923706055,656900,0.0041308749732741
2022-08-26,ODFL,147.5448923725423,149.33098043665606,140.69656516532416,140.93832397460938,1637400,0.0077037806658836
2022-08-26,ODP,37.20000076293945,37.27999877929688,35.83000183105469,35.880001068115234,324100,0.0108691642380685
2022-08-26,OGI,4.599999904632568,4.679999828338623,4.320000171661377,4.360000133514404,431050,0.0032221051136575
2022-08-26,OKTA,99.68000030517578,99.68000030517578,92.13999938964844,93.4800033569336,1870900,0.0112827836963057
2022-08-26,OLED,116.77948915445629,117.4710098327688,109.32858624491688,109.4552001953125,478400,0.0100781350394256
2022-08-26,OLLI,66.23999786376953,66.55999755859375,61.11000061035156,61.130001068115234,1211500,0.0197792689098953
2022-08-26,OMCL,111.18000030517578,111.18000030517578,107.70999908447266,108.1999969482422,408000,0.0087098344277553
2022-08-26,OMER,3.9600000381469727,4.039999961853027,3.7899999618530273,3.819999933242798,532900,0.0091778196090858
2022-08-26,OMEX,3.400000095367432,3.400000095367432,3.140000104904175,3.150000095367432,30500,0.0010458887997311
2022-08-26,ON,76.43000030517578,76.45999908447266,71.55000305175781,71.58000183105469,9243300,0.0219010119090629
2022-08-26,ONB,16.067149024758354,16.067149024758354,15.692431807631666,15.701571464538574,1041300,0.0032610738086886
2022-08-26,ONC,183.63999938964844,189.9900054931641,181.08999633789065,181.08999633789065,210300,0.0021270570148378
2022-08-26,ONCY,1.5099999904632568,1.5099999904632568,1.4500000476837158,1.4700000286102295,79200,0.0009164375572773
2022-08-26,OPCH,32.72999954223633,32.869998931884766,31.559999465942383,31.59000015258789,863800,0.0052592484352548
2022-08-26,OPI,15.108331172715864,15.108331172715864,14.707792183220192,14.715803146362305,211500,0.0030290139146168
2022-08-26,OPK,2.4800000190734863,2.5,2.299999952316284,2.309999942779541,3526100,0.004446599264691
2022-08-26,OPRA,3.963522667240775,4.011760221301705,3.8188100050579847,3.931364297866821,98900,0.0011050168704456
2022-08-26,ORGO,4.199999809265137,4.21999979019165,3.869999885559082,3.890000104904175,973100,0.0076725959567287
2022-08-26,ORLY,718.52001953125,718.97998046875,697.47998046875,698.7899780273438,368700,0.0064412435251264
2022-08-26,ORMP,8.989999771118164,9.050000190734863,8.319999694824219,8.420000076293945,340300,0.008330375393202
2022-08-26,OSPN,11.668085832087671,11.697902748069437,11.290413426811511,11.52894401550293,207900,0.0054458583710099
2022-08-26,OSUR,4.199999809265137,4.199999809265137,3.9700000286102295,4.0,523500,0.0067558499078571
2022-08-26,OSW,9.245573366605043,9.2854679257972,8.956336623510264,8.966310501098633,189000,0.0018057267333543
2022-08-26,OTEX,31.81963606483526,31.866087379485947,29.56206744153214,29.627099990844727,2519800,0.0095446969696969
2022-08-26,OTLK,23.0,24.200000762939453,22.799999237060547,23.600000381469727,24170,0.000740951925494
2022-08-26,OVID,2.2300000190734863,2.25,2.130000114440918,2.140000104904175,74700,0.0010510024621878
2022-08-26,OXLC,3.734850192594005,3.778063145561532,3.6978100980987465,3.7039835453033447,909300,0.0020428887933029
2022-08-26,OXSQ,2.57468048615441,2.5814028832354428,2.520901309506147,2.534346103668213,71400,0.0010230764786636
2022-08-26,OZK,38.626002264347264,38.71727214420752,37.63114525429044,37.68590927124024,380000,0.0033449526425125
2022-08-26,PAA,10.208964988721684,10.308402867022766,10.109527110420604,10.159246444702148,5041900,0.0071640692493065
2022-08-26,PACB,6.860000133514404,6.900000095367432,5.900000095367432,5.96999979019165,7482900,0.0251228798195076
2022-08-26,PAGP,10.721495118009482,10.83013078446367,10.579433153949838,10.60450267791748,1434300,0.0072533174205032
2022-08-26,PANW,95.65333557128906,96.25,93.44667053222656,93.44833374023438,7468200,0.0112795655655431
2022-08-26,PARA,24.18511792213809,24.42809073509022,23.2692985534668,23.2692985534668,12397100,0.0196776866325507
2022-08-26,PASG,2.190000057220459,2.190000057220459,1.9900000095367432,2.009999990463257,165700,0.0026662032589789
2022-08-26,PATK,38.5750987230551,38.83312218890927,36.54313070944907,36.56893157958984,309450,0.0092221175853518
2022-08-26,PAYS,3.059999942779541,3.150000095367432,3.059999942779541,3.0799999237060547,94300,0.0017544936806598
2022-08-26,PAYX,124.81231365860116,124.91451381828352,119.46001983532524,119.68303680419922,1966600,0.0054598808863101
2022-08-26,PBYI,3.289999961853028,3.289999961853028,3.059999942779541,3.0999999046325684,173600,0.0034992380691301
2022-08-26,PCAR,54.65745947464974,54.97671398120461,53.10848716345228,53.19125747680664,2647950,0.0050443387460262
2022-08-26,PCH,42.34524057308251,42.34524057308251,40.9857730453085,41.00331497192383,279900,0.003554534148012
2022-08-26,PCRX,58.02000045776367,58.02000045776367,53.869998931884766,54.060001373291016,297100,0.0064201468573478
2022-08-26,PCTY,247.6999969482422,250.2400054931641,243.97999572753903,245.7700042724609,240700,0.0043068895918922
2022-08-26,PDCO,26.97088244036802,27.080931013795475,26.34727793899213,26.365619659423828,1042200,0.0117797585273832
2022-08-26,PDD,63.52999877929688,63.68999862670898,56.56999969482422,57.56999969482422,22208200,0.0159912723002505
2022-08-26,PDSB,4.849999904632568,4.849999904632568,4.329999923706055,4.389999866485596,319200,0.007031472005181
2022-08-26,PEGA,37.01941105849105,37.33734831004185,35.66819574221281,36.00600051879883,536800,0.0062492072075059
2022-08-26,PENG,20.18000030517578,20.18000030517578,19.239999771118164,19.280000686645508,332600,0.0061962531856863
2022-08-26,PENN,34.41999816894531,34.54999923706055,32.18000030517578,32.18000030517578,2961500,0.0194112711875516
2022-08-26,PEP,165.86788731985197,165.88631105481346,160.99212321385664,161.33314514160156,5246600,0.0038259767548161
2022-08-26,PERI,21.40999984741211,21.61000061035156,20.3799991607666,20.420000076293945,164900,0.0036614176725018
2022-08-26,PETS,19.87809041077565,19.89667717650859,18.604927091105303,18.78149604797364,526000,0.0254641396170696
2022-08-26,PFG,71.61053063358904,72.01049012581306,69.59256328292764,69.63801574707031,1284100,0.0057078214177764
2022-08-26,PGEN,2.5199999809265137,2.539999961853028,2.4200000762939453,2.470000028610229,1031700,0.0035086704051129
2022-08-26,PGNY,44.060001373291016,44.060001373291016,41.40999984741211,41.66999816894531,314100,0.0036774134087976
2022-08-26,PHAT,9.220000267028809,9.220000267028809,8.604999542236328,8.75,126700,0.0018194350704366
2022-08-26,PHIO,76.24800109863281,79.7040023803711,74.62799835205078,74.62799835205078,271,5.6716511620606304e-05
2022-08-26,PHLT,2.2100000381469727,2.2100000381469727,2.069999933242798,2.119999885559082,33900,0.000432902644154
2022-08-26,PHUN,68.5,69.0,65.0,65.5,12676,0.0006284362962118
2022-08-26,PI,96.01000213623048,96.20999908447266,92.08000183105467,92.75,405700,0.0142160830608905
2022-08-26,PINC,33.90752256569132,33.97995339318369,33.15331770773508,33.183197021484375,322100,0.0035276439806631
2022-08-26,PLAB,25.299999237060547,25.38999938964844,22.040000915527344,22.190000534057617,1990500,0.0313160283629921
2022-08-26,PLAY,43.709999084472656,44.150001525878906,41.98500061035156,42.2599983215332,606600,0.0175748146474172
2022-08-26,PLCE,45.5,46.16999816894531,43.77999877929688,44.33000183105469,289700,0.0226593664450527
2022-08-26,PLUG,30.059999465942383,30.239999771118164,28.700000762939453,28.940000534057617,23810900,0.0245049281839468
2022-08-26,PLYA,7.03000020980835,7.099999904632568,6.710000038146973,6.71999979019165,724800,0.0058932578788174
2022-08-26,PMCB,2.700000047683716,2.740000009536743,2.559999942779541,2.569999933242798,125000,0.0182117516791235
2022-08-26,PNFP,82.23746979839552,82.61657811525227,79.74896240234375,79.74896240234375,317800,0.0041077102108421
2022-08-26,POAI,8.0,8.5600004196167,8.0,8.279999732971191,4440,0.0004971102666705
2022-08-26,PODD,279.010009765625,281.42999267578125,266.5899963378906,267.1700134277344,613400,0.0087346447394712
2022-08-26,POET,4.389999866485596,4.400000095367432,4.159999847412109,4.159999847412109,26900,0.0003516008950791
2022-08-26,POOL,359.0591574551486,360.23124717551923,341.0901993412464,341.7004699707031,242100,0.006418652003542
2022-08-26,POWI,78.17998971234972,78.17998971234972,74.15980462846191,74.16950988769531,308000,0.0054180424331232
2022-08-26,POWW,4.159999847412109,4.159999847412109,3.890000104904175,3.930000066757202,1622900,0.0136657207575132
2022-08-26,PPBI,30.25830723532937,30.44179602023045,29.498133698231285,29.60298728942871,279100,0.0028749011141143
2022-08-26,PPC,26.493671142013568,26.697468209323446,25.802532967648627,25.84683609008789,678500,0.0028585030459804
2022-08-26,PRAA,37.970001220703125,38.04999923706055,37.43000030517578,37.5099983215332,272100,0.0068869338084921
2022-08-26,PRDO,11.982659487682351,12.069142339262685,11.655946900113864,11.69438362121582,279200,0.0042358031565229
2022-08-26,PRGS,49.278588263540286,49.45347313563386,47.2188339269464,47.23826599121094,185500,0.0043113466276205
2022-08-26,PRPL,3.1189012725542,3.153889034169864,2.878986010051225,2.89897894859314,1951200,0.0181431028871635
2022-08-26,PRQR,0.8100000023841858,0.8500000238418579,0.7850000262260437,0.7919999957084656,477900,0.0045422143651449
2022-08-26,PRTA,30.11000061035156,30.76000022888184,27.940000534057617,27.979999542236328,389300,0.007232429821465
2022-08-26,PRTS,7.480000019073486,7.539999961853027,6.980000019073486,6.989999771118164,768400,0.0131812107707165
2022-08-26,PSEC,5.906123662110857,5.942944318000586,5.744110107421875,5.744110107421875,1696900,0.0038067485276953
2022-08-26,PSNL,3.799999952316284,3.859999895095825,3.509999990463257,3.5299999713897705,381300,0.0043178323190824
2022-08-26,PSTV,13.649999618530272,13.649999618530272,12.300000190734863,13.050000190734863,203527,0.0119724581754864
2022-08-26,PTC,119.36000061035156,119.4800033569336,114.43000030517578,114.58999633789062,684500,0.0056888068880688
2022-08-26,PTCT,52.68000030517578,53.02999877929688,50.150001525878906,50.380001068115234,825200,0.0104628664602494
2022-08-26,PTEN,15.060699457895124,15.0699735000024,14.29097165141794,14.55991268157959,2549600,0.0066055581035419
2022-08-26,PTGX,10.039999961853027,10.09000015258789,9.220000267028809,9.329999923706056,1176500,0.0191661385728924
2022-08-26,PTON,11.027999877929688,11.039999961853027,10.119999885559082,10.609999656677246,25524300,0.0682652252449945
2022-08-26,PXLW,2.069999933242798,2.0899999141693115,2.0,2.0,198900,0.0031645468922526
2022-08-26,PYPL,96.8949966430664,97.45500183105467,92.62999725341795,92.6999969482422,12286500,0.0124201158045471
2022-08-26,PZZA,80.28003446231786,80.28003446231786,76.01228869508451,76.10506439208984,436200,0.0133356568315433
2022-08-26,QCOM,137.1998934614184,138.32632647542863,129.58706374170535,129.89683532714844,7918600,0.0071596745027124
2022-08-26,QDEL,84.79000091552734,84.83000183105469,81.12999725341797,82.05999755859375,591700,0.0087718257909764
2022-08-26,QFIN,15.089606789412311,15.266187252774266,14.509923656276172,14.688286781311035,1998500,0.0142429525428954
2022-08-26,QLYS,158.63999938964844,159.27999877929688,153.94000244140625,154.05999755859375,316600,0.0086792752832552
2022-08-26,QNCX,1.820000052452088,1.850000023841858,1.7300000190734863,1.850000023841858,399700,0.0090837605905239
2022-08-26,QNST,12.5600004196167,12.770000457763672,12.279999732971191,12.350000381469728,175400,0.0031061510290674
2022-08-26,QRVO,102.37999725341795,102.8000030517578,95.66999816894533,95.6999969482422,1187900,0.0127188511811967
2022-08-26,QTRX,10.06999969482422,10.19499969482422,9.479999542236328,9.479999542236328,337000,0.0086880301116295
2022-08-26,QUBT,3.4200000762939453,3.427000045776367,3.109999895095825,3.150000095367432,203300,0.001481292665309
2022-08-26,QURE,20.75,20.89999961853028,19.69499969482422,19.84000015258789,659200,0.012190047876265
2022-08-26,QVCGA,3.3299999237060547,3.3399999141693115,3.0999999046325684,3.150000095367432,4170500,0.0105800578018962
2022-08-26,RAIL,4.75,4.840000152587891,4.429999828338623,4.510000228881836,100800,0.0052890896784044
2022-08-26,RAPT,30.040000915527344,30.43000030517578,27.709999084472656,28.170000076293945,219800,0.0016650632163445
2022-08-26,RARE,51.59999847412109,51.880001068115234,49.32500076293945,49.5,511200,0.0054441070820932
2022-08-26,RAVE,1.309999942779541,1.350000023841858,1.2899999618530271,1.2899999618530271,38500,0.0026169825171973
2022-08-26,RBBN,3.5299999713897705,3.5899999141693115,3.4800000190734863,3.5299999713897705,210000,0.0011950558830893
2022-08-26,RCKT,18.290000915527344,18.290000915527344,16.15999984741211,16.209999084472656,809400,0.0075907343149207
2022-08-26,RDFN,9.619999885559082,9.710000038146973,8.949999809265137,9.020000457763672,2855600,0.022593738379131
2022-08-26,RDNT,21.93000030517578,22.190000534057617,20.93000030517578,21.0,242100,0.0032697792335821
2022-08-26,RDWR,21.200000762939453,21.200000762939453,20.51000022888184,20.59000015258789,199900,0.0046829793962962
2022-08-26,REAL,2.400000095367432,2.4100000858306885,2.2300000190734863,2.2699999809265137,4183500,0.0376055084631495
2022-08-26,REG,57.08094439492172,57.08094439492172,56.00916882010166,56.13420867919922,1019500,0.0056162753544946
2022-08-26,REGN,603.0250715812259,609.0672948268008,594.7257390639668,595.4148559570312,516200,0.004801503143952
2022-08-26,REKR,1.440000057220459,1.440000057220459,1.2899999618530271,1.2999999523162842,458200,0.0041312031159838
2022-08-26,REPL,20.729999542236328,20.729999542236328,18.96999931335449,19.170000076293945,355200,0.0046121005313264
2022-08-26,REYN,25.955446845753634,26.01072952040125,25.55003646439384,25.57767868041992,214100,0.0010179822934793
2022-08-26,RGEN,235.75,237.02999877929688,226.08999633789065,227.1499938964844,249200,0.004435813318476
2022-08-26,RGLD,96.14649007404628,96.27200503092097,92.32303149132365,92.9409637451172,342900,0.0052107710543111
2022-08-26,RGLS,1.6299999952316284,1.690000057220459,1.5199999809265137,1.5499999523162842,97100,0.0014658064048644
2022-08-26,RGNX,33.790000915527344,33.790000915527344,31.100000381469727,31.190000534057617,306400,0.0061137061550095
2022-08-26,RGP,18.73561976020704,18.940818996795684,18.218159853944865,18.262767791748047,130200,0.0039371864539013
2022-08-26,RIGL,16.100000381469727,16.200000762939453,14.399999618530272,14.699999809265137,346630,0.0194049151878183
2022-08-26,RILY,44.8861443121632,44.8861443121632,43.291713810819004,43.366844177246094,122600,0.0040200543658249
2022-08-26,RIOT,7.5,7.554999828338623,6.769999980926514,6.789999961853027,13330800,0.0380653782894736
2022-08-26,RLMD,30.959999084472656,31.64999961853028,29.350000381469727,29.489999771118164,200900,0.0060527362344689
2022-08-26,RMBS,28.34000015258789,28.34000015258789,26.25,26.32999992370605,509100,0.0047381940695791
2022-08-26,RMNI,5.389999866485596,5.409999847412109,5.179999828338623,5.25,270300,0.0029606992639327
2022-08-26,RMTI,1.590000033378601,1.590000033378601,1.350000023841858,1.399999976158142,139500,0.0040960862556486
2022-08-26,ROAD,30.559999465942383,30.809999465942383,30.270000457763672,30.3799991607666,168100,0.0035626785578039
2022-08-26,ROKU,73.29000091552734,74.30999755859375,68.20999908447266,68.31999969482422,8022400,0.0623147428926518
2022-08-26,ROP,420.0617033244735,422.11817287099433,402.9506515538481,403.2556762695313,372100,0.003465102202356
2022-08-26,ROST,88.40016594798172,88.84614089059197,84.47363665792972,84.59967803955078,2530300,0.0076947642978409
2022-08-26,RPAY,10.40999984741211,10.539999961853027,9.960000038146973,10.010000228881836,887500,0.0099945719620442
2022-08-26,RPD,63.63999938964844,63.63999938964844,60.41999816894531,60.959999084472656,560600,0.0087636335781919
2022-08-26,RRGB,8.350000381469727,8.399999618530273,7.820000171661377,7.900000095367432,239900,0.0137340775726348
2022-08-26,RRR,38.36349719009878,38.36349719009878,36.4058952331543,36.4058952331543,365600,0.0060874183917959
2022-08-26,RUN,35.20000076293945,35.75,32.959999084472656,33.349998474121094,5495000,0.0242915874629768
2022-08-26,RUSHA,32.84269072784412,32.84269072784412,31.687161387110816,31.77703666687012,203700,0.0032544095092024
2022-08-26,RVMD,22.799999237060547,22.8799991607666,21.18000030517578,21.26000022888184,830700,0.0044682191979353
2022-08-26,RYAAY,28.932868067747133,29.043902867959616,27.596467857498585,27.667848587036133,751699,0.0014138796466726
2022-08-26,RYTM,23.57999992370605,24.31999969482422,22.809999465942383,23.989999771118164,615500,0.0097352733231367
2022-08-26,SABR,7.440000057220459,7.619999885559082,7.21999979019165,7.309999942779541,5452600,0.0141233449219739
2022-08-26,SAGE,40.68999862670898,40.68999862670898,38.59000015258789,39.0099983215332,593900,0.0096599106389138
2022-08-26,SAIA,231.509994506836,234.67999267578125,221.25,222.42999267578125,314600,0.0118123688192512
2022-08-26,SAIC,89.95474897125426,89.99334875958041,88.24674330806714,88.34324645996094,268700,0.0056287339852358
2022-08-26,SANM,52.13999938964844,52.13999938964844,49.880001068115234,49.9900016784668,261100,0.0048062320870754
2022-08-26,SATS,19.489999771118164,19.549999237060547,19.040000915527344,19.100000381469727,136800,0.0008814262156568
2022-08-26,SAVA,30.1200008392334,30.34000015258789,28.100000381469727,29.38999938964844,4695000,0.0971890725947515
2022-08-26,SBAC,324.211249040176,324.988961924792,316.7509249452968,317.11578369140625,586500,0.005429147998667
2022-08-26,SBCF,31.512322851061487,31.512322851061487,30.7618110652724,30.863733291625977,208300,0.0024329991967715
2022-08-26,SBGI,19.790400168829365,19.89047874762569,19.348390555107823,19.39008903503418,275200,0.0064458253209444
2022-08-26,SBLK,17.456153276260554,17.56501076941131,16.616391870208197,16.740800857543945,4460600,0.0380831227375179
2022-08-26,SBRA,12.629210976396616,12.629210976396616,12.40354564877626,12.42772388458252,758400,0.0031877465711885
2022-08-26,SBUX,82.60723456750651,83.0603384263602,79.25612123585103,79.35051727294922,6674900,0.0058761544232641
2022-08-26,SCVL,23.770179298680468,24.14173661871428,22.731722454178524,23.30334854125977,558000,0.020534032030146
2022-08-26,SCYX,2.700000047683716,2.7109999656677246,2.3299999237060547,2.509999990463257,223100,0.0057232864131591
2022-08-26,SDGR,28.959999084472656,29.049999237060547,27.6299991607666,27.690000534057617,474500,0.007428664468596
2022-08-26,SEDG,302.3399963378906,307.94000244140625,287.8800048828125,287.92999267578125,589800,0.0100335984349083
2022-08-26,SEIC,54.21911200019997,54.421961878416525,52.6446026684553,52.67358016967773,638200,0.0050271760535643
2022-08-26,SFIX,6.050000190734863,6.059999942779541,5.400000095367432,5.539999961853027,3104500,0.0275867278026587
2022-08-26,SFM,30.32999992370605,30.34000015258789,29.520000457763672,29.690000534057617,1192000,0.0121412376321327
2022-08-26,SFNC,22.02264270681259,22.05830602011371,21.55009147621213,21.648168563842773,577700,0.0045878699799077
2022-08-26,SGBX,21.82841110229492,21.82841110229492,20.53445816040039,21.19081115722656,5333,0.0008347106920601
2022-08-26,SGMO,5.829999923706055,5.849999904632568,5.349999904632568,5.400000095367432,1080900,0.0048101998130924
2022-08-26,SGRY,32.5099983215332,32.724998474121094,29.43000030517578,29.51000022888184,573100,0.0044909217712928
2022-08-26,SHIP,5.064429402415942,5.064429402415942,4.8112077713012695,4.8112077713012695,220090,0.0105294128903857
2022-08-26,SHOO,30.49614584021637,31.00254025725091,29.01447587027123,29.03322982788086,718200,0.009895820243624
2022-08-26,SHYF,25.182292563520303,25.37563144539265,24.051264345344443,24.07059860229492,123900,0.0035468606418701
2022-08-26,SIBN,18.06999969482422,18.190000534057617,17.09000015258789,17.299999237060547,166600,0.0039243306142543
2022-08-26,SIGA,15.034331216386423,15.481833186733695,14.070482586404918,14.147934913635254,6376500,0.0892605972129584
2022-08-26,SIGI,78.95503149094584,78.95503149094584,77.73855423697552,78.0088882446289,168100,0.002766244900713
2022-08-26,SIMO,75.73662145832544,76.31292910816003,74.72808490315224,74.93939208984375,319600,0.0094888603866799
2022-08-26,SIRI,60.50447902333859,61.08532054480251,59.63321304824238,59.73002243041992,1682500,0.0049665112207199
2022-08-26,SKYW,22.34000015258789,22.489999771118164,21.56999969482422,21.790000915527344,495800,0.0122052690919653
2022-08-26,SLAB,137.80999755859375,137.80999755859375,130.33999633789062,130.66000366210938,274500,0.0084531764850799
2022-08-26,SLDB,11.06999969482422,11.399999618530272,10.350000381469728,10.949999809265137,11940,0.0001540784328907
2022-08-26,SLM,14.330159248932464,14.358165824842494,13.844707184822632,13.854043006896973,1543500,0.0073352244826763
2022-08-26,SLNO,1.950000047683716,2.109999895095825,1.8799999952316284,1.919999957084656,375700,0.0081928068159267
2022-08-26,SLRX,44.0,48.0,44.0,45.79999923706055,565,0.0003269675925925
2022-08-26,SLS,3.2799999713897705,3.2799999713897705,3.009999990463257,3.069999933242798,115400,0.0012702717315974
2022-08-26,SMCI,7.409999847412109,7.409999847412109,6.940000057220459,6.98199987411499,7460000,0.0125699048466964
2022-08-26,SMSI,20.0,20.239999771118164,18.799999237060547,18.799999237060547,17125,0.0009634914115641
2022-08-26,SMTC,52.650001525878906,52.650001525878906,48.75,48.9900016784668,823800,0.0095233136451906
2022-08-26,SNBR,43.459999084472656,43.95000076293945,41.34000015258789,41.5099983215332,408300,0.0182366340613694
2022-08-26,SNDL,2.930000066757202,3.0899999141693115,2.9100000858306885,2.950000047683716,6559500,0.0254941817531695
2022-08-26,SNDX,24.14999961853028,24.14999961853028,22.75,23.040000915527344,388100,0.0045104830086932
2022-08-26,SNPS,362.7699890136719,363.5400085449219,352.95001220703125,355.0,1219600,0.0078877247445349
2022-08-26,SNY,38.42530197569935,38.4992660718114,37.61167575664448,37.74111557006836,5433700,0.0022248200470783
2022-08-26,SONO,15.649999618530272,15.90999984741211,15.239999771118164,15.3100004196167,2710000,0.0227572365492975
2022-08-26,SPRO,1.0399999618530271,1.0399999618530271,0.9010000228881836,0.9070000052452089,90800,0.0016243117247399
2022-08-26,SPT,63.09000015258789,64.37999725341797,58.84400177001953,59.9900016784668,335000,0.006461443505767
2022-08-26,SPTN,28.838494487456032,29.054110917688103,28.47913833987844,28.6138973236084,206400,0.0060981735024906
2022-08-26,SPWH,9.649999618530272,9.6899995803833,9.06999969482422,9.06999969482422,392300,0.0102911587325321
2022-08-26,SRRK,9.289999961853027,9.369999885559082,9.0,9.06999969482422,321900,0.0033999881702803
2022-08-26,SSNC,56.861675592675525,56.861675592675525,54.920806884765625,54.920806884765625,1212900,0.0049223639034763
2022-08-26,SSP,15.539999961853027,15.710000038146973,15.100000381469728,15.300000190734863,193900,0.0025644587756705
2022-08-26,SSRM,14.260715237136562,14.338749172833891,13.685214263690332,13.802265167236328,1686100,0.0083248575575941
2022-08-26,SSSS,6.460000038146973,6.460000038146973,6.269999980926514,6.28000020980835,198300,0.0084197028689829
2022-08-26,SSYS,18.450000762939453,18.540000915527344,17.6299991607666,17.860000610351562,445500,0.005339613821869
2022-08-26,STAA,103.75,104.22000122070312,98.1500015258789,98.48999786376952,446200,0.0090460492971166
2022-08-26,STGW,7.190000057220459,7.239999771118164,6.860000133514404,6.880000114440918,299300,0.0011262719007766
2022-08-26,STIM,4.199999809265137,4.25,4.119999885559082,4.150000095367432,94400,0.0014343343792021
2022-08-26,STKL,10.640000343322754,10.68000030517578,10.06999969482422,10.199999809265137,827300,0.0070583316980777
2022-08-26,STLD,83.44412183172957,84.96861323262613,82.01551600595334,83.29071807861328,2524800,0.0168435668142026
2022-08-26,STNE,9.93000030517578,10.239999771118164,9.470000267028809,9.600000381469728,7025400,0.0272965704187019
2022-08-26,STOK,16.760000228881836,16.760000228881836,15.399999618530272,15.579999923706056,157500,0.0029124759374011
2022-08-26,STRL,26.8700008392334,26.8799991607666,25.959999084472656,26.030000686645508,88100,0.002896406614722
2022-08-26,STRO,6.210000038146973,6.21999979019165,5.849999904632568,5.960000038146973,168700,0.002013720130574
2022-08-26,STX,71.01393435742693,71.04098274856469,67.2270013801869,67.2811050415039,1789400,0.0084522473625436
2022-08-26,SUPN,35.209999084472656,35.209999084472656,33.54999923706055,33.84000015258789,299800,0.0053713640720601
2022-08-26,SVC,6.0674530512734535,6.075457790040372,5.7152525609550455,5.739266395568848,814300,0.0048866700618311
2022-08-26,SVRA,1.5700000524520874,1.5850000381469729,1.4149999618530271,1.4299999475479126,240500,0.0013931288406331
2022-08-26,SWBI,12.66834222434288,12.66834222434288,12.18454419380629,12.202462196350098,577900,0.0131332850029657
2022-08-26,SWKS,100.74504952242135,101.3040770462154,95.35980696206984,95.4063949584961,2387700,0.0155474515749333
2022-08-26,SWTX,27.59000015258789,28.270000457763672,26.440000534057617,27.100000381469727,1007100,0.0134307936050698
2022-08-26,SXTC,46.0,54.25,34.75,35.25,270608,0.0196615637238162
2022-08-26,SY,0.934302837849444,0.9434626610288538,0.8390406112673587,0.8463684916496277,1140500,0.0133614660240354
2022-08-26,SYBX,1.0299999713897705,1.037999987602234,0.9700000286102296,0.975000023841858,74000,0.0063268952898829
2022-08-26,SYNA,133.74000549316406,133.74000549316406,123.6999969482422,123.70999908447266,658900,0.0168144212562457
2022-08-26,SYPR,2.0199999809265137,2.039999961853028,1.9299999475479128,1.9700000286102293,29500,0.0012814943527367
2022-08-26,TANH,6.71999979019165,6.840000152587891,6.239999771118164,6.6479997634887695,13567,0.0114112926966717
2022-08-26,TAOP,8.0,8.0,7.400000095367432,7.400000095367432,5010,0.000374324758482
2022-08-26,TBBK,24.3799991607666,24.6200008392334,23.65999984741211,23.770000457763672,225900,0.0047107448356973
2022-08-26,TBCH,9.949999809265137,9.949999809265137,9.40999984741211,9.4399995803833,199900,0.0100094636750103
2022-08-26,TBPH,9.31999969482422,9.329999923706056,8.970000267028809,9.050000190734863,353000,0.0070598164447724
2022-08-26,TCBI,62.18999862670898,62.36000061035156,60.58000183105469,60.720001220703125,271100,0.0058775450030027
2022-08-26,TCMD,9.260000228881836,9.390000343322754,8.854999542236328,8.880000114440918,87700,0.0037057695070523
2022-08-26,TCOM,29.78524822300849,29.894716831448072,28.20293787430923,28.730375289916992,5045400,0.0077193647187131
2022-08-26,TCPC,9.678598608130988,9.69254436971936,9.587948830298805,9.62978744506836,130000,0.0015280222352153
2022-08-26,TEAM,265.67999267578125,267.5799865722656,256.510009765625,257.04998779296875,1720700,0.0104925850041465
2022-08-26,TECH,88.55972088021184,88.59681296606996,83.76722717285156,83.76722717285156,598800,0.0037877637771367
2022-08-26,TENB,41.7400016784668,41.790000915527344,40.47999954223633,40.720001220703125,417100,0.0034671077787567
2022-08-26,TER,95.23553569820427,95.30470418362938,88.82260313076354,89.08940124511719,2249900,0.0139890452327094
2022-08-26,TFSL,11.8056285887635,11.829302766859549,11.639907836914062,11.639907836914062,196900,0.0007012133034316
2022-08-26,TGTX,7.710000038146973,7.730000019073486,6.639999866485596,6.760000228881836,2648300,0.0168605271827121
2022-08-26,TH,14.479999542236328,15.600000381469728,13.670000076293944,13.859999656677246,1687600,0.0170787064841116
2022-08-26,TIGR,4.360000133514404,4.360000133514404,3.740000009536743,3.809999942779541,5643700,0.0334304772126134
2022-08-26,TILE,12.604724400617515,12.634452258970958,12.069618225097656,12.069618225097656,148600,0.00253549003549
2022-08-26,TLRY,4.059999942779541,4.079999923706055,3.799999952316284,3.829999923706055,21520100,0.0215875387803485
2022-08-26,TLSA,0.8999999761581421,0.9100000262260436,0.7300000190734863,0.75,72900,0.0006238874435163
2022-08-26,TMUS,143.8408201298463,144.76983191554316,139.63580292320466,139.86073303222656,4347700,0.0038079596739584
2022-08-26,TNDM,48.209999084472656,48.28499984741211,45.91999816894531,46.68000030517578,940700,0.0141324123052793
2022-08-26,TOUR,0.8309296122303428,0.8550845193807081,0.7922817031999171,0.8193352222442627,263800,0.0023570407433881
2022-08-26,TPIC,20.01000022888184,20.38999938964844,19.36000061035156,19.530000686645508,396300,0.0083240388917244
2022-08-26,TREE,36.66999816894531,36.790000915527344,34.29999923706055,34.709999084472656,300300,0.0224211563731931
2022-08-26,TRI,105.90519215796434,106.23234709757944,103.14772708076772,103.4188003540039,316800,0.0007033388489781
2022-08-26,TRIP,25.709999084472656,25.950000762939453,24.920000076293945,25.040000915527344,1371000,0.0107460300042325
2022-08-26,TRMB,69.22000122070312,69.44000244140625,65.9800033569336,66.0,908600,0.0036966215336544
2022-08-26,TRMK,30.389095162578787,30.389095162578787,29.61059352663748,29.71133804321289,198500,0.0032648509599648
2022-08-26,TROW,112.05338333126292,112.1594383329702,105.65487989969508,105.76976776123048,1406200,0.0063273368670188
2022-08-26,TRUE,2.309999942779541,2.309999942779541,2.240000009536743,2.2699999809265137,487400,0.0055692546065756
2022-08-26,TRUP,76.55999755859375,76.91000366210938,69.80000305175781,69.91000366210938,569400,0.0134005794209085
2022-08-26,TRVI,3.680000066757202,3.75,3.450000047683716,3.5999999046325684,117700,0.0012173905848232
2022-08-26,TSCO,39.11266100259866,39.21598167768642,37.24514389038086,37.24514389038086,4181000,0.0078647140074721
2022-08-26,TSEM,46.63999938964844,46.79999923706055,46.34999847412109,46.5,326100,0.0029179380262533
2022-08-26,TSLA,297.42999267578125,302.0,287.4700012207031,288.0899963378906,57163900,0.0177719713035846
2022-08-26,TTD,66.1500015258789,66.4800033569336,62.869998931884766,63.40999984741211,3687100,0.0082252316904839
2022-08-26,TTEK,28.50820369480208,28.59937382053068,27.757049560546875,27.757049560546875,670000,0.0024996642242086
2022-08-26,TTMI,17.399999618530273,17.420000076293945,16.520000457763672,16.579999923706055,563400,0.0055441296582399
2022-08-26,TTWO,128.16000366210938,130.4499969482422,126.9800033569336,127.47000122070312,2724400,0.0154360438763484
2022-08-26,TVTX,28.3799991607666,28.3799991607666,26.76000022888184,26.790000915527344,608800,0.0068580417794428
2022-08-26,TW,71.79439539702544,71.79439539702544,69.24372527063925,69.68860626220703,484200,0.0041584362493344
2022-08-26,TWST,46.09999847412109,46.68999862670898,42.4900016784668,43.09999847412109,1328000,0.0222627914657064
2022-08-26,TXG,38.43000030517578,38.869998931884766,34.7400016784668,34.88999938964844,863300,0.0079754261166797
2022-08-26,TXN,164.7898990672864,165.18910160047886,157.29775432120036,157.3534698486328,6583500,0.0072352672265365
2022-08-26,TXRH,88.1252079589768,88.76324261843543,85.85875290360345,86.01111602783203,521200,0.007846088998615
2022-08-26,UAL,38.2599983215332,38.619998931884766,36.560001373291016,36.56999969482422,6130200,0.0187065156360618
2022-08-26,UBSI,34.88297057476589,34.900804812973995,33.9556139986764,34.00911331176758,386400,0.0026933021423294
2022-08-26,UCTT,33.77000045776367,33.77000045776367,31.309999465942383,31.36000061035156,156600,0.0034697987915528
2022-08-26,UFPI,83.45534811823251,84.17211665006572,79.89086699601654,80.00709533691406,201500,0.0033128152517739
2022-08-26,ULTA,429.6900024414063,433.8800048828125,410.9500122070313,411.4700012207031,2584500,0.0570410178880808
2022-08-26,UMBF,88.85241721702887,88.85241721702887,86.60924486643816,86.69478607177734,131300,0.0018071659014082
2022-08-26,UNIT,7.691344670057768,7.691344670057768,7.44147307747647,7.457090377807617,915000,0.0037464839555166
2022-08-26,UONEK,4.21999979019165,4.389999866485596,4.0,4.070000171661377,74000,0.0021676850880841
2022-08-26,UPBD,24.93118916551844,25.234172705434524,23.355676739307704,23.41627311706543,729900,0.0127108018306062
2022-08-26,UPLD,11.399999618530272,11.875,11.050000190734863,11.15999984741211,704100,0.0249961836532556
2022-08-26,UPWK,18.39999961853028,18.530000686645508,17.459999084472656,17.5,695100,0.0051314041045327
2022-08-26,URBN,22.299999237060547,22.65999984741211,21.479999542236328,21.700000762939453,2115200,0.0228273444649733
2022-08-26,URGN,8.479999542236328,8.539999961853027,7.800000190734863,7.840000152587891,37200,0.0008070394668332
2022-08-26,USEG,3.379950476660929,3.4475494217267086,3.235095364136262,3.331665515899658,141300,0.0041778776499807
2022-08-26,UTHR,221.32000732421875,221.8000030517578,214.58999633789065,215.3000030517578,304800,0.0067865746946264
2022-08-26,VANI,4.329999923706055,4.46999979019165,4.199999809265137,4.46999979019165,53400,0.0009013738355144
2022-08-26,VBTX,29.85392638938816,29.85392638938816,28.774648113992555,28.83867454528809,254600,0.0046741840372759
2022-08-26,VC,126.04000091552734,126.08999633789062,121.2300033569336,121.51000213623048,128900,0.0047598825723306
2022-08-26,VCEL,29.26000022888184,29.26000022888184,26.950000762939453,27.06999969482422,381800,0.0076153016102234
2022-08-26,VCTR,25.852352798716822,25.92515062563085,24.88778115819673,24.896881103515625,124800,0.0018566813392099
2022-08-26,VCYT,22.809999465942383,22.809999465942383,21.06999969482422,21.34000015258789,864300,0.0110886165594112
2022-08-26,VECO,23.65999984741211,23.65999984741211,22.489999771118164,22.56999969482422,296400,0.0051159459062939
2022-08-26,VERI,7.369999885559082,7.559999942779541,7.25,7.369999885559082,292800,0.0065306850751095
2022-08-26,VERU,17.360000610351562,17.3700008392334,16.420000076293945,16.670000076293945,3297900,0.022529101541152
2022-08-26,VFF,2.799999952316284,2.809999942779541,2.6610000133514404,2.740000009536743,970400,0.0086382937055467
2022-08-26,VIAV,15.15999984741211,15.220000267028809,14.529999732971191,14.550000190734863,1004100,0.0045201836531575
2022-08-26,VICR,76.7699966430664,76.7699966430664,73.58000183105469,73.6500015258789,208500,0.0062343580405278
2022-08-26,VIR,25.440000534057617,25.51000022888184,24.32999992370605,24.39999961853028,870900,0.0063503055146639
2022-08-26,VIRT,21.29422381143481,21.39630096390741,20.68619829756836,20.752769470214844,717300,0.0082811313043618
2022-08-26,VKTX,3.569999933242798,3.569999933242798,3.319999933242798,3.3299999237060547,292800,0.0026075572852193
2022-08-26,VLY,10.937300867419063,10.981050237778708,10.604806820915543,10.61355686187744,1089100,0.0019447240812402
2022-08-26,VNDA,10.56999969482422,10.619999885559082,10.210000038146973,10.25,410600,0.0070409493106523
2022-08-26,VNET,5.400000095367432,5.5,5.059999942779541,5.170000076293945,587600,0.0022427908244725
2022-08-26,VNOM,27.71233937325829,28.056802969646352,27.030323122172312,27.220252990722656,480500,0.0036589173259825
2022-08-26,VOD,11.001254567588422,11.033234927742438,10.817366924848884,10.825362205505373,4448900,0.0017836122757696
2022-08-26,VRA,4.78000020980835,4.78000020980835,4.5,4.53000020980835,219900,0.0079383702334581
2022-08-26,VRCA,4.010000228881836,4.010000228881836,3.650000095367432,3.700000047683716,44700,0.0004870342122466
2022-08-26,VRDN,24.020000457763672,24.350000381469727,23.51000022888184,24.059999465942383,347700,0.0042670430140516
2022-08-26,VREX,22.790000915527344,22.790000915527344,21.8799991607666,21.940000534057617,129900,0.0031505420678615
2022-08-26,VRME,1.5800000429153442,1.5800000429153442,1.4500000476837158,1.4966000318527222,61300,0.0049616343445462
2022-08-26,VRNA,11.279999732971191,11.390000343322754,10.43000030517578,10.550000190734863,552900,0.0065033213634894
2022-08-26,VRNS,29.229999542236328,29.309999465942383,27.93000030517578,28.25,545700,0.0048485117725455
2022-08-26,VRNT,50.959999084472656,51.0099983215332,49.2599983215332,49.34999847412109,185100,0.0029788391378586
2022-08-26,VRRM,17.15999984741211,17.216999053955078,16.31999969482422,16.34000015258789,1387300,0.0087020611960708
2022-08-26,VRSK,191.41492129719657,192.19154549459924,186.44053928392145,186.67648315429688,831200,0.0059394765623338
2022-08-26,VRSN,194.8000030517578,194.94000244140625,187.3300018310547,187.509994506836,408800,0.0043213530655391
2022-08-26,VRTX,292.1700134277344,294.1499938964844,281.3099975585937,281.67999267578125,1263800,0.004915960492326
2022-08-26,VSAT,40.0,40.5,38.22999954223633,38.58000183105469,529700,0.0041023853779429
2022-08-26,VSTM,16.200000762939453,16.31999969482422,15.239999771118164,15.239999771118164,63933,0.0012416585744804
2022-08-26,VTGN,6.0,6.300000190734863,5.699999809265137,5.699999809265137,267660,0.0092737534690822
2022-08-26,VTRS,9.143013214554797,9.151958762790567,8.820949589144632,8.838842391967773,6601800,0.0055305817159306
2022-08-26,VUZI,8.15999984741211,8.199999809265137,7.550000190734863,7.679999828338623,781900,0.0102554484119072
2022-08-26,VVPR,12.5,12.899999618530272,11.399999618530272,11.399999618530272,13350,0.0017474439541711
2022-08-26,VXRT,3.3499999046325684,3.359999895095825,3.039999961853028,3.059999942779541,3263100,0.0143150446570081
2022-08-26,VYGR,6.329999923706055,6.429999828338623,6.039999961853027,6.050000190734863,172300,0.0031209866882581
2022-08-26,WAFD,31.208965847257208,31.23655423762784,30.42736377234757,30.51931571960449,248800,0.0030508405409032
2022-08-26,WATT,29.0,29.0,26.39999961853028,27.39999961853028,14365,0.000471963123466
2022-08-26,WB,17.10580869630554,17.151688863841827,15.60704245791263,15.75997829437256,1179100,0.0075829784020105
2022-08-26,WBA,31.48471071920701,31.52732933529256,30.68353080749512,30.68353080749512,6927600,0.008011212792984
2022-08-26,WBD,13.5600004196167,14.020000457763672,13.130000114440918,13.15999984741211,29667500,0.0120857031943998
2022-08-26,WDAY,176.0,178.55999755859375,165.52000427246094,166.4600067138672,9891000,0.0460046511627907
2022-08-26,WDC,36.182918548583984,36.21315383911133,34.383975982666016,34.383975982666016,3380530,0.0097190820644923
2022-08-26,WEN,17.589400413145743,17.70316196780744,16.941830660269858,16.968082427978516,3087000,0.0157312188509636
2022-08-26,WERN,41.28553714522396,41.58491897474622,40.010755942128064,40.0783576965332,334400,0.0054000981836033
2022-08-26,WING,122.78829175206548,123.65997100579044,114.472647151552,114.64598846435548,648000,0.0232233925505951
2022-08-26,WIX,70.62999725341797,70.73999786376953,64.08999633789062,64.08999633789062,987500,0.0177390323380314
2022-08-26,WRAP,2.0899999141693115,2.180000066757202,2.0199999809265137,2.0799999237060547,87300,0.0017288943196018
2022-08-26,WSBC,30.969979579586617,30.987591572784563,30.388797240631256,30.43282890319824,114000,0.001191593620584
2022-08-26,WSC,42.39105669425216,42.52075122760236,40.87459580851387,40.97436141967773,1048600,0.0057121065194233
2022-08-26,WSFS,48.7249906946165,48.7249906946165,47.429267421021024,47.45827865600586,203700,0.0035120205238548
2022-08-26,WTFC,84.02292687347844,84.2618455740681,81.35659329995143,81.39482116699219,255800,0.0038229716056929
2022-08-26,WTW,205.71504486366385,205.71504486366385,200.1174245727858,200.21376037597656,899700,0.009053056526009
2022-08-26,WVE,3.470000028610229,3.470000028610229,3.0999999046325684,3.1600000858306885,101800,0.000663252674511
2022-08-26,WW,6.150000095367432,6.28000020980835,5.820000171661377,5.860000133514404,1433500,0.017890325850289
2022-08-26,WWD,98.81453298390436,99.30600087500044,94.85330298154275,94.99091339111328,277600,0.0046765577435271
2022-08-26,WYNN,63.88226227856317,64.70440654871834,60.96562556266607,61.00477600097656,1599000,0.0150611772019554
2022-08-26,XAIR,9.600000381469728,9.75,9.5,9.550000190734863,111700,0.0012653123180476
2022-08-26,XEL,69.47591606444206,69.56703062961726,68.25496559758372,68.27318572998047,2413300,0.0041896768750641
2022-08-26,XENE,37.83000183105469,38.220001220703125,36.58000183105469,36.970001220703125,242300,0.0031655492090699
2022-08-26,XERS,1.7100000381469729,1.7100000381469729,1.6200000047683716,1.6299999952316284,403600,0.002621800701572
2022-08-26,XFOR,1.159999966621399,1.159999966621399,0.9929999709129332,1.0499999523162842,248900,0.0014332438875516
2022-08-26,XNCR,29.440000534057617,29.440000534057617,27.549999237060547,27.850000381469727,304800,0.0043257417511737
2022-08-26,XNET,1.590000033378601,1.5959999561309814,1.399999976158142,1.4299999475479126,406400,0.00661133362182
2022-08-26,XP,21.107605255956067,21.325210810521323,20.09527304067203,20.170961380004883,2074900,0.0047803468740784
2022-08-26,XRAY,33.11742043065884,33.20221624183063,31.64762756838408,31.66647148132324,2240200,0.0116499305393303
2022-08-26,XRX,14.598403829458444,14.598403829458444,13.763977326334112,13.804484367370604,953100,0.0075778175313059
2022-08-26,YI,2.880000114440918,2.9200000762939453,2.539999961853028,2.720000028610229,239100,0.0481432336708661
2022-08-26,YMAB,16.90999984741211,16.90999984741211,15.15999984741211,15.31999969482422,224700,0.0049692380501656
2022-08-26,YY,32.31262186328492,32.34981709947543,29.318474519041445,30.15534782409668,1232751,0.0344987574580502
2022-08-26,Z,35.970001220703125,36.35900115966797,34.04999923706055,34.060001373291016,3116500,0.0171229670453128
2022-08-26,ZBRA,331.0799865722656,331.6499938964844,308.0899963378906,308.1600036621094,284300,0.0055588904118428
2022-08-26,ZD,83.41000366210938,83.51000213623047,80.51000213623047,80.54000091552734,272300,0.0063448198728239
2022-08-26,ZG,35.880001068115234,36.369998931884766,34.040000915527344,34.11000061035156,557500,0.010260742491253
2022-08-26,ZION,51.89114914208526,52.42461814779,50.99600839725932,51.03217315673828,1215200,0.0082351262451901
2022-08-26,ZKIN,1.0399999618530271,1.0700000524520874,1.0,1.0,66600,0.012897103961115
2022-08-26,ZLAB,45.5,48.685001373291016,44.75,46.58000183105469,934400,0.0085226702664246
2022-08-26,ZM,84.1500015258789,85.0199966430664,80.27999877929688,81.41000366210938,5927400,0.0225587431590004
2022-08-26,ZS,167.52000427246094,168.35499572753906,160.4600067138672,161.19000244140625,1983700,0.0128208117793924
2022-08-26,ZUMZ,27.959999084472656,28.26000022888184,27.34000015258789,27.38999938964844,278400,0.0145308781159964
2022-08-26,ZYME,7.179999828338623,7.190000057220459,6.585000038146973,6.599999904632568,355300,0.0051065802073147
2022-08-26,ZYXI,9.40999984741211,9.40999984741211,9.149999618530272,9.239999771118164,104800,0.0034670530710547
