Date,Stock,Open,High,Low,Close,Volume,Turnover
2023-03-17,AACG,1.8799999952316284,1.9600000381469729,1.8799999952316284,1.899999976158142,15700,0.0004988260113935
2023-03-17,AAL,13.949999809265137,14.170000076293944,13.670000076293944,13.979999542236328,31268800,0.0475516138058566
2023-03-17,AAOI,2.470000028610229,2.549999952316284,2.299999952316284,2.359999895095825,341300,0.0067920668340968
2023-03-17,AAON,60.06460292584683,60.08442944267301,58.64346301125892,59.046669006347656,918000,0.011289069033026
2023-03-17,AAPL,154.52168788730708,155.17510202547024,152.7396561952458,153.4524688720703,98944600,0.0065866021953276
2023-03-17,ABAT,14.324999809265137,14.399999618530272,13.515000343322754,13.875,80380,0.000949467268303
2023-03-17,ABTS,0.9049999713897704,0.949999988079071,0.8970000147819519,0.8999999761581421,6400,0.0027000801586297
2023-03-17,ABUS,2.950000047683716,3.059999942779541,2.9100000858306885,2.990000009536743,2622600,0.0136964696051806
2023-03-17,ACB,7.300000190734863,7.400000095367432,7.210000038146973,7.300000190734863,281760,0.0051337272543414
2023-03-17,ACET,7.619999885559082,7.670000076293945,7.289999961853027,7.429999828338623,3544200,0.0428634662783694
2023-03-17,ACGL,62.236306204298685,62.40746823076365,59.94464450778558,60.04924392700195,4795300,0.0127630976588699
2023-03-17,ACHC,70.20999908447266,70.52999877929688,69.11000061035156,69.45999908447266,815800,0.0088550904287305
2023-03-17,ACIU,2.299999952316284,2.400000095367432,2.200000047683716,2.220000028610229,109200,0.0010875410815655
2023-03-17,ACIW,25.64999961853028,27.280000686645508,25.64999961853028,26.940000534057617,3891500,0.0369436849700007
2023-03-17,ACLS,130.02000427246094,131.94000244140625,127.4000015258789,128.22000122070312,993500,0.0308724456818972
2023-03-17,ACMR,12.3100004196167,12.31999969482422,11.850000381469728,11.899999618530272,590900,0.0101690131634424
2023-03-17,ACRS,8.109999656677246,8.420000076293945,7.71999979019165,7.889999866485596,958400,0.0088619299478492
2023-03-17,ACTG,4.360000133514404,4.400000095367432,4.099999904632568,4.199999809265137,580600,0.0060425035905334
2023-03-17,ADAP,1.2000000476837158,1.2000000476837158,1.1200000047683716,1.1200000047683716,963900,0.0037472009703302
2023-03-17,ADBE,354.7799987792969,360.6300048828125,350.8399963378906,358.1400146484375,6725400,0.0157799155326137
2023-03-17,ADI,180.87530977306696,182.2362940838406,178.05682652921703,179.38885498046875,6216500,0.012533872606739
2023-03-17,ADIL,10.25,10.75,10.0,10.25,11452,0.0017418576671701
2023-03-17,ADMA,3.130000114440918,3.180000066757202,3.0299999713897705,3.0999999046325684,9981800,0.0420082893080558
2023-03-17,ADP,207.01854786696427,207.71721940340464,203.45817227793103,204.0707092285156,8927500,0.0219418435436913
2023-03-17,ADPT,8.300000190734863,8.465999603271484,7.869999885559082,8.010000228881836,1145200,0.0077075285027796
2023-03-17,ADSK,199.3000030517578,202.7100067138672,196.8999938964844,199.1100006103516,2216100,0.0104042253521126
2023-03-17,ADTN,15.210885772228975,15.210885772228975,14.9368160190157,15.044486045837402,1123000,0.014044170981216
2023-03-17,AEHR,32.95000076293945,33.84000015258789,31.39999961853028,32.25,784000,0.02633399840115
2023-03-17,AEMD,4.199999809265137,4.199999809265137,3.799999952316284,3.900000095367432,21410,0.0010364475168344
2023-03-17,AEP,84.59090246709187,84.80323676935824,83.1784395030657,83.73234558105469,8072300,0.015117006374675
2023-03-17,AGAE,1.2400000095367432,1.2400000095367432,1.149999976158142,1.190000057220459,90200,0.0020450732326667
2023-03-17,AGEN,35.72129440307617,36.11383819580078,32.97350311279297,33.36604690551758,768005,0.0303453739410797
2023-03-17,AGIO,23.88999938964844,23.88999938964844,22.989999771118164,23.26000022888184,796400,0.013899700154635
2023-03-17,AGNC,7.250113100438815,7.250113100438815,7.045473008047585,7.118558406829834,16820000,0.017759475696016
2023-03-17,AHCO,13.529999732971191,13.640000343322754,13.329999923706056,13.489999771118164,1905000,0.0141250260404679
2023-03-17,AHG,0.3499999940395355,0.3650000095367431,0.3499999940395355,0.3650000095367431,600,1.514535787511356e-06
2023-03-17,AIOT,2.880000114440918,3.220000028610229,2.6600000858306885,2.869999885559082,55800,0.0004211034722169
2023-03-17,AKAM,72.88999938964844,73.93000030517578,72.4800033569336,73.61000061035156,4859400,0.0332573639526474
2023-03-17,AKBA,0.699999988079071,0.703000009059906,0.6349999904632568,0.6349999904632568,1473300,0.0056398358344963
2023-03-17,AKRO,39.970001220703125,40.7599983215332,38.060001373291016,40.22999954223633,1070000,0.0134388182601538
2023-03-17,ALDX,7.960000038146973,8.0,7.53000020980835,7.550000190734863,364500,0.0061046380175753
2023-03-17,ALEC,6.300000190734863,6.440000057220459,6.019999980926514,6.320000171661377,1939900,0.0195779613616887
2023-03-17,ALGN,325.0899963378906,326.489990234375,317.6700134277344,320.8699951171875,1580800,0.0215925889339293
2023-03-17,ALGT,81.82717537442598,81.82717537442598,77.42942104457359,78.17365264892578,622200,0.0339289901463058
2023-03-17,ALLK,5.449999809265137,5.489999771118164,5.349999904632568,5.449999809265137,2488600,0.027535766843334
2023-03-17,ALLO,5.460000038146973,5.559999942779541,5.300000190734863,5.489999771118164,2605100,0.0119904268792645
2023-03-17,ALNY,187.3000030517578,189.13999938964844,184.07000732421875,185.4499969482422,883400,0.0068254691834006
2023-03-17,ALRM,50.27000045776367,50.68999862670898,49.290000915527344,49.869998931884766,573200,0.0115455345650987
2023-03-17,ALT,10.960000038146973,11.270000457763672,10.630000114440918,11.010000228881836,2342200,0.030412772294424
2023-03-17,ALTO,1.820000052452088,1.830000042915344,1.690000057220459,1.7300000190734863,1874600,0.0244690378042326
2023-03-17,ALTR,68.11000061035156,70.54000091552734,67.58999633789062,69.56999969482422,796008,0.0131071980187911
2023-03-17,AMAT,121.56986040681502,122.29740942331038,119.57401192173856,120.53752136230467,13761500,0.0169384602617014
2023-03-17,AMBA,77.4000015258789,77.8499984741211,75.66999816894531,76.80999755859375,786700,0.0185378934618991
2023-03-17,AMCX,16.15999984741211,16.3700008392334,15.890000343322754,16.0,896400,0.0274538148674474
2023-03-17,AMD,96.66000366210938,98.75,95.94000244140624,97.83999633789062,94080800,0.0579090618008131
2023-03-17,AMED,75.5199966430664,76.5,72.62000274658203,72.63999938964844,464400,0.0141540918553015
2023-03-17,AMGN,219.2854714844828,219.5107845385837,214.5443135212276,215.73663330078125,7817000,0.0145512422937424
2023-03-17,AMKR,24.298703471807663,24.33721259993024,23.759588531605672,23.81735038757324,1537200,0.0062220711093841
2023-03-17,AMPH,37.400001525878906,37.400001525878906,36.02999877929688,36.290000915527344,1221600,0.0256368821891244
2023-03-17,AMRX,1.340000033378601,1.465000033378601,1.3200000524520874,1.4299999475479126,2083600,0.0066487542156854
2023-03-17,AMSC,4.619999885559082,4.619999885559082,4.25,4.269999980926514,343700,0.0087101523833176
2023-03-17,AMTX,2.759999990463257,2.805000066757202,2.634999990463257,2.75,792800,0.0148689123825706
2023-03-17,AMZN,99.79000091552734,100.66000366210938,97.45999908447266,98.9499969482422,87300200,0.008226244671049
2023-03-17,ANAB,22.049999237060547,22.309999465942383,21.520000457763672,21.799999237060547,565100,0.0184270937952443
2023-03-17,ANGO,12.520000457763672,12.630000114440918,12.210000038146973,12.31999969482422,610000,0.0150220405348831
2023-03-17,ANSS,314.0799865722656,316.4800109863281,310.489990234375,311.0899963378906,1048700,0.0119643863560132
2023-03-17,ANY,2.309999942779541,2.3239998817443848,2.1700000762939453,2.309999942779541,114943,0.0045158388106846
2023-03-17,AOSL,25.64999961853028,25.950000762939453,24.940000534057617,24.979999542236328,689500,0.0234404215536291
2023-03-17,APA,30.687192427700538,30.7810679128366,29.504389962854983,29.79539680480957,15840600,0.0437992169527517
2023-03-17,APLS,64.02999877929688,64.69000244140625,61.2400016784668,63.02000045776367,2735000,0.0217900506708308
2023-03-17,APLT,0.949999988079071,0.959999978542328,0.8999999761581421,0.9520000219345092,88500,0.0007605967891642
2023-03-17,APPN,42.7599983215332,42.7599983215332,41.0099983215332,41.59000015258789,529000,0.0123146402216169
2023-03-17,APPS,10.34000015258789,10.789999961853027,10.210000038146973,10.229999542236328,3758700,0.0357947565400401
2023-03-17,AQST,0.7620000243186951,0.796999990940094,0.7480000257492065,0.777999997138977,189400,0.0019156196837508
2023-03-17,ARAY,2.7799999713897705,2.8399999141693115,2.7799999713897705,2.799999952316284,336700,0.0032743044412677
2023-03-17,ARCB,92.24153345611109,92.46951393000104,87.077356393307,87.70182037353516,900800,0.0389109428387537
2023-03-17,ARCC,14.618289433615317,14.709395427652012,14.336690524526103,14.436079025268556,5273200,0.0077039727744886
2023-03-17,ARCT,15.739999771118164,15.739999771118164,15.020000457763672,15.390000343322754,662100,0.0244138968576464
2023-03-17,ARDX,3.984999895095825,4.079999923706055,3.869999885559082,4.050000190734863,29121000,0.1221743946030307
2023-03-17,AREC,1.3700000047683716,1.3899999856948853,1.340000033378601,1.340000033378601,163800,0.002115696952425
2023-03-17,ARLP,14.913797226693587,14.913797226693587,14.45948896600404,14.772805213928224,710500,0.0055322826797894
2023-03-17,ARQT,10.989999771118164,11.260000228881836,10.850000381469728,11.09000015258789,1881100,0.0158557966250273
2023-03-17,ARVN,29.8799991607666,30.46999931335449,29.5,29.950000762939453,677200,0.0098470445139922
2023-03-17,ARWR,24.34000015258789,24.38999938964844,23.09000015258789,24.299999237060547,2395100,0.0174421239871027
2023-03-17,ASML,625.3041167732948,629.9319082435309,618.4956183712675,625.2843627929688,1109300,0.0028212105798575
2023-03-17,ASND,109.08000183105467,109.66999816894533,107.5500030517578,108.13999938964844,154300,0.0025663329713079
2023-03-17,ASRT,6.199999809265137,6.199999809265137,5.820000171661377,5.829999923706055,1816300,0.0189646145331156
2023-03-17,ATEC,15.329999923706056,15.720000267028809,15.210000038146973,15.300000190734863,1243200,0.0086244099438447
2023-03-17,ATER,0.9100000262260436,0.9279999732971193,0.8679999709129333,0.8790000081062317,1333500,0.1523871124042081
2023-03-17,ATOM,6.489999771118164,6.489999771118164,6.039999961853027,6.349999904632568,181100,0.0058982735092284
2023-03-17,ATOS,0.6600000262260437,0.6899999976158142,0.6499999761581421,0.6899999976158142,178700,0.0013834481690795
2023-03-17,ATRC,39.38999938964844,39.9900016784668,38.72999954223633,39.20000076293945,663700,0.0134097333206718
2023-03-17,ATSG,20.549999237060547,20.770000457763672,20.170000076293945,20.229999542236328,789800,0.0119865534485244
2023-03-17,ATXS,11.130000114440918,11.68000030517578,10.949999809265137,11.399999618530272,919200,0.01628799557715
2023-03-17,ATYR,1.909999966621399,1.9600000381469729,1.815000057220459,1.8799999952316284,933400,0.010504329350226
2023-03-17,AUPH,9.479999542236328,9.779999732971191,9.359999656677246,9.510000228881836,2532900,0.0184426845430542
2023-03-17,AUTL,2.150000095367432,2.150000095367432,2.049999952316284,2.0899999141693115,216500,0.0008135152745778
2023-03-17,AVAV,90.77999877929688,91.5,88.83000183105469,90.38999938964844,558600,0.0197953137624562
2023-03-17,AVDL,9.100000381469728,9.479999542236328,8.850000381469727,8.90999984741211,167000,0.0017282524780242
2023-03-17,AVGO,61.22123860679759,61.516523307902,60.31518224244057,60.68933868408203,79303000,0.0168659813076632
2023-03-17,AVT,41.28249348710703,41.28249348710703,40.418087974786594,40.92153549194336,1559800,0.0180314110463489
2023-03-17,AVXL,9.399999618530272,9.550000190734863,9.210000038146973,9.510000228881836,1908500,0.0224359954011205
2023-03-17,AXGN,7.920000076293945,8.34000015258789,7.920000076293945,8.220000267028809,826800,0.0186452221054578
2023-03-17,AXON,215.3600006103516,216.5800018310547,210.9600067138672,213.1199951171875,941600,0.0121244110853171
2023-03-17,AXSM,63.27000045776367,63.65999984741211,61.45000076293945,62.7400016784668,1050100,0.0215337103766194
2023-03-17,AXTI,3.759999990463257,3.819999933242798,3.7100000381469727,3.759999990463257,394400,0.0086495021711478
2023-03-17,AZN,62.87616054557454,63.12543556686683,62.636467960983154,62.90492248535156,5402800,0.0017426363749786
2023-03-17,AZTA,39.790000915527344,39.900001525878906,38.09999847412109,39.5099983215332,3620400,0.0792286347044354
2023-03-17,BAND,15.460000038146973,15.460000038146973,14.779999732971191,15.18000030517578,766800,0.0287560424065372
2023-03-17,BBIO,13.75,13.93000030517578,13.260000228881836,13.550000190734863,7176700,0.0377345708841024
2023-03-17,BCRX,8.079999923706055,8.180000305175781,8.010000228881836,8.100000381469727,5228500,0.025021535222052
2023-03-17,BCYC,21.270000457763672,22.190000534057617,20.69499969482422,21.71999931335449,801000,0.0167888275697281
2023-03-17,BDTX,1.690000057220459,1.7000000476837158,1.5950000286102295,1.6299999952316284,33800,0.0005965176078585
2023-03-17,BEAM,35.15999984741211,35.314998626708984,32.720001220703125,33.220001220703125,2045400,0.0204867788461538
2023-03-17,BECN,57.84999847412109,58.04999923706055,56.09000015258789,56.22999954223633,497300,0.0080485665362193
2023-03-17,BGC,5.207524548032307,5.305965372593783,5.040174911576358,5.06970739364624,3321300,0.0088940123579668
2023-03-17,BGFV,6.99042162088396,7.02626990182427,6.703634946016261,6.748445510864258,517200,0.0227965937340221
2023-03-17,BHF,43.06999969482422,43.24300003051758,40.209999084472656,40.66999816894531,1424300,0.0245313078599047
2023-03-17,BIDU,143.72999572753906,147.39999389648438,141.27999877929688,146.83999633789062,7689100,0.0276359676236755
2023-03-17,BILI,23.06999969482422,23.31999969482422,22.13999938964844,22.18000030517578,5095200,0.0151814552172099
2023-03-17,BJRI,29.88999938964844,30.01000022888184,29.1200008392334,29.520000457763672,533000,0.0234613657772182
2023-03-17,BKNG,2413.5226191503475,2419.1611676279017,2366.9321441272955,2414.45263671875,798800,0.0243423779224261
2023-03-17,BKR,25.722129629846123,25.760237360753784,25.083839673755765,25.645915985107425,14502600,0.0146439135312741
2023-03-17,BKYI,14.399999618530272,15.300000190734863,13.31999969482422,14.039999961853027,1389,0.0003731814457086
2023-03-17,BL,66.29000091552734,66.97000122070312,65.45999908447266,66.75,731900,0.0116033521147303
2023-03-17,BLBD,19.90999984741211,19.90999984741211,19.01000022888184,19.34000015258789,203000,0.006321801495433
2023-03-17,BLDP,5.119999885559082,5.119999885559082,4.769999980926514,4.96999979019165,4929800,0.0164513114863512
2023-03-17,BLFS,18.90999984741211,21.64999961853028,18.36000061035156,21.520000457763672,744100,0.0156493173271866
2023-03-17,BLIN,1.0199999809265137,1.059999942779541,1.0099999904632568,1.0199999809265137,20400,0.0019535364755903
2023-03-17,BLKB,57.869998931884766,58.18999862670898,56.68000030517578,57.13999938964844,492800,0.0100088349090613
2023-03-17,BLMN,23.721470417516027,23.721470417516027,22.81364526713741,23.14046287536621,3978600,0.0468451963245371
2023-03-17,BLNK,7.650000095367432,7.704999923706055,7.420000076293945,7.519999980926514,3523100,0.0342984258024318
2023-03-17,BMRA,2.25,2.299999952316284,2.25,2.259999990463257,12100,0.0006598680263947
2023-03-17,BMRN,92.37000274658205,92.4499969482422,90.48999786376952,91.66999816894533,1758400,0.0091700825015384
2023-03-17,BNTX,130.82000732421875,132.2899932861328,129.52000427246094,129.63999938964844,794300,0.0033041728604135
2023-03-17,BPMC,44.7599983215332,45.630001068115234,44.0,45.09000015258789,999200,0.0156354645886145
2023-03-17,BPOP,48.28249061074059,49.18204380203036,47.01364294147216,48.14992141723633,4962400,0.071567227678507
2023-03-17,BRKL,9.738246904047326,9.836703136107625,9.36232186731498,9.550284385681152,2059000,0.0228878240066617
2023-03-17,BRKR,72.99119731480263,73.12039013233185,71.54031799986858,71.72913360595703,1111700,0.0073280383548617
2023-03-17,BRY,6.159586853710779,6.192747451943785,5.927462666079738,5.960623264312744,1357700,0.0174969908320252
2023-03-17,BTAI,305.9200134277344,314.0799865722656,296.5599975585937,310.7200012207031,182038,0.0332912707295484
2023-03-17,BTCS,1.5,1.5299999713897705,1.3300000429153442,1.4299999475479126,81000,0.0040134972425787
2023-03-17,BTOG,8.100000381469727,8.100000381469727,6.179999828338623,7.559999942779541,6807,0.0007966416294697
2023-03-17,BWEN,3.450000047683716,3.470000028610229,3.2100000381469727,3.359999895095825,169100,0.0075762667060937
2023-03-17,BWIN,23.299999237060547,23.40999984741211,22.729999542236328,23.36000061035156,514000,0.0075419650193684
2023-03-17,BYND,16.81999969482422,16.829999923706055,15.420000076293944,15.539999961853027,4413200,0.0577783131015846
2023-03-17,BYSI,1.25,1.2799999713897705,1.190000057220459,1.2400000095367432,88400,0.0021926615289597
2023-03-17,BZUN,5.789999961853027,5.809999942779541,5.552999973297119,5.659999847412109,226000,0.0041748794180291
2023-03-17,CABA,8.15999984741211,8.199999809265137,7.389999866485596,8.100000381469727,217200,0.0042803849193289
2023-03-17,CAKE,33.76598369922543,33.86035697394113,32.9072066991604,33.44512176513672,1247500,0.0252280637183031
2023-03-17,CALM,49.11085393996445,49.218023422358776,48.44996808367719,48.664310455322266,1534400,0.0346788410251774
2023-03-17,CAMT,26.956829138752887,26.956829138752887,26.60265309268975,26.612489700317383,34000,0.0007457039774534
2023-03-17,CAN,3.0899999141693115,3.109999895095825,2.9600000381469727,3.0799999237060547,3698700,0.0104734831014327
2023-03-17,CAPR,4.559999942779541,4.570000171661377,4.260000228881836,4.340000152587891,128300,0.0028088596205083
2023-03-17,CAR,171.4373538381544,171.69388685394577,162.7533741870651,164.72959899902344,1096400,0.0311546308557009
2023-03-17,CARG,17.90999984741211,18.350000381469727,17.75,17.8799991607666,1411300,0.0157812159227269
2023-03-17,CARM,3.1600000858306885,3.289999961853028,3.069999933242798,3.119999885559082,167900,0.0040178902606244
2023-03-17,CASY,205.63641715747224,205.63641715747224,199.7947094093399,203.32345581054688,556400,0.0152841606759752
2023-03-17,CATY,33.75430129722696,34.173899667837794,33.00835061445961,33.53984069824219,2039200,0.029129637514859
2023-03-17,CBAT,0.9700000286102296,0.9700000286102296,0.9300000071525574,0.9300000071525574,334700,0.0037213823804785
2023-03-17,CBRL,102.417232678237,103.18375985737,97.83609566199108,99.8380889892578,5625500,0.2526781503357513
2023-03-17,CBSH,53.22557230860991,53.22557230860991,51.3186386902248,51.566986083984375,1155200,0.0086161373569819
2023-03-17,CCEP,53.03265571054624,53.03265571054624,51.76055183988725,51.911319732666016,2223100,0.004835043984698
2023-03-17,CCOI,55.42846140499349,55.82998829407405,54.777097075498304,55.27677536010742,1312600,0.0265813966675037
2023-03-17,CCRN,23.100000381469727,23.420000076293945,22.270000457763672,22.34000015258789,1464200,0.0446231021010221
2023-03-17,CDLX,3.309999942779541,3.319999933242798,3.0739998817443848,3.119999885559082,1025900,0.0196628621261344
2023-03-17,CDNA,9.5600004196167,9.59000015258789,9.079999923706056,9.279999732971191,2267800,0.0409158895029219
2023-03-17,CDNS,206.77999877929688,209.5,205.42999267578125,206.8800048828125,4539600,0.0165489193580448
2023-03-17,CDW,189.00640039799,189.00640039799,182.09367362744945,183.6070556640625,1622300,0.0123118838555935
2023-03-17,CDXS,4.21999979019165,4.21999979019165,3.859999895095825,3.890000104904175,788600,0.0095198665103699
2023-03-17,CDZI,4.010000228881836,4.03000020980835,3.7699999809265137,3.9700000286102295,933900,0.0114189643577673
2023-03-17,CELH,28.21333312988281,28.483333587646484,27.71333312988281,27.926666259765625,2601000,0.0100977947938021
2023-03-17,CENTA,30.503999710083008,30.520000457763672,29.69599914550781,29.74399948120117,768500,0.0144491824977813
2023-03-17,CENX,9.039999961853027,9.140000343322754,8.619999885559082,8.65999984741211,3715100,0.0402531945548894
2023-03-17,CERS,2.930000066757202,2.950000047683716,2.8399999141693115,2.930000066757202,3029500,0.0163060444587975
2023-03-17,CFFN,6.753639409925405,6.8070278117703005,6.495595255528428,6.718047142028809,6436400,0.0494491479848189
2023-03-17,CG,28.232609542053588,28.483525200736743,27.49845107751608,28.26978302001953,4635500,0.0128335033134607
2023-03-17,CGC,20.200000762939453,20.3700008392334,19.700000762939453,20.0,506070,0.0032398432798555
2023-03-17,CGEN,0.75,0.75,0.6800000071525574,0.6800000071525574,383500,0.0041010340808229
2023-03-17,CGNX,47.80358675669802,47.9809658641486,46.92654770271847,47.941551208496094,1371600,0.0080982464426994
2023-03-17,CHDN,121.109241046715,123.235969036408,120.46824440872405,122.68938446044922,569800,0.0077536679557695
2023-03-17,CHEF,31.64999961853028,32.130001068115234,31.559999465942383,31.8799991607666,1154100,0.0281566780926357
2023-03-17,CHKP,129.24000549316406,129.72999572753906,127.87000274658205,129.1699981689453,1053000,0.0097168009301553
2023-03-17,CHRD,109.3359177426254,110.51955455783586,103.39125570892772,107.330810546875,8879100,0.1492549105304297
2023-03-17,CHRS,6.349999904632568,6.440000057220459,6.050000190734863,6.079999923706055,2043600,0.0176328981768294
2023-03-17,CHRW,93.4136889262883,94.13378838641844,90.28695439648546,90.87440490722656,2919700,0.0246957124853036
2023-03-17,CHTR,342.9800109863281,352.9800109863281,338.9599914550781,350.010009765625,2402600,0.0169180503330657
2023-03-17,CHX,25.136976063903013,25.136976063903013,24.14357506903544,24.63053703308105,2502500,0.0131158280922431
2023-03-17,CINF,103.9553121770032,104.06907532970138,97.52743365576887,99.46148681640624,7773400,0.0496496688097426
2023-03-17,CKPT,3.990000009536743,4.019999980926514,3.640000104904175,3.640000104904175,226000,0.0027208035626057
2023-03-17,CLAR,8.694005966186523,9.051029399130233,8.626460345739995,8.694005966186523,559800,0.0145924894818336
2023-03-17,CLDX,42.220001220703125,42.36000061035156,40.75,41.84000015258789,741700,0.0111729066428857
2023-03-17,CLIR,0.800000011920929,0.8500000238418579,0.7699999809265137,0.800000011920929,20300,0.0003872656375193
2023-03-17,CLLS,1.7999999523162842,1.8899999856948853,1.7999999523162842,1.8799999952316284,74500,0.0007428457473327
2023-03-17,CLMT,18.25,18.25,17.690000534057617,18.190000534057617,90800,0.0010532774653931
2023-03-17,CLNE,4.309999942779541,4.389999866485596,4.199999809265137,4.329999923706055,5490800,0.0245164401421657
2023-03-17,CLRB,1.590000033378601,1.600000023841858,1.5,1.5199999809265137,44900,0.0009743944756824
2023-03-17,CLRO,0.5465033605060419,0.5465033605060419,0.5195630788803101,0.5195630788803101,22500,0.0008664143154749
2023-03-17,CLSD,0.9829999804496764,1.059999942779541,0.9700000286102296,1.0399999618530271,210100,0.002723481559865
2023-03-17,CMCSA,33.504683597885666,33.822263689184865,33.28051151176333,33.65413284301758,51723700,0.0137140671327534
2023-03-17,CME,170.78135764172907,173.54545831275786,169.02071791359208,169.65928649902344,5039500,0.0139838503801542
2023-03-17,CMRX,1.340000033378601,1.340000033378601,1.2699999809265137,1.2799999713897705,857900,0.0091456849296083
2023-03-17,CMTL,12.600000381469728,12.640000343322754,12.15999984741211,12.229999542236328,362900,0.0123659981054023
2023-03-17,CNDT,3.3499999046325684,3.5850000381469727,3.2799999713897705,3.3299999237060547,2590100,0.0160050670456652
2023-03-17,CNVS,9.600000381469728,9.800000190734863,9.0,9.199999809265137,13760,0.0008610978998222
2023-03-17,CODX,2.5,2.7699999809265137,2.440000057220459,2.4800000190734863,228900,0.0071688516683474
2023-03-17,COGT,11.65999984741211,11.78499984741211,11.149999618530272,11.460000038146973,2003900,0.0176012296881862
2023-03-17,COHU,37.709999084472656,37.75,37.06999969482422,37.220001220703125,697000,0.014990826990371
2023-03-17,COLB,19.03912674013026,19.197053569105503,18.539019257904705,19.05667304992676,6011200,0.0286090939301204
2023-03-17,COLL,24.18000030517578,24.51000022888184,23.729999542236328,23.8700008392334,588800,0.0183245258591177
2023-03-17,COLM,83.94270498722827,84.1852859111515,82.94327276514174,83.44783782958984,425800,0.007693864423195
2023-03-17,COMM,6.190000057220459,6.21999979019165,5.909999847412109,6.039999961853027,4797000,0.022150803594398
2023-03-17,COO,86.27580080327263,87.22822622492728,84.25345877947771,85.36837005615234,2188800,0.0109463539039435
2023-03-17,COOP,40.2599983215332,40.2599983215332,38.150001525878906,38.470001220703125,2683200,0.0419358771181275
2023-03-17,CORT,20.86000061035156,20.979999542236328,20.540000915527344,20.63999938964844,1622200,0.0153758660891159
2023-03-17,COST,472.1457037650654,472.9469685909784,464.8473204777865,470.1955871582031,3959300,0.0089237133913408
2023-03-17,CPB,50.23551092145362,50.28185293591974,49.21596892485381,49.47549057006836,4545200,0.0152430386680328
2023-03-17,CPIX,2.1600000858306885,2.1600000858306885,1.919999957084656,1.919999957084656,24500,0.0017539589358838
2023-03-17,CPRT,34.80500030517578,34.9900016784668,34.4900016784668,34.86000061035156,7736200,0.0080077177498043
2023-03-17,CPRX,15.649999618530272,16.459999084472656,15.539999961853027,15.920000076293944,4629900,0.0381218608480856
2023-03-17,CPSH,2.759999990463257,2.7699999809265137,2.720000028610229,2.7699999809265137,24400,0.0016797466611593
2023-03-17,CRDF,1.7000000476837158,1.7999999523162842,1.6699999570846558,1.7599999904632568,180600,0.0027147974499543
2023-03-17,CRDL,0.5099999904632568,0.527999997138977,0.4720000028610229,0.4720000028610229,117000,0.0014163105714873
2023-03-17,CRIS,0.5600000023841858,0.5600000023841858,0.5199999809265137,0.5400000214576721,348700,0.0333295100456882
2023-03-17,CRMD,3.569999933242798,3.630000114440918,3.450000047683716,3.4600000381469727,185600,0.0028474205990015
2023-03-17,CRNC,26.11000061035156,26.239999771118164,25.5,25.600000381469727,758100,0.0175490173383643
2023-03-17,CRNT,1.6799999475479126,1.6799999475479126,1.5499999523162842,1.559999942779541,538000,0.0060558917838703
2023-03-17,CRNX,17.31999969482422,17.520000457763672,16.81999969482422,17.25,1009700,0.0108513306867421
2023-03-17,CRON,2.0199999809265137,2.0199999809265137,1.9299999475479128,1.950000047683716,1407300,0.0036789174487
2023-03-17,CROX,120.5999984741211,120.6500015258789,117.87000274658205,119.91999816894533,1551600,0.0276793646376315
2023-03-17,CRSP,45.630001068115234,45.95000076293945,44.25,45.7400016784668,957900,0.0111676552433487
2023-03-17,CRTO,30.670000076293945,30.700000762939453,29.75,29.88999938964844,279400,0.0051476305055142
2023-03-17,CRUS,103.66999816894533,104.41000366210938,101.91000366210938,102.75,1231200,0.0231668513817882
2023-03-17,CRVS,0.7360000014305115,0.746999979019165,0.6899999976158142,0.7350000143051147,154100,0.0022616598029229
2023-03-17,CRWD,133.75,136.47000122070312,131.86000061035156,133.1199951171875,5728900,0.0231122396747443
2023-03-17,CSCO,46.9694771798946,47.240491740955065,46.48352470723673,46.90406036376953,47642700,0.0119756732058381
2023-03-17,CSGP,67.45999908447266,67.91999816894531,66.4000015258789,66.93000030517578,3460100,0.008203896345504
2023-03-17,CSIQ,36.5,36.65999984741211,34.310001373291016,35.029998779296875,1821700,0.0275285644557075
2023-03-17,CSTL,22.229999542236328,22.299999237060547,21.0,21.39999961853028,195500,0.0067776279342275
2023-03-17,CSWC,13.722953699149109,13.795306830312576,13.602365658330038,13.66667938232422,355100,0.0070203116535987
2023-03-17,CSX,28.512395219253776,28.512395219253776,27.93884194363957,28.104103088378903,21490800,0.0114024674611054
2023-03-17,CTAS,107.98675116006008,108.99817836564668,106.3803783450838,107.27281188964844,2310000,0.0057208378532079
2023-03-17,CTLP,5.5,5.550000190734863,5.309999942779541,5.400000095367432,1091500,0.0149449712875815
2023-03-17,CTMX,1.8799999952316284,1.919999957084656,1.830000042915344,1.8600000143051147,1421100,0.0177415942970418
2023-03-17,CTRM,7.300000190734863,7.400000095367432,6.800000190734863,7.110000133514404,112430,0.0116358856799846
2023-03-17,CTSH,56.57491297087896,56.797572183595214,55.76172103650295,55.94565963745117,7122100,0.0143992511362349
2023-03-17,CTSO,3.2300000190734863,3.25,3.0799999237060547,3.130000114440918,47300,0.0007568
2023-03-17,CUE,3.0899999141693115,3.150000095367432,2.9600000381469727,3.039999961853028,227900,0.003686562890757
2023-03-17,CVBF,17.031123126149353,17.12123523428945,16.283195550453897,16.53550910949707,3168800,0.0227820435395277
2023-03-17,CVLT,55.5,55.91999816894531,54.68999862670898,54.75,420600,0.0095596123424914
2023-03-17,CWST,80.88999938964844,81.51000213623047,79.06999969482422,79.1500015258789,440600,0.007064259751837
2023-03-17,CYBR,141.55999755859375,142.6699981689453,137.83999633789062,140.36000061035156,410800,0.0083059198887152
2023-03-17,CYCC,9.300000190734863,9.75,9.0,9.75,3113,1.501427634371262e-05
2023-03-17,CYRX,22.56999969482422,22.68000030517578,20.989999771118164,21.61000061035156,668300,0.0133899948708084
2023-03-17,CYTK,36.869998931884766,36.93999862670898,35.02000045776367,35.33000183105469,2429100,0.0203804074235661
2023-03-17,CZR,43.84000015258789,44.09000015258789,41.79999923706055,43.18999862670898,5339300,0.0251838340171153
2023-03-17,DAKT,4.800000190734863,4.929999828338623,4.71999979019165,4.860000133514404,277800,0.0055677925846943
2023-03-17,DBX,20.040000915527344,20.19499969482422,19.81999969482422,20.01000022888184,5258300,0.0242972982724007
2023-03-17,DDOG,69.20999908447266,69.95999908447266,67.8499984741211,68.62000274658203,4744600,0.0149550683503927
2023-03-17,DENN,11.029999732971191,11.149999618530272,10.869999885559082,11.0,612100,0.0118909552199952
2023-03-17,DGLY,3.819999933242798,4.130000114440918,3.670000076293945,3.759999990463257,59900,0.0007558236019257
2023-03-17,DHC,1.4924405355213846,1.540583848953247,1.3383821850607918,1.540583848953247,29027400,0.1203278117693876
2023-03-17,DIOD,90.7300033569336,91.33999633789062,87.38999938964844,87.73999786376953,681200,0.0146617593250252
2023-03-17,DKNG,18.5,18.6299991607666,17.645000457763672,17.8700008392334,8162500,0.0163264367264319
2023-03-17,DLPN,3.799999952316284,4.0,3.700000047683716,3.900000095367432,9750,0.0008734993728722
2023-03-17,DLTR,138.3300018310547,139.27000427246094,135.4499969482422,137.14999389648438,6545000,0.0304301118942878
2023-03-17,DNLI,23.31999969482422,23.459999084472656,22.86000061035156,23.32999992370605,1170500,0.0080604616294205
2023-03-17,DNTH,0.75,0.7799999713897705,0.7400000095367432,0.7699999809265137,107400,0.0033430970027298
2023-03-17,DOCU,58.52000045776367,59.68999862670898,57.45000076293945,58.52000045776367,3809500,0.0188132747296162
2023-03-17,DOMO,12.164999961853027,12.34000015258789,11.859999656677246,12.229999542236328,1690300,0.0460874852423526
2023-03-17,DOX,87.40311724580262,87.5556827209011,86.32559220418385,86.77376556396484,1183200,0.0105489332489323
2023-03-17,DPZ,305.79661389909444,308.9200869766884,299.2772777058712,302.293701171875,1944200,0.056687173805289
2023-03-17,DVAX,9.68000030517578,9.710000038146973,9.420000076293944,9.4399995803833,5195400,0.0418744106197258
2023-03-17,DXCM,114.5,115.4499969482422,113.05999755859376,113.93000030517578,2623900,0.0066917957253138
2023-03-17,DXLG,6.079999923706055,6.079999923706055,5.059999942779541,5.429999828338623,2531600,0.0472976128867125
2023-03-17,DYAI,1.3899999856948853,1.3899999856948853,1.2300000190734863,1.25,33200,0.0011033309294898
2023-03-17,EA,112.39469661290562,112.75072088776416,111.73209881335642,112.09800720214844,3077500,0.0118084706351825
2023-03-17,EBAY,39.48612096850228,40.599216778949646,39.28460943574705,40.35932540893555,11506800,0.0246927038626609
2023-03-17,ECPG,46.630001068115234,46.81999969482422,45.25,45.459999084472656,651400,0.0274953252881859
2023-03-17,EDIT,8.449999809265137,8.449999809265137,8.111000061035156,8.369999885559082,1901700,0.022918591312527
2023-03-17,EEFT,104.30999755859376,105.38999938964844,102.91000366210938,104.08000183105467,872200,0.0201741704927891
2023-03-17,EHTH,7.989999771118164,8.199999809265137,7.789999961853027,7.940000057220459,537200,0.0179409937680762
2023-03-17,EKSO,1.399999976158142,1.4600000381469729,1.340000033378601,1.350000023841858,62200,0.0025055589571718
2023-03-17,ENPH,200.6999969482422,200.6999969482422,181.5500030517578,183.63999938964844,8717500,0.066451450612108
2023-03-17,ENSG,88.88537207561757,91.01519681182027,88.3578931820422,89.85076141357422,728100,0.0126348998110231
2023-03-17,ENTG,83.45466561777177,83.7126726538325,80.67615567788724,81.03339385986328,1409100,0.0093119928793488
2023-03-17,EOLS,8.460000038146973,8.670000076293945,8.279999732971191,8.369999885559082,606200,0.0095334251762944
2023-03-17,EPIX,3.0199999809265137,3.049999952316284,2.869999885559082,2.970000028610229,73300,0.0016513248897239
2023-03-17,EQ,0.6000000238418579,0.6499999761581421,0.6000000238418579,0.6299999952316284,24600,0.0006887033060558
2023-03-17,EQIX,676.5765261030502,679.1989714157897,662.8302057713041,663.6370849609375,841400,0.0086016621183699
2023-03-17,ERIC,4.85472683541522,4.882310263999178,4.799559101385919,4.863921165466309,7325800,0.0023855392366699
2023-03-17,ERII,21.700000762939453,21.959999084472656,20.8700008392334,21.040000915527344,983100,0.0178890844013225
2023-03-17,ERNA,3.5199999809265137,3.5199999809265137,3.299999952316284,3.490000009536743,5700,0.0001091015582382
2023-03-17,ESPR,1.830000042915344,1.830000042915344,1.4199999570846558,1.5499999523162842,16460800,0.0831988064917712
2023-03-17,ETNB,12.600000381469728,12.760000228881836,11.979999542236328,12.4399995803833,5643000,0.0386549210872424
2023-03-17,ETSY,104.04000091552734,105.83999633789062,103.38999938964844,105.33999633789062,3175800,0.0296604154213986
2023-03-17,EVER,12.779999732971191,12.779999732971191,12.270000457763672,12.279999732971191,397800,0.0123849226487171
2023-03-17,EVRG,55.18702704749836,55.27844379613964,54.27288048423992,54.72995376586914,2915900,0.0126771099955953
2023-03-17,EWBC,54.09506272513014,54.18932357447355,49.25016653507521,51.48409652709961,3823700,0.0277479860232065
2023-03-17,EXAS,65.3499984741211,65.45999908447266,63.13999938964844,63.43999862670898,2961300,0.0159419658822872
2023-03-17,EXC,38.92060203263542,39.133586113317286,38.29090843214801,39.02246475219727,28178200,0.0279119211652648
2023-03-17,EXEL,17.65999984741211,17.75,17.43000030517578,17.549999237060547,5254600,0.0187744082313385
2023-03-17,EXLS,30.583999633789062,30.63999938964844,30.16399955749512,30.41399955749512,2111000,0.0130063775241121
2023-03-17,EXPE,94.21227440386956,94.80103507251192,91.65763080795074,93.2243423461914,3594100,0.0291411938313846
2023-03-17,EXPI,11.607158466496813,11.72352084382126,11.238677142586408,11.490796089172363,847500,0.0055752910992697
2023-03-17,EXTR,17.530000686645508,17.739999771118164,17.3799991607666,17.6200008392334,3291100,0.0247907800082859
2023-03-17,EYE,18.14999961853028,18.14999961853028,17.270000457763672,17.350000381469727,3745800,0.047545486171826
2023-03-17,EYPT,2.359999895095825,2.470000028610229,2.289999961853028,2.3499999046325684,393500,0.0057254018693764
2023-03-17,EZPW,8.25,8.350000381469727,8.09000015258789,8.229999542236328,1675900,0.0322484432847653
2023-03-17,FANG,115.04021620191811,115.8585818138216,111.9230692048198,113.21038818359376,6217600,0.0211423299914016
2023-03-17,FAST,49.52742629560669,49.71711097354355,48.90145745160645,49.4515495300293,9203200,0.0160442938547007
2023-03-17,FATE,5.570000171661377,5.570000171661377,5.389999866485596,5.539999961853027,17427100,0.1520729163939719
2023-03-17,FCEL,91.5,93.0,87.0,87.9000015258789,387273,0.0183161494149585
2023-03-17,FFBC,20.20235780465436,20.248460154453152,19.37250319743269,19.815092086791992,1639800,0.0171843921537394
2023-03-17,FFIN,30.33879490066807,30.52035040409457,28.80991038367907,28.895910263061523,2533400,0.017718189283023
2023-03-17,FFIV,140.74000549316406,142.19000244140625,139.3000030517578,140.72999572753906,1239300,0.0214961068335521
2023-03-17,FGEN,20.45499992370605,20.45499992370605,19.68000030517578,20.0,1204900,0.0119395146506535
2023-03-17,FHB,19.29613927452901,19.53223342172493,18.46981062533069,19.196252822875977,2978200,0.0235997971409553
2023-03-17,FIBK,27.33431886022232,27.656718238976275,25.809452531702387,25.922727584838867,1838800,0.0178142044738958
2023-03-17,FITB,23.46569127067308,23.57475024352183,22.411462044680608,22.675020217895508,29977200,0.0451048803573232
2023-03-17,FIVE,193.97999572753903,195.6100006103516,188.4600067138672,193.3999938964844,1274700,0.0231555657282368
2023-03-17,FIVN,61.68999862670898,62.86000061035156,60.130001068115234,60.40999984741211,1107500,0.0145258855871736
2023-03-17,FIZZ,48.37974381510425,48.43574017042504,46.76521961743287,46.88654327392578,535800,0.005723123855749
2023-03-17,FLEX,15.855313301086426,15.862849235534668,15.34287929534912,15.621703147888184,8189713,0.0213773132264208
2023-03-17,FLGT,32.209999084472656,32.314998626708984,30.440000534057617,30.84000015258789,1477800,0.0478783892800098
2023-03-17,FLWS,9.43000030517578,9.899999618530272,9.34000015258789,9.850000381469728,814000,0.022281286183139
2023-03-17,FNKO,7.989999771118164,8.199999809265137,7.730000019073486,7.869999885559082,876400,0.0162635723073896
2023-03-17,FOLD,11.4399995803833,11.4399995803833,11.15999984741211,11.239999771118164,3035600,0.0098802239291758
2023-03-17,FORM,30.06999969482422,30.280000686645508,29.1299991607666,29.299999237060547,1905000,0.0247159931288241
2023-03-17,FOSL,3.25,3.3299999237060547,3.140000104904175,3.2100000381469727,1119600,0.0210219175458657
2023-03-17,FOX,29.28739100476432,29.442555838323248,29.074037971337745,29.190412521362305,2422500,0.0102830876949529
2023-03-17,FOXA,31.862918119837712,32.125364818996104,31.717116870065787,31.81431770324707,6166400,0.0283061037037515
2023-03-17,FOXF,115.83999633789062,117.37000274658205,113.75,115.23999786376952,427300,0.0102439562336379
2023-03-17,FRHC,70.58999633789062,70.96800231933594,68.69100189208984,69.5199966430664,182500,0.0030105476392357
2023-03-17,FRPT,57.86000061035156,59.66999816894531,57.08000183105469,59.619998931884766,1345500,0.0276177886885091
2023-03-17,FRSX,2.970000028610229,2.99399995803833,2.759999990463257,2.819999933242798,15550,0.0008058038606037
2023-03-17,FSLR,205.69000244140625,205.69000244140625,195.32000732421875,199.6199951171875,5704400,0.0531928384930995
2023-03-17,FTAI,23.675776492605944,23.675776492605944,22.5269327715283,23.168371200561523,1105200,0.0107770767715575
2023-03-17,FTDR,25.6200008392334,26.14999961853028,24.979999542236328,25.36000061035156,4536400,0.0613910527236602
2023-03-17,FTEK,1.2200000286102295,1.2400000095367432,1.2000000476837158,1.2400000095367432,123700,0.0040282268963114
2023-03-17,FTNT,61.720001220703125,62.470001220703125,60.70000076293945,61.220001220703125,8197000,0.0106596579721102
2023-03-17,FULC,3.680000066757202,3.684999942779541,3.369999885559082,3.450000047683716,2526800,0.0468105366316347
2023-03-17,FULT,13.470560325490782,13.688412843126196,12.93500557038534,13.071163177490234,3272500,0.0179610318331503
2023-03-17,FUTU,45.868450308328725,45.868450308328725,43.29903451826725,44.03175735473633,1843300,0.0197189095281496
2023-03-17,FWONK,70.92428588867188,71.88101959228516,70.28514862060547,70.45230865478516,1103242,0.004950781271035
2023-03-17,FWRD,104.8600054544928,104.96894637724192,101.58189465876085,102.1364974975586,422700,0.0139032789635199
2023-03-17,GALT,1.9299999475479128,1.9900000095367432,1.8899999856948853,1.9600000381469729,102200,0.0016175877050672
2023-03-17,GBDC,9.979849015508842,10.02744799263709,9.821187019348145,9.821187019348145,1466500,0.0055235611275805
2023-03-17,GDS,16.829999923706055,17.18000030517578,15.84000015258789,15.869999885559082,1098200,0.0058121506147013
2023-03-17,GDYN,10.18000030517578,10.329999923706056,9.8100004196167,10.020000457763672,696600,0.0083088417717895
2023-03-17,GEN,15.45468098791594,15.665078217962863,15.30166448895444,15.60769748687744,14551100,0.0236103790013046
2023-03-17,GERN,2.619999885559082,2.650000095367432,2.359999895095825,2.5299999713897705,26320100,0.0413244807504517
2023-03-17,GEVO,1.7899999618530271,1.820000052452088,1.7300000190734863,1.7599999904632568,18529800,0.0773331663953925
2023-03-17,GGAL,9.2211774552797,9.229787528555551,8.868172661987579,8.988710403442383,386900,0.0029199338882893
2023-03-17,GH,28.739999771118164,28.739999771118164,27.26000022888184,27.940000534057617,1838200,0.0148937376945576
2023-03-17,GIII,15.100000381469728,15.449999809265137,15.0,15.029999732971191,1429500,0.032575108469756
2023-03-17,GILD,73.96216543295716,73.96216543295716,70.96695434674768,71.69025421142578,16828100,0.0134988727882515
2023-03-17,GILT,5.480000019073486,5.519999980926514,5.360000133514404,5.440000057220459,73200,0.0012827612311703
2023-03-17,GLBS,1.090000033378601,1.1399999856948853,1.090000033378601,1.090000033378601,62600,0.0030414482346482
2023-03-17,GLDD,4.96999979019165,5.0,4.820000171661377,4.820000171661377,1780300,0.0264293556076848
2023-03-17,GLNG,19.816743375800485,19.87306710791266,18.840455803193933,19.0282039642334,1781900,0.0170317906367685
2023-03-17,GLPI,44.14226466322426,44.27038012960108,43.74908422559512,44.00089645385742,1772900,0.0064508266896865
2023-03-17,GLYC,1.4800000190734863,1.4800000190734863,1.3799999952316284,1.399999976158142,377900,0.0058576523818897
2023-03-17,GMAB,35.810001373291016,35.970001220703125,35.65999984741211,35.849998474121094,630600,0.0010345387504551
2023-03-17,GNPX,32.7599983215332,33.68000030517578,29.920000076293945,31.0,16698,0.0006913484150905
2023-03-17,GNTX,25.655843973265085,25.800358275367305,25.386087862835733,25.55950355529785,2558200,0.0113063616515367
2023-03-17,GO,26.93000030517578,27.040000915527344,26.5,26.90999984741211,1784300,0.0183272228210664
2023-03-17,GOGL,8.535874381759239,8.589671427938912,8.23998720741651,8.284818649291992,2618500,0.0131333447020232
2023-03-17,GOGO,14.739999771118164,14.845000267028809,14.329999923706056,14.520000457763672,963000,0.0073315569090216
2023-03-17,GOOG,100.364616387699,103.00212527534774,100.27504431057966,101.97698211669922,76140300,0.0138512462955211
2023-03-17,GOOGL,99.78295267907698,102.35067095008549,99.62371033412823,101.13648223876952,61028500,0.0104626265505928
2023-03-17,GOSS,1.090000033378601,1.090000033378601,0.959999978542328,0.9610000252723694,38561900,0.1697109921956506
2023-03-17,GPRE,30.61000061035156,31.200000762939453,30.09000015258789,31.1299991607666,3238600,0.0500329062219022
2023-03-17,GPRO,4.989999771118164,5.059999942779541,4.900000095367432,4.929999828338623,1647300,0.0125586075978318
2023-03-17,GREE,4.900000095367432,4.900000095367432,4.300000190734863,4.5,147300,0.0169251398650814
2023-03-17,GRFS,6.809999942779541,6.869999885559082,6.690000057220459,6.710000038146973,3212100,0.012439200074354
2023-03-17,GRPN,4.510000228881836,4.510000228881836,3.849999904632568,4.090000152587891,5337000,0.1340587628011424
2023-03-17,GRWG,3.650000095367432,3.694999933242798,3.490000009536743,3.549999952316284,1148500,0.0193161559420094
2023-03-17,GSAT,15.75,17.399999618530273,15.449999809265137,17.100000381469727,632680,0.0049981829960025
2023-03-17,GSIT,1.5099999904632568,1.5199999809265137,1.4900000095367432,1.4900000095367432,9100,0.0003554437578607
2023-03-17,GSM,4.216135501861572,4.2752401458947125,4.107776752939838,4.216135501861572,1141800,0.0060771219023177
2023-03-17,GT,10.31999969482422,10.449999809265137,10.050000190734863,10.06999969482422,6684500,0.0234450092774123
2023-03-17,GTEC,1.7999999523162842,1.830000042915344,1.7300000190734863,1.7799999713897705,21500,0.0015815219390194
2023-03-17,GWAV,156.0,162.0,143.25,157.5,508,1.2798355360948892e-05
2023-03-17,HAIN,17.010000228881836,17.040000915527344,16.739999771118164,16.75,1731800,0.0191895796615542
2023-03-17,HALO,35.83000183105469,36.31999969482422,32.93000030517578,33.08000183105469,6674100,0.0540268592198036
2023-03-17,HAS,43.24466791093892,43.635077736299536,42.36397549603589,43.58060073852539,6806600,0.0485748540599175
2023-03-17,HBAN,9.653072629046894,9.725788738479515,9.316760406209914,9.398566246032717,80446700,0.0550721907536985
2023-03-17,HCAT,11.8100004196167,12.18000030517578,11.359999656677246,11.369999885559082,508500,0.0072424961473053
2023-03-17,HCM,14.640000343322754,14.734999656677246,14.220000267028809,14.479999542236328,92200,0.0005392538429966
2023-03-17,HCSG,13.260000228881836,13.270000457763672,12.300000190734863,12.779999732971191,6609100,0.089934783096207
2023-03-17,HDSN,8.069999694824219,8.09000015258789,7.78000020980835,7.78000020980835,702900,0.0159658921842312
2023-03-17,HEES,41.66997865156654,42.119789893246406,39.37305604604964,40.1099853515625,745100,0.0203505839424032
2023-03-17,HELE,92.0,93.38999938964844,90.30999755859376,90.76000213623048,735200,0.032167030543803
2023-03-17,HIMX,7.080297721951158,7.080297721951158,6.90914543830519,6.990217685699463,763700,0.0043661708102277
2023-03-17,HIVE,2.990000009536743,3.200000047683716,2.9600000381469727,3.049999952316284,2488400,0.0160126639296791
2023-03-17,HLIT,12.630000114440918,12.75,12.3100004196167,12.390000343322754,1785200,0.0152512109898934
2023-03-17,HNRG,8.130000114440918,8.699999809265137,7.630000114440918,7.920000076293945,870600,0.0204273650670001
2023-03-17,HOLX,78.37000274658203,78.45999908447266,76.44999694824219,77.06999969482422,3202200,0.0141864138191885
2023-03-17,HON,179.9008199782464,180.092394524062,176.47158152820364,176.86431884765625,7383700,0.0114786154282242
2023-03-17,HOPE,9.850179152148948,9.99397725030956,9.463721120514098,9.517645835876465,2873500,0.0225898760249365
2023-03-17,HOTH,2.2699999809265137,2.289999961853028,2.04099988937378,2.069999933242798,135700,0.0103211968633297
2023-03-17,HQY,58.93000030517578,58.93000030517578,55.46200180053711,55.83000183105469,1357000,0.0156885142040593
2023-03-17,HROW,18.209999084472656,18.40999984741211,17.299999237060547,17.360000610351562,396700,0.0111263189189492
2023-03-17,HRTX,2.369999885559082,2.369999885559082,2.150000095367432,2.319999933242798,1984400,0.0130269808967373
2023-03-17,HSDT,13.0,13.0,12.0,12.75,3492,0.0006154149821473
2023-03-17,HSIC,78.37000274658203,78.37000274658203,76.93000030517578,77.2699966430664,1253700,0.0102332832702102
2023-03-17,HST,14.000809245932338,14.08111995352874,13.670643665481574,13.688490867614746,11026100,0.0159053299803559
2023-03-17,HTBK,8.27235823702588,8.352413450824235,8.058878232426354,8.156723022460938,801500,0.0130090194786329
2023-03-17,HTHT,45.90310575400053,45.90310575400053,43.47793409837999,43.74534606933594,2044500,0.0065249857838607
2023-03-17,HTLD,16.018940177390682,16.156948906476806,15.407756111128528,15.535907745361328,736400,0.0093749443028499
2023-03-17,HUBG,41.69274934514315,41.93426343769172,40.238753735062886,40.460548400878906,1420800,0.0234102360466227
2023-03-17,HUT,9.25,9.5,8.899999618530273,9.399999618530272,3380280,0.0325477584347558
2023-03-17,HWC,35.48179889308632,35.53826630064649,33.49594701495108,33.7124137878418,1454100,0.0168832277433985
2023-03-17,IAC,41.936012268066406,42.00984573364258,40.63166427612305,41.033634185791016,2171405,0.0292061209776778
2023-03-17,IART,54.2599983215332,54.40999984741211,53.310001373291016,53.43999862670898,873700,0.0113100464176628
2023-03-17,IBIO,40.20000076293945,41.79999923706055,37.59999847412109,38.79999923706055,49600,0.0050229475790607
2023-03-17,IBKR,76.55787347352847,76.88423509531538,73.95681971396539,74.95570373535156,1903200,0.0174634343286047
2023-03-17,IBRX,1.3700000047683716,1.4800000190734863,1.3300000429153442,1.409999966621399,10518100,0.0119189724994228
2023-03-17,ICAD,1.3899999856948853,1.3899999856948853,1.25,1.2699999809265137,248200,0.0090697478960888
2023-03-17,ICHR,30.21999931335449,30.729999542236328,29.420000076293945,29.59000015258789,459100,0.0134582124116905
2023-03-17,ICLR,211.83999633789065,212.2400054931641,207.3999938964844,207.75,627000,0.0077579039059252
2023-03-17,IDCC,71.8343320257018,72.84022639017932,69.70648338723935,70.20942687988281,982000,0.0382339199501635
2023-03-17,IDXX,474.5799865722656,477.5199890136719,465.989990234375,471.3599853515625,731200,0.0090228161749281
2023-03-17,IDYA,15.600000381469728,15.675000190734863,14.520000457763672,14.989999771118164,665700,0.0076047495127796
2023-03-17,IEP,33.871761747955844,33.95083908472914,33.46319006134351,33.548858642578125,599600,0.0011470417189556
2023-03-17,IFRX,1.7400000095367432,1.7799999713897705,1.6399999856948853,1.659999966621399,52300,0.0007790471065207
2023-03-17,IGMS,18.18000030517578,18.450000762939453,17.270000457763672,17.65999984741211,366800,0.0106663875027625
2023-03-17,IHRT,4.739999771118164,4.789999961853027,4.264999866485596,4.309999942779541,1756000,0.0138950433626637
2023-03-17,ILMN,217.0136260986328,218.998046875,214.05642700195312,218.4338531494141,1642847,0.010380486386307
2023-03-17,ILPT,3.102756285306086,3.102756285306086,2.936885595321656,2.936885595321656,16972600,0.2565995860565461
2023-03-17,IMAB,3.5999999046325684,3.640000104904175,3.440000057220459,3.630000114440918,497000,0.0060980769045778
2023-03-17,IMMR,7.752369069144882,7.752369069144882,7.3018681977232385,7.386336803436279,458800,0.0141620673902038
2023-03-17,IMNN,1.3700000047683716,1.3700000047683716,1.2899999618530271,1.3200000524520874,30300,0.0020724041940536
2023-03-17,IMUX,1.7200000286102295,1.7549999952316284,1.6299999952316284,1.649999976158142,808400,0.0084368718266758
2023-03-17,IMVT,15.25,15.600000381469728,14.93000030517578,15.5,2951900,0.0173783278034782
2023-03-17,IMXI,24.100000381469727,24.21999931335449,23.17200088500977,23.32999992370605,574600,0.0187457996489648
2023-03-17,INCY,73.97000122070312,74.01000213623047,72.80999755859375,73.62000274658203,2857500,0.0147656104669188
2023-03-17,INDP,1.5,1.659999966621399,1.5,1.6200000047683716,2900,0.000200981343387
2023-03-17,INGN,13.289999961853027,13.335000038146973,12.581000328063965,12.65999984741211,812200,0.0302076824660061
2023-03-17,INMD,30.8700008392334,30.940000534057617,29.59000015258789,29.86000061035156,1585300,0.0233583030788816
2023-03-17,INO,13.4399995803833,13.5600004196167,13.079999923706056,13.079999923706056,423800,0.0115560281947455
2023-03-17,INOD,6.960000038146973,7.150000095367432,6.800000190734863,6.840000152587891,94800,0.0030287830234794
2023-03-17,INSM,17.270000457763672,17.510000228881836,16.799999237060547,17.420000076293945,2104900,0.0115768342316576
2023-03-17,INTC,29.202738666283725,30.25684813991916,28.73424598058452,29.09537506103516,80628500,0.0184902738515403
2023-03-17,INTU,410.7821392643917,412.0829944090665,402.5927126771344,407.6877136230469,3124300,0.0111756969073448
2023-03-17,INTZ,25.39999961853028,25.39999961853028,23.200000762939453,23.799999237060547,2855,0.000143502671512
2023-03-17,INVA,11.449999809265137,11.520000457763672,11.149999618530272,11.18000030517578,1828200,0.0291248215742251
2023-03-17,IONS,34.720001220703125,35.22999954223633,34.040000915527344,35.18000030517578,1446400,0.00909885869714
2023-03-17,IOVA,6.599999904632568,6.599999904632568,6.380000114440918,6.460000038146973,3472900,0.0105920820452079
2023-03-17,IPGP,119.12000274658205,119.12000274658205,115.5199966430664,116.33000183105467,530500,0.0124153393214039
2023-03-17,IQ,7.159999847412109,7.190000057220459,6.715000152587891,6.789999961853027,19828300,0.0375169342082358
2023-03-17,IRBT,44.84000015258789,45.25,44.709999084472656,44.95000076293945,792700,0.0255554695861864
2023-03-17,IRD,3.849999904632568,3.849999904632568,3.75,3.7699999809265137,143200,0.0030349399582059
2023-03-17,IRDM,58.07987194057907,58.55403077033313,56.8412487380022,57.34443664550781,2153800,0.0198081539183136
2023-03-17,IRTC,115.41999816894533,115.49500274658205,111.77999877929688,112.91999816894533,385100,0.0122605827517701
2023-03-17,IRWD,10.399999618530272,10.550000190734863,10.260000228881836,10.369999885559082,3470900,0.0214506002237502
2023-03-17,ISRG,240.38999938964844,242.0,236.259994506836,237.8000030517578,2304600,0.0064324888662063
2023-03-17,ITCI,45.310001373291016,46.45000076293945,43.900001525878906,45.9900016784668,962300,0.0090338146110662
2023-03-17,ITRI,52.20000076293945,52.56999969482422,50.59999847412109,50.95000076293945,1051600,0.0230765854728988
2023-03-17,ITRM,1.1399999856948853,1.1399999856948853,1.0199999809265137,1.0800000429153442,118300,0.003420914133031
2023-03-17,IZEA,2.303999900817871,2.4800000190734863,2.240000009536743,2.4679999351501465,20200,0.0011942416270064
2023-03-17,JACK,75.6360535260303,76.84901443272005,75.29755247422105,76.17201232910156,615600,0.0326434514245716
2023-03-17,JAZZ,137.1999969482422,137.1999969482422,134.72999572753906,135.13999938964844,694500,0.0114353929115383
2023-03-17,JBHT,168.43435196197356,168.95445217899143,163.00763462304567,164.37167358398438,1179100,0.0117900567954563
2023-03-17,JBLU,6.960000038146973,7.059999942779541,6.840000152587891,6.920000076293945,9754600,0.0276333501068461
2023-03-17,JD,36.72820061683338,36.90495613252747,35.88162874893648,36.12350845336914,11476200,0.0079064414378187
2023-03-17,JFIN,2.2899961303256795,2.298203994045126,2.13404652396528,2.232541084289551,23000,0.0008835109958705
2023-03-17,JKHY,144.9080828554765,146.1256340981155,142.25869016247913,142.65805053710938,1672200,0.0229389965905095
2023-03-17,JRVR,20.68584651782428,20.68584651782428,19.4957818430611,19.7763671875,687200,0.0150555491047074
2023-03-17,KALV,7.340000152587891,7.489999771118164,7.199999809265137,7.389999866485596,425200,0.0085526474587453
2023-03-17,KDP,33.01966675730867,33.25531953998036,32.80286662874385,32.85942459106445,15595200,0.011494527769845
2023-03-17,KHC,34.69112184178501,34.69112184178501,34.07651602252535,34.26317596435547,11363400,0.0095218697759345
2023-03-17,KIRK,2.900000095367432,2.970000028610229,2.799999952316284,2.9200000762939453,203000,0.009077697037451
2023-03-17,KLAC,382.20135294055166,383.98542391405056,375.21213120333056,380.09381103515625,3033500,0.0228276656106315
2023-03-17,KLIC,51.819548303766,52.06133416851439,50.54291554368379,50.76536178588867,1532000,0.0286981672136552
2023-03-17,KNDI,2.2799999713897705,2.380000114440918,2.2799999713897705,2.3499999046325684,357200,0.0041500139418161
2023-03-17,KNSA,11.539999961853027,11.5600004196167,11.130000114440918,11.40999984741211,1212500,0.0288625191920875
2023-03-17,KOD,5.210000038146973,5.21999979019165,4.929999828338623,5.119999885559082,756400,0.0143397986285813
2023-03-17,KOPN,1.0499999523162842,1.0499999523162842,0.9399999976158142,0.9399999976158142,939100,0.0061262965620718
2023-03-17,KRNT,18.5,19.0,17.959999084472656,18.57999992370605,665500,0.0146820362914345
2023-03-17,KRNY,7.85315201705911,7.85315201705911,7.579922727166388,7.720944404602051,1172400,0.0181543116490166
2023-03-17,KTOS,12.90999984741211,12.949999809265137,12.5,12.539999961853027,2427800,0.0158383674960531
2023-03-17,KURA,11.720000267028809,11.770000457763672,11.460000038146973,11.729999542236328,873700,0.0108191443254287
2023-03-17,LAB,2.130000114440918,2.150000095367432,2.0299999713897705,2.0999999046325684,273100,0.0007206071240882
2023-03-17,LAMR,86.27352872569504,86.27352872569504,84.42617462080527,84.96045684814453,743800,0.008441931361355
2023-03-17,LASR,9.890000343322754,10.079999923706056,9.75,9.890000343322754,622200,0.0126899308600681
2023-03-17,LAUR,11.006433389194628,11.039642309583003,10.859364020510084,10.902061462402344,1936000,0.0129799608713179
2023-03-17,LBRDK,78.98999786376953,80.44000244140625,77.95999908447266,79.68000030517578,1938900,0.0157604675548474
2023-03-17,LBTYA,18.809999465942383,18.93000030517578,18.6299991607666,18.89999961853028,3320600,0.0191133469942209
2023-03-17,LBTYK,19.59000015258789,19.729999542236328,19.489999771118164,19.549999237060547,2514000,0.0156668702404247
2023-03-17,LECO,156.96098892784948,156.96098892784948,154.36579915541512,155.50845336914062,1155800,0.0206282716906508
2023-03-17,LEDS,2.1700000762939453,2.309999942779541,2.0999999046325684,2.190000057220459,9700,0.0013450290775873
2023-03-17,LFMD,1.2699999809265137,1.309999942779541,1.149999976158142,1.149999976158142,155700,0.0034923077268149
2023-03-17,LGIH,106.4000015258789,108.47000122070312,105.30999755859376,105.6999969482422,430000,0.0183783460343375
2023-03-17,LGND,73.33999633789062,73.69999694824219,71.23999786376953,72.16000366210938,325400,0.0168991555615567
2023-03-17,LILA,7.769999980926514,7.920000076293945,7.739999771118164,7.860000133514404,1071200,0.0274960663067947
2023-03-17,LILAK,7.699999809265137,7.869999885559082,7.670000076293945,7.809999942779541,3871000,0.0246980546380432
2023-03-17,LIN,327.3614654020868,328.4435870064672,321.6194942693722,322.1849060058594,5702300,0.0120578458571573
2023-03-17,LIND,8.430000305175781,8.609999656677246,8.270000457763672,8.289999961853027,475100,0.00870363313939
2023-03-17,LITE,50.56999969482422,50.650001525878906,49.57500076293945,49.970001220703125,1373600,0.0198497109826589
2023-03-17,LIVN,41.65999984741211,42.9900016784668,41.65999984741211,42.709999084472656,1155200,0.0212541258983143
2023-03-17,LKQ,51.66660513743072,51.66660513743072,50.97341274255841,51.31526184082031,3769000,0.0145772824783245
2023-03-17,LNT,49.37780247888608,49.85294580690928,49.061039075541245,49.53618240356445,4035900,0.0157116556652246
2023-03-17,LNTH,78.86000061035156,80.4000015258789,77.23500061035156,77.83999633789062,1647500,0.0240120810427484
2023-03-17,LNW,57.72999954223633,58.15999984741211,56.09999847412109,58.0099983215332,1068500,0.0126500148508924
2023-03-17,LOCO,10.949999809265137,11.130000114440918,10.770000457763672,10.9399995803833,364000,0.0122241177813897
2023-03-17,LOGI,52.00154866309737,52.011227147683066,51.13033734363788,51.5272216796875,769300,0.0051561662198391
2023-03-17,LOPE,110.30999755859376,110.66999816894533,108.4800033569336,109.13999938964844,401200,0.0139670250097476
2023-03-17,LOVE,22.06999969482422,22.17300033569336,21.239999771118164,21.299999237060547,346700,0.0234359684996789
2023-03-17,LPLA,195.2252353831969,198.1855992531754,192.32428938944705,193.53219604492188,2529900,0.0316341513089503
2023-03-17,LPRO,6.75,6.789999961853027,6.579999923706055,6.659999847412109,1350200,0.0112720502909427
2023-03-17,LPSN,4.090000152587891,4.53000020980835,3.809999942779541,4.210000038146973,8157900,0.0893389841645311
2023-03-17,LPTH,1.5499999523162842,1.559999942779541,1.350000023841858,1.3600000143051147,91600,0.0021740523528895
2023-03-17,LQDA,7.380000114440918,7.639999866485596,7.090000152587891,7.21999979019165,866800,0.0101619611206274
2023-03-17,LRCX,50.89761924634991,51.36293907725506,49.77334442691505,50.22285461425781,17026000,0.0132636364579122
2023-03-17,LRMR,5.809999942779541,5.900000095367432,5.255000114440918,5.380000114440918,199700,0.0031189528315
2023-03-17,LSCC,93.0199966430664,93.4800033569336,89.08999633789062,89.45999908447266,2229100,0.0161982065778191
2023-03-17,LSTR,170.1125471649701,171.1820138266861,164.67850391933868,165.7479705810547,426700,0.0120823080691242
2023-03-17,LTBR,3.940000057220459,3.9700000286102295,3.809999942779541,3.819999933242798,31600,0.0015130114194058
2023-03-17,LULU,294.8699951171875,297.32000732421875,289.94000244140625,294.739990234375,2517600,0.0217934401537382
2023-03-17,LVO,0.9900000095367432,1.0399999618530271,0.9679999947547911,0.9860000014305116,384800,0.0040044790222743
2023-03-17,LWLG,5.119999885559082,5.119999885559082,4.650000095367432,4.659999847412109,973600,0.007813490630392
2023-03-17,LX,2.003782977879037,2.0562837927341064,1.9250317555964345,1.9862827062606807,723900,0.0056228736542853
2023-03-17,LYFT,9.56999969482422,10.119999885559082,9.470999717712402,10.0600004196167,27384900,0.0668775829958109
2023-03-17,MANH,143.77999877929688,144.9600067138672,142.44000244140625,143.4600067138672,441100,0.0072651388628105
2023-03-17,MAR,156.65037179789994,157.15993555560348,154.27896174242562,155.58226013183594,2480100,0.0090063298582309
2023-03-17,MARA,8.399999618530273,8.510000228881836,7.659999847412109,8.170000076293945,61120200,0.1767414598297124
2023-03-17,MASI,175.19000244140625,175.2100067138672,171.3699951171875,171.72999572753906,569400,0.0105375755063366
2023-03-17,MAT,16.530000686645508,16.56999969482422,16.0,16.25,3259600,0.0100943600311999
2023-03-17,MBOT,2.539999961853028,2.539999961853028,2.359999895095825,2.4600000381469727,10100,0.0002906934910561
2023-03-17,MCHP,78.5753992560224,78.60407175434005,76.3675293804804,77.14171600341797,8782500,0.0163298430686927
2023-03-17,MCRB,5.630000114440918,5.715000152587891,5.550000190734863,5.610000133514404,1972400,0.0113122919350401
2023-03-17,MDB,220.3999938964844,224.32000732421875,217.5399932861328,219.7700042724609,1674200,0.0206213512944128
2023-03-17,MDGL,245.8800048828125,257.3500061035156,242.2899932861328,250.6100006103516,1480300,0.0670419651995905
2023-03-17,MDLZ,63.11269599580077,63.23556150638623,62.21486925594861,62.75356674194336,13634200,0.0105239516624468
2023-03-17,MDXG,3.670000076293945,3.75,3.549999952316284,3.690000057220459,870200,0.0059050255825631
2023-03-17,MEDP,181.8800048828125,182.1499938964844,175.38499450683594,175.64999389648438,574000,0.0189887655317516
2023-03-17,MELI,1200.1700439453125,1208.0,1180.780029296875,1201.1500244140625,641800,0.0126594263216654
2023-03-17,MEOH,43.21172006933856,43.22141151513287,42.34903348909239,42.814300537109375,307100,0.0045567043350268
2023-03-17,MERC,8.886776398123986,8.960220758808827,8.749067565195531,8.758248329162598,871100,0.0130266125124867
2023-03-17,MESA,2.5999999046325684,2.650000095367432,2.3499999046325684,2.359999895095825,551600,0.0133516648431978
2023-03-17,META,199.61919032932525,200.95290087614472,194.5132497950303,194.69241333007807,50141100,0.022896524620901
2023-03-17,METC,8.232504590186156,8.386203048756016,8.069199567478893,8.155653953552246,463935,0.010448209930343
2023-03-17,MFIC,8.668194073241292,8.668194073241292,8.486785455372113,8.534109115600586,535500,0.0057101542345181
2023-03-17,MGNI,8.630000114440918,9.079999923706056,8.550000190734863,9.020000457763672,2192500,0.0153374224545517
2023-03-17,MGNX,6.349999904632568,6.829999923706055,5.889999866485596,6.650000095367432,971800,0.0154033187352096
2023-03-17,MIDD,136.35000610351562,136.88999938964844,132.63999938964844,133.82000732421875,1226000,0.0228534360308838
2023-03-17,MIRM,23.14999961853028,23.280000686645508,22.520000457763672,23.040000915527344,932800,0.0190312195241379
2023-03-17,MIST,3.490000009536743,3.559999942779541,3.247999906539917,3.299999952316284,83000,0.0015556471867151
2023-03-17,MITK,9.050000190734863,9.210000038146973,8.949999809265137,8.960000038146973,317100,0.0070087106050124
2023-03-17,MKSI,88.93319638124296,88.97252650170785,85.26575078997061,85.52139282226562,1434900,0.0212744191011635
2023-03-17,MKTX,379.1166207365048,387.4753049265977,377.019605133824,380.16021728515625,1374000,0.0364521982744898
2023-03-17,MLCO,11.68000030517578,11.710000038146973,11.369999885559082,11.670000076293944,3398800,0.0079875351961051
2023-03-17,MLKN,19.601543434489955,19.81663807194035,19.236820614378686,19.461265563964844,2299500,0.0339426628052182
2023-03-17,MMSI,70.80000305175781,70.97000122070312,69.27999877929688,69.55999755859375,842100,0.0142566674172254
2023-03-17,MMYT,25.18000030517578,25.51000022888184,24.420000076293945,25.3799991607666,352900,0.0050331885227898
2023-03-17,MNKD,4.110000133514404,4.139999866485596,3.990000009536743,4.070000171661377,6808900,0.0224083118319203
2023-03-17,MNMD,2.990000009536743,3.0,2.859999895095825,2.900000095367432,328900,0.0043638978670105
2023-03-17,MNOV,2.069999933242798,2.200000047683716,1.8899999856948853,1.950000047683716,132700,0.0027056122594614
2023-03-17,MNRO,45.01400416492803,45.19860197283132,43.712594724529865,43.84181213378906,751700,0.0250990003138627
2023-03-17,MNST,51.67499923706055,52.040000915527344,51.28499984741211,51.494998931884766,9458600,0.0097194808179008
2023-03-17,MOMO,6.107805282392299,6.30457735398515,5.903162147785522,6.225868225097656,1799100,0.0145192920725359
2023-03-17,MPWR,492.1427281733558,495.1698640981434,475.8080836498136,479.9261474609375,688900,0.0143922617306647
2023-03-17,MRAM,6.25,6.480000019073486,6.199999809265137,6.329999923706055,46800,0.002093763002134
2023-03-17,MRCY,47.43000030517578,47.43000030517578,45.91999816894531,46.209999084472656,572100,0.0095859332587146
2023-03-17,MREO,0.8199999928474426,0.8600000143051147,0.7429999709129333,0.75,1027000,0.0064591194968553
2023-03-17,MRIN,5.760000228881836,5.760000228881836,5.519999980926514,5.519999980926514,16783,0.0053390383177718
2023-03-17,MRNA,151.9199981689453,154.47999572753906,149.10000610351562,150.02000427246094,5997400,0.0155122687369914
2023-03-17,MRSN,4.820000171661377,4.869999885559082,4.53000020980835,4.670000076293945,3288400,0.0263850887820847
2023-03-17,MRTN,20.25236288926005,20.398415074234634,19.5707940736116,19.697370529174805,854400,0.0104880044921655
2023-03-17,MRUS,19.979999542236328,20.795000076293945,19.950000762939453,20.5,290100,0.0041988408941223
2023-03-17,MRVL,39.87699871765154,40.05541959809763,39.15340460527572,39.61928176879883,15184000,0.0175321916163239
2023-03-17,MSFT,273.9036927174477,278.89429618396935,271.9940621060292,275.05535888671875,69527400,0.0093526483657279
2023-03-17,MSTR,25.55299949645996,27.39999961853028,24.900999069213867,26.766000747680664,20224000,0.082032314241913
2023-03-17,MTC,2.440000057220459,2.6600000858306885,2.140000104904175,2.6600000858306885,418000,0.0165959288360219
2023-03-17,MTCH,36.236693909685286,36.50350395691738,35.32756672915068,36.28610610961914,4171200,0.0166562184621179
2023-03-17,MTSI,70.66999816894531,70.86000061035156,68.05999755859375,68.87999725341797,988400,0.0132957043198932
2023-03-17,MU,56.09623443115102,57.00483738264304,55.52342272107691,55.957969665527344,26655200,0.0238510329152987
2023-03-17,MVIS,2.400000095367432,2.4200000762939453,2.1600000858306885,2.1700000762939453,3403100,0.0138899210674042
2023-03-17,MXL,34.45000076293945,34.810001373291016,33.880001068115234,34.04999923706055,1166800,0.0135087260257161
2023-03-17,MYGN,23.559999465942383,23.600000381469727,22.989999771118164,23.07999992370605,1675300,0.0181759200793304
2023-03-17,NAVI,14.390864737999548,14.501351117334927,13.856846798844693,13.948918342590332,3319800,0.0324592279713715
2023-03-17,NBIX,94.94000244140624,95.16000366210938,93.0,94.25,1446000,0.0146151840239664
2023-03-17,NCMI,1.2931817448866738,1.3926572910896635,0.9947552248617688,1.0942307710647583,1259990,0.0132362735602286
2023-03-17,NDAQ,51.62188926876481,52.262431474445584,50.612552615916535,51.194862365722656,5554900,0.0096582596879078
2023-03-17,NDLS,4.75,4.849999904632568,4.610000133514404,4.78000020980835,417000,0.0090841954605164
2023-03-17,NDSN,200.2801858743726,200.2801858743726,197.8888128135642,199.13818359375,505600,0.0088839377491798
2023-03-17,NEO,19.32999992370605,19.32999992370605,18.11000061035156,18.13999938964844,2508900,0.0195006878755139
2023-03-17,NEOG,18.440000534057617,18.549999237060547,18.1200008392334,18.479999542236328,2680000,0.012348068080244
2023-03-17,NERV,1.659999966621399,1.7089999914169312,1.5499999523162842,1.600000023841858,17000,0.0024308599095434
2023-03-17,NEXT,4.420000076293945,4.485000133514404,3.930000066757202,4.010000228881836,1646900,0.0063234808517827
2023-03-17,NFE,27.960536180319803,27.960536180319803,25.88541526234196,26.64531898498535,3474900,0.0126926785792557
2023-03-17,NFLX,310.0599975585937,310.760009765625,300.0,303.5,6918800,0.0161746041079323
2023-03-17,NICE,211.9900054931641,213.509994506836,211.1100006103516,212.7100067138672,244000,0.0038577197082046
2023-03-17,NIU,3.819999933242798,3.990000009536743,3.799999952316284,3.9800000190734863,585500,0.0084454342727406
2023-03-17,NKTR,1.1200000047683716,1.149999976158142,0.959999978542328,0.9800000190734864,5898000,0.0316919571852297
2023-03-17,NMFC,9.280957473037788,9.344308656727682,9.217606289347891,9.296794891357422,1112000,0.01031052099656
2023-03-17,NMIH,21.520000457763672,21.790000915527344,20.770000457763672,20.90999984741211,1764600,0.0225540545763641
2023-03-17,NMRK,6.776694071613051,6.84982414472775,6.454923051759161,6.49392557144165,1613600,0.0101371434384185
2023-03-17,NNBR,1.25,1.2799999713897705,1.149999976158142,1.190000057220459,397900,0.0079788247325519
2023-03-17,NNDM,2.609999895095825,2.619999885559082,2.5799999237060547,2.5999999046325684,1427200,0.0065098203778542
2023-03-17,NOTV,4.730000019073486,4.900000095367432,4.619999885559082,4.650000095367432,957800,0.0282792971806326
2023-03-17,NSIT,139.16000366210938,139.77999877929688,136.38999938964844,138.00999450683594,731100,0.022911097670658
2023-03-17,NSSC,33.588136739801804,33.99834564669179,31.8398728089452,32.757957458496094,1178600,0.0323778755762141
2023-03-17,NTAP,59.10783699082957,59.37396254233758,58.36649526840147,58.42352294921875,7681400,0.0372202343175929
2023-03-17,NTCT,27.86000061035156,28.18000030517578,27.549999237060547,27.75,2412500,0.0336214891221626
2023-03-17,NTES,83.86866492840383,84.41878129865808,82.18936348708951,82.87459564208984,1193700,0.0018521506334668
2023-03-17,NTGR,17.770000457763672,17.90999984741211,17.329999923706055,17.43000030517578,445400,0.0154283675512402
2023-03-17,NTLA,40.470001220703125,40.4900016784668,38.91999816894531,39.84000015258789,1395200,0.0134779794623105
2023-03-17,NTNX,25.0,25.6299991607666,24.70499992370605,25.479999542236328,2795400,0.0104829334513353
2023-03-17,NTRA,57.97999954223633,58.01399993896485,56.34000015258789,56.630001068115234,1966300,0.0145451452073439
2023-03-17,NTRS,78.9810119625623,78.9810119625623,75.78487123218255,76.15760040283203,3615100,0.0185416367478407
2023-03-17,NVAX,5.949999809265137,6.0,5.760000228881836,5.949999809265137,14247800,0.0885814826788689
2023-03-17,NVCR,59.02000045776367,60.41999816894531,56.52000045776367,57.06999969482422,1667800,0.0151735431924669
2023-03-17,NVDA,25.965136614007125,26.38186577525069,25.65133933448188,25.70830345153809,848547000,0.0347765178529161
2023-03-17,NVEE,25.582500457763672,25.677499771118164,25.01000022888184,25.207500457763672,756800,0.0116024327088031
2023-03-17,NWBI,11.32975983322644,11.40849961151161,10.82232663356123,10.95355987548828,4086800,0.0320495627965337
2023-03-17,NWE,51.56067727260373,51.896136962507065,50.92602782462807,51.17988967895508,843600,0.0137546019872106
2023-03-17,NWL,10.85012593330165,10.878066812172712,10.561410623870984,10.607977867126465,11540700,0.0276307472777942
2023-03-17,NWS,15.946000650710946,16.06419107583748,15.778562649612576,15.81795883178711,1157500,0.0061238202056968
2023-03-17,NWSA,15.912310886112484,15.941833474266335,15.656454086303713,15.656454086303713,4593400,0.0121709771579263
2023-03-17,NXPI,173.85582888794607,174.4949370980162,170.62157549861206,171.67706298828125,2933400,0.0115661225455405
2023-03-17,NXST,150.49731601198175,152.29928890797936,146.07093058537762,147.11514282226562,644100,0.0211116646781954
2023-03-17,NYMT,7.225469685336677,7.256816594600576,6.864979855117209,7.006040573120117,3050400,0.0336809933817245
2023-03-17,OCFC,18.25091930611991,18.25091930611991,16.739811893211307,16.92983055114746,1460400,0.0250150306007615
2023-03-17,OCGN,1.0,1.0499999523162842,0.9509999752044678,0.9679999947547911,37527400,0.1285123245591061
2023-03-17,OCSL,14.23138940872365,14.239242057762416,13.901522722156452,14.019331932067873,1545500,0.0187913482614251
2023-03-17,OCUL,5.119999885559082,5.119999885559082,4.929999828338623,4.960000038146973,1027900,0.0064638855001194
2023-03-17,ODFL,166.82999854409775,168.00817189096864,163.38458024221214,164.132080078125,2515600,0.0118356117277983
2023-03-17,ODP,45.5,45.75,44.43999862670898,44.709999084472656,802900,0.026926417669686
2023-03-17,OGI,2.619999885559082,2.640000104904175,2.440000057220459,2.5199999809265137,194025,0.0014503397394209
2023-03-17,OKTA,85.12000274658203,85.43000030517578,82.9800033569336,83.83000183105469,3018600,0.018204185614233
2023-03-17,OLED,141.20472390268833,141.39125627857698,137.679994584786,139.447265625,511800,0.0107817506546363
2023-03-17,OLLI,51.91999816894531,52.025001525878906,50.94499969482422,51.93999862670898,1680900,0.0274428172601263
2023-03-17,OMCL,57.150001525878906,57.38999938964844,55.45000076293945,55.59999847412109,811800,0.0173300087952249
2023-03-17,OMER,3.920000076293945,3.930000066757202,3.509999990463257,3.539999961853028,441400,0.0076019695542324
2023-03-17,OMEX,3.309999942779541,3.430000066757202,3.259999990463257,3.309999942779541,24000,0.0008229944653622
2023-03-17,ON,80.30999755859375,80.52999877929688,77.69999694824219,78.27999877929688,6981800,0.0165426292500184
2023-03-17,ONB,13.94447266305748,13.94447266305748,13.317439241089586,13.46717929840088,7157900,0.0224166332615122
2023-03-17,ONC,224.0,225.1490020751953,220.0,223.32000732421875,300500,0.0030393753350392
2023-03-17,ONCY,1.399999976158142,1.409999966621399,1.3300000429153442,1.350000023841858,102000,0.0011802604904329
2023-03-17,OPCH,31.530000686645508,31.530000686645508,30.950000762939453,31.13999938964844,1825800,0.0111163878132534
2023-03-17,OPI,10.701817269037727,10.744864950894216,9.995823955661082,10.521014213562012,2460300,0.0352353803032233
2023-03-17,OPK,1.409999966621399,1.4199999570846558,1.3300000429153442,1.3600000143051147,3689200,0.0046522770220068
2023-03-17,OPRA,7.95699436626275,8.020145702431666,7.370594878544694,7.569068908691406,306000,0.0034189601856052
2023-03-17,ORGO,2.039999961853028,2.130000114440918,2.0,2.0,18741700,0.1477725738795849
2023-03-17,ORLY,816.530029296875,817.27001953125,795.7899780273438,797.8699951171875,665700,0.0116298774469125
2023-03-17,ORMP,2.220000028610229,2.2799999713897705,2.140000104904175,2.2300000190734863,717700,0.0175689404046462
2023-03-17,OSPN,18.23759643466088,18.70471674110964,17.849984112275894,18.14814758300781,2727000,0.0714326877236364
2023-03-17,OSUR,6.46999979019165,6.53000020980835,6.289999961853027,6.349999904632568,1543900,0.0199242725362763
2023-03-17,OSW,11.250276377924871,11.508593725150616,11.061774272878695,11.12061882019043,981100,0.0093735370269521
2023-03-17,OTEX,34.609998744778586,35.123441002978105,34.53393107564912,34.87622833251953,1515300,0.0057397727272727
2023-03-17,OTLK,20.200000762939453,21.200000762939453,19.799999237060547,20.0,194480,0.0059619499573883
2023-03-17,OVID,2.130000114440918,2.259999990463257,2.119999885559082,2.259999990463257,83600,0.0011762223003869
2023-03-17,OXLC,3.505699730729944,3.5124938781592068,3.430966052784738,3.4377598762512207,867700,0.0019494276981732
2023-03-17,OXSQ,2.3094157148757115,2.331134336860228,2.215301513671875,2.215301513671875,242800,0.0034790331795451
2023-03-17,OZK,34.542098000636685,34.66267742236033,32.714816256279285,33.05801010131836,4077100,0.0358887011020738
2023-03-17,PAA,10.193576233956572,10.236659983682287,9.943691471652429,10.219426155090332,14635700,0.0207959634883826
2023-03-17,PACB,8.819999694824219,8.819999694824219,8.199999809265137,8.300000190734863,6698500,0.0224893571303869
2023-03-17,PAGP,10.687083491056878,10.75648007263991,10.426846723756766,10.63503646850586,2613100,0.0132145602395015
2023-03-17,PANW,94.83499908447266,95.7300033569336,93.78500366210938,94.55999755859376,7549800,0.0114028097944266
2023-03-17,PARA,18.98963655904145,19.22192545979795,18.83477544580237,19.06706619262696,28213400,0.0447826059351627
2023-03-17,PASG,1.059999942779541,1.1200000047683716,1.0499999523162842,1.1200000047683716,326200,0.0052487356854491
2023-03-17,PATK,44.57626010178798,45.25914782862867,43.84784801506672,44.10149383544922,776250,0.0231335232691207
2023-03-17,PAYS,3.7100000381469727,3.759999990463257,3.609999895095825,3.619999885559082,98400,0.0018307760146015
2023-03-17,PAYX,102.36011402594534,102.96295208249065,101.0696671797764,101.28630828857422,7237500,0.0200935054991711
2023-03-17,PBYI,2.400000095367432,2.400000095367432,2.240000009536743,2.25,554700,0.011181033162134
2023-03-17,PCAR,64.49658912540862,64.58839781577953,62.63284539311835,63.06435394287109,5872200,0.0111865276853472
2023-03-17,PCH,45.351775080494114,45.43483708147241,44.51192752421165,45.213340759277344,1263500,0.0160455659021552
2023-03-17,PCRX,41.41999816894531,41.540000915527344,39.29999923706055,39.4900016784668,946200,0.0204467955450101
2023-03-17,PCTY,178.11000061035156,181.07000732421875,175.61000061035156,180.509994506836,859900,0.0153863496471463
2023-03-17,PDCO,24.018528220358725,24.10263993789167,23.55124169297865,23.700773239135746,1648300,0.0186303741898731
2023-03-17,PDD,94.8000030517578,95.13999938964844,89.9800033569336,91.94000244140624,18471200,0.0133004020547539
2023-03-17,PDSB,6.590000152587891,6.619999885559082,6.230000019073486,6.269999980926514,401900,0.008853222427576
2023-03-17,PEGA,46.40146984538859,46.83940979572278,45.61517581939194,46.64034652709961,435700,0.0050722421391772
2023-03-17,PENG,15.979999542236328,16.09000015258789,15.449999809265137,15.600000381469728,1523200,0.0283768275779841
2023-03-17,PENN,27.440000534057617,27.850000381469727,27.040000915527344,27.479999542236328,3309700,0.0216935621304877
2023-03-17,PEP,165.91669120378032,166.08589590506526,163.77352727435797,164.61952209472656,8854600,0.0064570376573771
2023-03-17,PERI,35.560001373291016,35.59000015258789,34.77000045776367,35.5,459100,0.0101937953513984
2023-03-17,PETS,17.3845612620323,17.442063885234095,16.378289118926123,16.589126586914062,1377600,0.0666908721225764
2023-03-17,PFG,66.90704745064743,66.90704745064743,64.84793982444192,65.21131134033203,14716700,0.065415696175524
2023-03-17,PGEN,1.0800000429153442,1.0800000429153442,1.0,1.0199999809265137,4998600,0.0169995540244235
2023-03-17,PGNY,34.08000183105469,34.27000045776367,32.540000915527344,32.599998474121094,1088900,0.0127486006394133
2023-03-17,PHAT,6.679999828338623,6.864999771118164,6.440000057220459,6.599999904632568,296300,0.0042549219524103
2023-03-17,PHIO,52.470001220703125,52.69499969482422,51.56999969482422,51.65999984741211,300,6.27858062220734e-05
2023-03-17,PHLT,2.7699999809265137,2.799999952316284,2.609999895095825,2.740000009536743,496200,0.0063364687914226
2023-03-17,PHUN,38.59999847412109,39.45000076293945,37.79999923706055,38.650001525878906,14428,0.0007152949575374
2023-03-17,PI,128.2899932861328,129.88999938964844,124.0,126.12999725341795,515800,0.0180740834183074
2023-03-17,PINC,29.574945194998943,29.6395190268584,29.076801190074622,29.28897285461425,806800,0.0088360855746631
2023-03-17,PLAB,16.719999313354492,16.889999389648438,16.43000030517578,16.469999313354492,1436800,0.0226048076121312
2023-03-17,PLAY,34.84000015258789,35.400001525878906,34.20500183105469,34.290000915527344,1518700,0.0440007764672478
2023-03-17,PLCE,38.0,39.02999877929688,36.630001068115234,38.04999923706055,1634600,0.1278529526789206
2023-03-17,PLUG,11.670000076293944,11.770000457763672,10.970000267028809,11.170000076293944,25744600,0.0264949907027638
2023-03-17,PLYA,8.699999809265137,8.850000381469727,8.524999618530273,8.649999618530273,1721800,0.0139997398120141
2023-03-17,PMCB,2.869999885559082,2.900000095367432,2.8350000381469727,2.900000095367432,118900,0.0173230181971822
2023-03-17,PNFP,54.96284277127709,54.96284277127709,52.93949102506631,53.584617614746094,1887900,0.0244019701291656
2023-03-17,POAI,7.0,7.139999866485596,6.599999904632568,6.800000190734863,23620,0.0026445370492698
2023-03-17,PODD,312.0299987792969,313.8299865722656,305.1400146484375,309.0899963378906,1321900,0.0188234869271388
2023-03-17,POET,3.849999904632568,3.990000009536743,3.75,3.9800000190734863,57300,0.0007489491185143
2023-03-17,POOL,340.4055982766367,342.1209586732876,332.66689013424553,333.1639404296875,445900,0.0118218790928517
2023-03-17,POWI,83.34339848995329,84.1648975337941,81.54391266887956,82.27739715576172,743700,0.0130824615503693
2023-03-17,POWW,1.870000004768372,1.8899999856948853,1.7999999523162842,1.820000052452088,1073900,0.0090428353697045
2023-03-17,PPBI,22.70374281188641,22.774998116284287,21.759609603899445,22.08025932312012,2130400,0.0219444261322433
2023-03-17,PPC,20.80506349798588,20.85822927335313,20.397469360505006,20.50379753112793,2082200,0.0087722550366107
2023-03-17,PRAA,40.130001068115234,40.130001068115234,39.40999984741211,39.54999923706055,664500,0.0168186972280154
2023-03-17,PRDO,12.82826685479873,12.837875346712686,12.44389876972848,12.511163711547852,1138000,0.0172648423786644
2023-03-17,PRGS,56.34900448273778,56.7415452088544,55.83870677975032,56.49620819091797,878500,0.0204178868591084
2023-03-17,PRPL,3.142893208938613,3.188877018462965,2.324181531972779,2.6490671634674072,5104200,0.0474610628109163
2023-03-17,PRQR,3.119999885559082,3.365000009536743,3.119999885559082,3.25,1382500,0.0131400112153441
2023-03-17,PRTA,48.68999862670898,48.68999862670898,47.52999877929688,48.27000045776367,1079800,0.0200605644007654
2023-03-17,PRTS,5.489999771118164,5.519999980926514,5.28000020980835,5.420000076293945,739100,0.0126785956281059
2023-03-17,PSEC,5.262321772716322,5.285537690887188,5.153979591217725,5.200411796569824,2614900,0.0058661481083566
2023-03-17,PSNL,2.8299999237060547,2.950000047683716,2.630000114440918,2.7300000190734863,436500,0.0049429158334107
2023-03-17,PSTV,4.349999904632568,4.349999904632568,4.199999809265137,4.349999904632568,3347,0.0001968869855761
2023-03-17,PTC,119.5199966430664,119.91999816894533,117.81999969482422,118.70999908447266,1566100,0.0130156909677204
2023-03-17,PTCT,47.4900016784668,47.68999862670898,45.0099983215332,47.29999923706055,1472900,0.0186751769380773
2023-03-17,PTEN,10.890692040834644,10.947071307235872,10.50543043460788,10.674569129943848,10103800,0.0261771407148445
2023-03-17,PTGX,23.14999961853028,23.440000534057617,22.3799991607666,22.420000076293945,3251000,0.0529614249897775
2023-03-17,PTON,10.6899995803833,10.6899995803833,9.68000030517578,10.079999923706056,11910200,0.0318540561626737
2023-03-17,PXLW,1.4600000381469729,1.4800000190734863,1.3899999856948853,1.3899999856948853,177600,0.0028256587635197
2023-03-17,PYPL,73.94999694824219,75.06500244140625,72.47799682617188,72.98999786376953,27210400,0.0275063133592194
2023-03-17,PZZA,75.21467671632293,75.66439392937077,74.27777240815148,74.96171569824219,547900,0.01675058775333
2023-03-17,QCOM,115.4397526653927,117.43734782594544,113.88182518003414,115.3919677734375,12304100,0.0111248643761301
2023-03-17,QDEL,86.9800033569336,86.9800033569336,84.63999938964844,85.02999877929688,672300,0.0099667035309674
2023-03-17,QFIN,15.768600016846207,15.950896674241449,15.084990159378718,15.385778427124023,2150700,0.0153276547580712
2023-03-17,QLYS,122.79000091552734,122.79000091552734,119.55999755859376,121.2699966430664,416800,0.01142615899577
2023-03-17,QNCX,0.843999981880188,0.8600000143051147,0.7900000214576721,0.8299999833106995,232700,0.0052884440565797
2023-03-17,QNST,15.0600004196167,15.1899995803833,14.710000038146973,14.899999618530272,644400,0.0114116517852399
2023-03-17,QRVO,97.6500015258789,97.91999816894533,95.91000366210938,96.6500015258789,1627900,0.0174299333596011
2023-03-17,QTRX,12.0,12.6899995803833,11.75,11.90999984741211,349400,0.0090077083709299
2023-03-17,QUBT,1.2699999809265137,1.2799999713897705,1.2100000381469729,1.2100000381469729,141500,0.0010310030110242
2023-03-17,QURE,19.450000762939453,19.56999969482422,18.790000915527344,19.34000015258789,1212700,0.0224254718743123
2023-03-17,QVCGA,1.0299999713897705,1.0499999523162842,0.8799999952316284,0.8899999856948853,32000800,0.0811821876769981
2023-03-17,RAIL,3.200000047683716,3.3299999237060547,3.200000047683716,3.200000047683716,36800,0.0019309375016397
2023-03-17,RAPT,19.030000686645508,19.209999084472656,18.239999771118164,18.940000534057617,1027400,0.0077829206026953
2023-03-17,RARE,40.09000015258789,40.09000015258789,38.40999984741211,38.52999877929688,708200,0.0075420904451064
2023-03-17,RAVE,1.440000057220459,1.5199999809265137,1.440000057220459,1.5199999809265137,31000,0.0021071807281329
2023-03-17,RBBN,3.400000095367432,3.7200000286102295,3.380000114440918,3.619999885559082,9269900,0.0527526120507158
2023-03-17,RCKT,18.25,18.31999969482422,16.709999084472656,17.59000015258789,2645400,0.024809153146394
2023-03-17,RDFN,8.75,8.8100004196167,8.220000267028809,8.239999771118164,3411000,0.0269881081423225
2023-03-17,RDNT,23.690000534057617,24.31999969482422,23.31999969482422,23.5,866200,0.011698813598219
2023-03-17,RDWR,20.440000534057617,20.600000381469727,20.100000381469727,20.32999992370605,764300,0.0179049582420671
2023-03-17,REAL,1.2799999713897705,1.2899999618530271,1.190000057220459,1.2000000476837158,4151100,0.0373142646543277
2023-03-17,REG,53.40080977554167,53.47455323888395,51.741541411170495,52.22088623046875,1885200,0.0103852891596796
2023-03-17,REGN,748.9575359550785,753.3519133798674,742.9952271095598,746.6904907226562,893600,0.0083119395765896
2023-03-17,REKR,1.309999942779541,1.4199999570846558,1.2510000467300415,1.2599999904632568,735300,0.0066295802077322
2023-03-17,REPL,19.68000030517578,19.90999984741211,19.1200008392334,19.600000381469727,3756300,0.0487737421898128
2023-03-17,REYN,25.02564915064079,25.15667292164433,24.805714862114847,24.922700881958008,668700,0.0031794710866402
2023-03-17,RGEN,174.27000427246094,175.61000061035156,168.22999572753906,170.22000122070312,643700,0.0114579977251326
2023-03-17,RGLD,118.2992543397672,122.6151868891204,117.71602201541708,121.94446563720705,1392900,0.0211667629091572
2023-03-17,RGLS,1.1100000143051147,1.1200000047683716,0.8700000047683716,0.8700000047683716,96300,0.0014537297300561
2023-03-17,RGNX,20.96999931335449,21.170000076293945,19.799999237060547,20.1299991607666,1142400,0.0227947059774247
2023-03-17,RGP,15.987412788077512,16.168573967916096,15.489222135042992,15.53451156616211,1430200,0.0432485719383234
2023-03-17,RIGL,15.899999618530272,16.100000381469727,14.399999618530272,14.600000381469728,428830,0.0240066058332866
2023-03-17,RILY,27.3095767554192,27.642192652668705,25.6027275821372,26.06664085388184,1129700,0.0370428663709008
2023-03-17,RIOT,7.579999923706055,8.460000038146973,7.175000190734863,8.100000381469727,40834400,0.1166004203216374
2023-03-17,RLMD,2.5799999237060547,2.7100000381469727,2.3399999141693115,2.470000028610229,364800,0.0109907325949939
2023-03-17,RMBS,44.880001068115234,45.220001220703125,43.709999084472656,44.08000183105469,2660800,0.0247640675315972
2023-03-17,RMNI,4.050000190734863,4.079999923706055,4.0,4.019999980926514,385500,0.0042225289169295
2023-03-17,RMTI,1.2999999523162842,1.3700000047683716,1.2999999523162842,1.3700000047683716,39000,0.0011451423940523
2023-03-17,ROAD,26.450000762939453,26.81999969482422,26.07999992370605,26.13999938964844,332000,0.0070363431361744
2023-03-17,ROKU,65.19999694824219,65.4800033569336,62.560001373291016,64.23999786376953,7714500,0.0599231008233649
2023-03-17,ROP,426.49220218931504,426.6896369139448,419.2369128616606,420.1746826171875,1642200,0.0152926386366811
2023-03-17,ROST,100.08227688574635,100.38565056403584,98.89816162830344,99.87677001953124,2866700,0.0087177729172906
2023-03-17,RPAY,6.480000019073486,6.480000019073486,6.110000133514404,6.130000114440918,1056800,0.0119011421402686
2023-03-17,RPD,39.5099983215332,39.5099983215332,37.88999938964844,38.77999877929688,1453400,0.0227204157020051
2023-03-17,RRGB,11.84000015258789,12.199999809265137,11.6899995803833,12.170000076293944,1116600,0.0639244310863031
2023-03-17,RRR,40.00873629826908,40.63166057834013,39.31974456428188,39.687835693359375,886000,0.0147523323170985
2023-03-17,RUN,18.700000762939453,18.790000915527344,16.690000534057617,17.31999969482422,23645200,0.1045276512974669
2023-03-17,RUSHA,34.057126691202576,34.29008605943314,33.28060163503992,33.39707946777344,467700,0.0074722009202453
2023-03-17,RVMD,22.14999961853028,22.89999961853028,21.32999992370605,21.670000076293945,2834100,0.0152442277944728
2023-03-17,RYAAY,34.6512313181948,34.944685429852065,34.54416400375948,34.79795837402344,1114304,0.0020959077314269
2023-03-17,RYTM,17.899999618530273,17.989999771118164,16.8799991607666,17.940000534057617,1159400,0.0183380599363846
2023-03-17,SABR,3.940000057220459,3.9700000286102295,3.7799999713897705,3.880000114440918,10455700,0.0270823932620553
2023-03-17,SAGE,43.43000030517578,43.43000030517578,42.13999938964844,42.75,798400,0.0129861469171726
2023-03-17,SAIA,275.260009765625,281.2099914550781,266.9100036621094,267.82000732421875,472500,0.0177410815864469
2023-03-17,SAIC,100.99633184375412,100.99633184375412,98.75023533506278,99.4114227294922,545700,0.0114313365677082
2023-03-17,SANM,57.58000183105469,57.75,56.5099983215332,56.7400016784668,668800,0.0123110226726773
2023-03-17,SATS,18.3799991607666,18.440000534057617,18.1200008392334,18.18000030517578,774600,0.0049908826509341
2023-03-17,SAVA,26.700000762939453,26.700000762939453,25.68000030517578,26.34000015258789,819100,0.0169558188205241
2023-03-17,SBAC,251.0898195954257,253.9097643830644,247.00478550266723,247.20758056640625,1256800,0.0116340208094197
2023-03-17,SBCF,24.262960366686805,24.34792807370667,23.17726228825461,23.790918350219727,3316300,0.0387352627760607
2023-03-17,SBGI,11.993765592121871,12.089298543411775,10.97763914523913,10.986323356628418,1754000,0.0410827674888685
2023-03-17,SBLK,17.9180369422202,17.985747928671497,17.19860670220189,17.317100524902344,1587700,0.013555255788539
2023-03-17,SBRA,9.232290450403443,9.29992621290383,8.995565281652093,9.037837028503418,4488400,0.0188658777823344
2023-03-17,SBUX,94.5283489953384,94.73826473404928,93.35473249238274,94.17530822753906,10189700,0.0089703592153792
2023-03-17,SCVL,23.24057019776366,23.471054964386507,22.26100856581897,22.760393142700195,833500,0.0306722503532736
2023-03-17,SCYX,1.2599999904632568,1.2999999523162842,1.149999976158142,1.149999976158142,114900,0.0029475822898789
2023-03-17,SDGR,26.600000381469727,26.64999961853028,25.57999992370605,25.6200008392334,680200,0.0106490570527693
2023-03-17,SEDG,284.2300109863281,284.2300109863281,260.4100036621094,267.2099914550781,2346500,0.0399183430442733
2023-03-17,SEIC,54.11158812785671,54.11158812785671,53.27476024966412,53.65425109863281,1093200,0.0086112642772745
2023-03-17,SFIX,5.179999828338623,5.244999885559082,4.889999866485596,5.099999904632568,4219200,0.037492002559181
2023-03-17,SFM,32.959999084472656,32.9900016784668,32.290000915527344,32.310001373291016,2133200,0.0217279262725381
2023-03-17,SFNC,17.34038554199425,17.496274853939905,16.32251993170028,16.588449478149414,2541200,0.0201812276145776
2023-03-17,SGBX,8.157525062561035,8.345053672790527,7.501172065734863,7.688701152801514,6271,0.0009815246108961
2023-03-17,SGMO,2.0999999046325684,2.109999895095825,1.9600000381469729,2.009999990463257,2808700,0.0124992212184593
2023-03-17,SGRY,32.09000015258789,32.09000015258789,30.81999969482422,31.25,1476400,0.0115693542193977
2023-03-17,SHIP,5.193118479996254,5.239320778892338,4.952867671342841,5.054512023925781,353000,0.0168880128597673
2023-03-17,SHOO,33.44884443682698,33.993893932845225,32.913355612791875,33.831336975097656,2766500,0.0381186113951348
2023-03-17,SHYF,22.923338254788447,22.981545272331868,21.429393293709825,21.85623550415039,397700,0.0113848787511844
2023-03-17,SIBN,19.959999084472656,20.299999237060547,19.270000457763672,19.59000015258789,520700,0.0122652998249833
2023-03-17,SIGA,4.81064171570595,4.81924730121932,4.66434306877045,4.698766231536865,1516600,0.0212299257795299
2023-03-17,SIGI,90.28400386889436,90.80862933523,86.07729020502397,87.12654113769531,899000,0.0147938974761512
2023-03-17,SIMO,62.57757386314316,63.07703859956606,60.9543006455058,61.86679458618164,544400,0.0161631276423922
2023-03-17,SIRI,34.85057810477045,35.43141959602323,34.85057810477045,35.23780822753906,2731060,0.0080617177619373
2023-03-17,SKYW,18.26000022888184,18.39999961853028,17.850000381469727,17.889999389648438,1429100,0.0351806173040091
2023-03-17,SLAB,172.72999572753906,173.6999969482422,170.00999450683594,171.22000122070312,957100,0.0294737166261201
2023-03-17,SLDB,4.71999979019165,4.900000095367432,4.110000133514404,4.110000133514404,157500,0.00203244163989
2023-03-17,SLM,11.940531891683396,11.940531891683396,11.377838969918749,11.43506145477295,5858600,0.0278420124095935
2023-03-17,SLNO,2.095000028610229,2.130000114440918,2.069999933242798,2.119999885559082,4500,9.813050484873728e-05
2023-03-17,SLRX,16.70400047302246,16.81599998474121,15.68000030517578,16.0,1288,0.0007453703703703
2023-03-17,SLS,1.3700000047683716,1.3799999952316284,1.2699999809265137,1.350000023841858,331100,0.0036446011293926
2023-03-17,SMCI,9.6850004196167,9.803999900817873,9.406999588012695,9.550000190734863,18256000,0.0307608824237655
2023-03-17,SMSI,8.880000114440918,8.880000114440918,8.079999923706055,8.239999771118164,48225,0.0027132480772368
2023-03-17,SMTC,29.86000061035156,30.13999938964844,29.040000915527344,29.1200008392334,1383600,0.0159947277973849
2023-03-17,SNBR,28.09000015258789,28.690000534057617,27.64999961853028,27.739999771118164,840900,0.0375586225378534
2023-03-17,SNDL,1.5700000524520874,1.5850000381469729,1.5210000276565552,1.559999942779541,2647100,0.0102882305844675
2023-03-17,SNDX,22.459999084472656,22.5,21.739999771118164,22.25,2437400,0.0283273673934266
2023-03-17,SNPS,374.0,378.2999877929688,370.5199890136719,372.5299987792969,1640800,0.0106118225326607
2023-03-17,SNY,44.20388768858043,44.31483558976052,43.88953236276169,44.13916778564453,1335200,0.0005466955714998
2023-03-17,SONO,19.450000762939453,19.65999984741211,19.270000457763672,19.3700008392334,2162200,0.0181570837147199
2023-03-17,SPRO,1.4600000381469729,1.4800000190734863,1.3600000143051147,1.3600000143051147,477100,0.0085347921131436
2023-03-17,SPT,59.52000045776367,61.70000076293945,58.77000045776367,61.09000015258789,709100,0.013677043552058
2023-03-17,SPTN,22.92560675453777,23.191970824718044,22.0714089046589,22.291847229003903,1411700,0.0417092613055527
2023-03-17,SPWH,8.300000190734863,8.359999656677246,8.0600004196167,8.079999923706055,725000,0.0190188378309605
2023-03-17,SRRK,10.010000228881836,10.010000228881836,9.31999969482422,9.399999618530272,193200,0.0020406266371486
2023-03-17,SSNC,53.5749302358718,53.5749302358718,52.20544793589609,52.321998596191406,1729100,0.0070172804233663
2023-03-17,SSP,9.18000030517578,9.229999542236328,8.710000038146973,8.75,966200,0.0127786491441611
2023-03-17,SSRM,13.663995768690144,14.294490509517596,13.516224018883806,14.11716365814209,4551700,0.0224733136497842
2023-03-17,SSSS,3.009999990463257,3.109999895095825,2.900000095367432,2.930000066757202,530400,0.0225204760550104
2023-03-17,SSYS,14.989999771118164,15.010000228881836,14.510000228881836,15.0,788900,0.0094554912324859
2023-03-17,STAA,61.970001220703125,62.619998931884766,58.880001068115234,59.959999084472656,1102000,0.0223414305814043
2023-03-17,STGW,6.300000190734863,6.559999942779541,6.25,6.5,1228900,0.0046243753386718
2023-03-17,STIM,2.930000066757202,3.059999942779541,2.819999933242798,2.8299999237060547,192000,0.002917290262784
2023-03-17,STKL,7.889999866485596,7.980000019073486,7.489999771118164,7.570000171661377,1064000,0.0090778011927411
2023-03-17,STLD,101.93723024480428,102.34319886249676,99.65606271508916,100.4390106201172,6183000,0.0412483260504653
2023-03-17,STNE,9.40999984741211,9.449999809265137,8.630000114440918,8.869999885559082,9984400,0.038793503243728
2023-03-17,STOK,9.039999961853027,9.199999809265137,8.789999961853027,8.920000076293945,412400,0.0076260639783126
2023-03-17,STRL,37.63999938964844,37.93000030517578,36.83000183105469,36.93000030517578,483900,0.0159088667521451
2023-03-17,STRO,5.230000019073486,5.300000190734863,4.980000019073486,5.21999979019165,2641900,0.031535549572991
2023-03-17,STX,56.82813632086293,57.55859971803107,56.13465921582642,56.44903564453125,5781300,0.0273080237381655
2023-03-17,SUPN,35.58000183105469,35.9900016784668,34.58000183105469,34.93000030517578,1503900,0.0269446111673489
2023-03-17,SVC,8.421083520176248,8.429513226338834,7.949031229685849,8.083903312683105,5328500,0.031976693386304
2023-03-17,SVRA,2.0999999046325684,2.134999990463257,2.0,2.0299999713897705,165900,0.0009609982314388
2023-03-17,SWBI,10.093780730481656,10.306183738955983,9.946021962723565,9.982961654663086,2322400,0.0527785794962581
2023-03-17,SWKS,109.5955802564026,110.01053872176756,106.70975106219116,107.57738494873048,2488300,0.0162025060744258
2023-03-17,SWTX,29.549999237060547,30.125,28.88999938964844,29.030000686645508,2053600,0.0273870298355391
2023-03-17,SXTC,7.5,7.5,7.0,7.125,3744,0.0002720277840343
2023-03-17,SY,1.6121304233553817,1.727544349365821,1.5663313070302824,1.657929539680481,452400,0.0053000677152771
2023-03-17,SYBX,0.6200000047683716,0.6499999761581421,0.6000000238418579,0.6299999952316284,88300,0.0075495250553603
2023-03-17,SYNA,108.79000091552734,108.95999908447266,105.5,105.8499984741211,756800,0.0193127242475744
2023-03-17,SYPR,2.039999961853028,2.119999885559082,2.039999961853028,2.119999885559082,6600,0.0002867072111207
2023-03-17,TANH,2.2100000381469727,2.450000047683716,2.0999999046325684,2.0999999046325684,30500,0.0256537500735968
2023-03-17,TAOP,6.199999809265137,7.0,6.199999809265137,6.900000095367432,290,2.166750098998065e-05
2023-03-17,TBBK,31.209999084472656,31.489999771118164,29.229999542236328,29.920000076293945,1040400,0.0216957013150047
2023-03-17,TBCH,7.829999923706055,7.929999828338623,7.449999809265137,7.869999885559082,242800,0.0121575676853052
2023-03-17,TBPH,10.640000343322754,10.640000343322754,10.229999542236328,10.25,683000,0.0136596448492339
2023-03-17,TCBI,56.18999862670898,56.790000915527344,53.36000061035156,53.959999084472656,2211300,0.0479417752310584
2023-03-17,TCMD,15.539999961853027,15.895000457763672,14.31999969482422,14.5,536500,0.0226698442478175
2023-03-17,TCOM,37.70674855248225,37.7565059737023,35.81593997238524,36.472747802734375,11709300,0.0179150032308296
2023-03-17,TCPC,7.334726198730515,7.342120245122529,7.1646666573895565,7.297756671905518,768600,0.009034137615281
2023-03-17,TEAM,157.0399932861328,158.86000061035156,153.0399932861328,158.25,3325500,0.0202784282160105
2023-03-17,TECH,72.88439161532399,72.91412699971885,71.45703266511514,71.67510223388672,1278100,0.0080847376144931
2023-03-17,TENB,44.72999954223633,44.84000015258789,43.619998931884766,44.310001373291016,2217600,0.0184336087513092
2023-03-17,TER,105.63779194468027,105.96499923274816,103.64481103937854,104.2099838256836,2428100,0.0150970268587678
2023-03-17,TFSL,10.930561172463758,10.930561172463758,10.519827085932423,10.695856094360352,792200,0.0028212350379813
2023-03-17,TGTX,14.649999618530272,15.09000015258789,14.479999542236328,14.789999961853027,7375700,0.046957742831828
2023-03-17,TH,16.860000610351562,16.889999389648438,16.110000610351562,16.209999084472656,794500,0.0080404315605752
2023-03-17,TIGR,3.140000104904175,3.150000095367432,2.9749999046325684,3.0299999713897705,1162900,0.0068884423251675
2023-03-17,TILE,7.7533162483514175,7.7533162483514175,7.544840355925242,7.594477653503418,982800,0.0167690417690417
2023-03-17,TLRY,2.5799999237060547,2.6600000858306885,2.5199999809265137,2.609999895095825,19135900,0.0191958672750996
2023-03-17,TLSA,0.5799999833106995,0.699999988079071,0.5799999833106995,0.6700000166893005,259400,0.0022199780911953
2023-03-17,TMUS,138.1494023915683,139.7336124188086,137.38663349536162,139.30332946777344,9163900,0.0080262579424034
2023-03-17,TNDM,41.630001068115234,42.310001373291016,40.27999877929688,41.13999938964844,13209300,0.1984471923717724
2023-03-17,TOUR,1.9807042099930987,1.9807042099930987,1.6618592083415384,1.8840845823287964,1226100,0.010955146533238
2023-03-17,TPIC,12.369999885559082,12.829999923706056,11.5,11.5,1512800,0.031775437888975
2023-03-17,TREE,26.89999961853028,26.89999961853028,25.57999992370605,26.14999961853028,467700,0.0349196631226854
2023-03-17,TRI,116.05950840027327,117.57705801068192,115.88042365266868,117.19060516357422,643300,0.0014282130099357
2023-03-17,TRIP,18.8700008392334,18.89999961853028,18.239999771118164,18.5,3321000,0.0260303177564233
2023-03-17,TRMB,49.130001068115234,49.15999984741211,48.130001068115234,48.75,3108500,0.0126468721520635
2023-03-17,TRMK,24.51363971128809,24.51363971128809,23.58735941537932,23.9241886138916,1180500,0.0194164058349547
2023-03-17,TROW,99.10448484958826,99.46951197406584,97.21547696490356,98.71208190917967,7687800,0.0345920213101034
2023-03-17,TRUE,2.140000104904175,2.194999933242798,2.119999885559082,2.140000104904175,467300,0.0053395828429479
2023-03-17,TRUP,56.20000076293945,56.5,54.41999816894531,55.34000015258789,1148100,0.0270200302654463
2023-03-17,TRVI,1.7200000286102295,1.8600000143051147,1.7100000381469729,1.7899999618530271,57400,0.0005936977023692
2023-03-17,TSCO,46.36936055665098,46.422456084649646,45.51394719178686,45.70862579345703,5550500,0.0104408263808835
2023-03-17,TSEM,40.61000061035156,40.630001068115234,39.90999984741211,40.0099983215332,411400,0.0036812011775548
2023-03-17,TSLA,184.5200042724609,186.22000122070312,177.3300018310547,180.1300048828125,133197100,0.0414103138330431
2023-03-17,TTD,57.77000045776367,59.20000076293945,56.88999938964844,58.5099983215332,4666100,0.0104091979037636
2023-03-17,TTEK,27.70479570920241,27.784190375843508,27.27606299500596,27.61746025085449,2203500,0.008220910623946
2023-03-17,TTMI,12.359999656677246,12.479999542236328,12.079999923706056,12.170000076293944,1854900,0.0182531169738538
2023-03-17,TTWO,116.0,116.44000244140624,114.51000213623048,116.27999877929688,2835200,0.0160638201432327
2023-03-17,TVTX,21.25,21.434999465942383,20.64999961853028,21.200000762939453,2583000,0.029097112214686
2023-03-17,TW,74.04288530641574,75.86889571649687,73.64592421727545,75.36277770996094,1923900,0.0165229564231608
2023-03-17,TWST,16.700000762939453,16.760000228881836,15.899999618530272,16.510000228881836,4054400,0.0679685705712049
2023-03-17,TXG,49.4900016784668,49.97999954223633,47.709999084472656,48.130001068115234,1160300,0.0107192018107071
2023-03-17,TXN,167.645656698202,168.78603114455657,164.5637925278935,165.6005096435547,12963300,0.0142466681305934
2023-03-17,TXRH,103.82454172476932,103.82454172476932,100.6431798118437,101.84223175048828,1391500,0.0209474920214367
2023-03-17,UAL,43.369998931884766,43.869998931884766,42.400001525878906,43.040000915527344,9367300,0.0285846373556624
2023-03-17,UBSI,33.44072913707144,33.44072913707144,32.358445221056485,32.82621383666992,3129700,0.0218147715187592
2023-03-17,UCTT,31.049999237060547,31.39999961853028,30.700000762939453,31.01000022888184,806300,0.0178652539312199
2023-03-17,UFPI,77.07231047856348,77.07231047856348,75.2249214794237,75.59635162353516,1601000,0.0263216735389087
2023-03-17,ULTA,511.0499877929688,511.1400146484375,501.0400085449219,506.4599914550781,1229000,0.0271245544532603
2023-03-17,UMBF,59.18494701121924,60.27329611632383,55.26496795046833,56.122161865234375,1703000,0.0234394785232165
2023-03-17,UNIT,3.0279883007672352,3.036128046438645,2.7268173227913715,2.832634210586548,9765800,0.0399862437298189
2023-03-17,UONEK,5.0,5.199999809265137,4.320000171661377,4.929999828338623,323200,0.0094675110874162
2023-03-17,UPBD,21.85362719778991,21.85362719778991,20.58129619882597,20.644018173217773,1750800,0.0304892065283263
2023-03-17,UPLD,4.559999942779541,4.690000057220459,4.300000190734863,4.440000057220459,574400,0.0203917169300241
2023-03-17,UPWK,10.359999656677246,10.390000343322754,10.010000228881836,10.039999961853027,1773700,0.0130939022589694
2023-03-17,URBN,25.84000015258789,26.26000022888184,25.6299991607666,25.8799991607666,2069900,0.0223384645934418
2023-03-17,URGN,9.18000030517578,9.199999809265137,8.369999885559082,8.5,224900,0.0048791176368495
2023-03-17,USEG,1.85731583377664,1.8671428923827773,1.700082778930664,1.700082778930664,82200,0.0024304426244049
2023-03-17,UTHR,221.1999969482422,221.1999969482422,216.17999267578125,219.72999572753903,1246400,0.0277519248667399
2023-03-17,VANI,1.0199999809265137,1.0499999523162842,1.0,1.0299999713897705,26400,0.0004456230198049
2023-03-17,VBTX,17.478972181328775,17.923823632775413,16.969245013157288,17.543846130371094,2083300,0.0382471626270897
2023-03-17,VC,156.61000061035156,157.74000549316406,151.0,152.1199951171875,856100,0.0316131533760454
2023-03-17,VCEL,30.489999771118164,30.489999771118164,29.11000061035156,29.309999465942383,1370400,0.0273337069844163
2023-03-17,VCTR,27.97246299442448,28.12219835415148,27.495180865924816,27.747859954833984,539600,0.0080277664313918
2023-03-17,VCYT,23.229999542236328,23.30500030517578,21.920000076293945,22.43000030517578,1531000,0.0196421056953125
2023-03-17,VECO,21.31999969482422,21.440000534057617,20.8700008392334,20.88999938964844,1061600,0.0183235093593848
2023-03-17,VERI,5.0,5.230000019073486,4.920000076293945,4.96999979019165,1552200,0.0346206604289107
2023-03-17,VERU,1.830000042915344,1.830000042915344,1.559999942779541,1.600000023841858,4106800,0.0280549786861952
2023-03-17,VFF,0.921999990940094,0.9900000095367432,0.8799999952316284,0.949999988079071,799600,0.0071178685562192
2023-03-17,VIAV,10.399999618530272,10.449999809265137,10.15999984741211,10.25,4699300,0.0211549636901538
2023-03-17,VICR,42.59000015258789,42.91999816894531,41.130001068115234,41.560001373291016,458500,0.0137096074896019
2023-03-17,VIR,24.11000061035156,24.40999984741211,23.420000076293945,23.670000076293945,3299300,0.024057369370227
2023-03-17,VIRT,16.459140396457048,16.877048186232233,16.302998928197123,16.817346572875977,3014300,0.0347996850560965
2023-03-17,VKTX,11.140000343322754,11.920000076293944,10.920000076293944,11.829999923706056,12204800,0.1086909670582158
2023-03-17,VLY,8.744831364292017,8.753846860879186,8.46535784821036,8.58255672454834,12194000,0.0217739100602735
2023-03-17,VNDA,6.369999885559082,6.599999904632568,6.329999923706055,6.519999980926514,3008900,0.0515964743809589
2023-03-17,VNET,3.150000095367432,3.380000114440918,3.0799999237060547,3.240000009536743,2292700,0.0087509300940573
2023-03-17,VNOM,23.87235636364007,24.79429240457725,23.818911263887085,24.077232360839844,780700,0.0059448839883341
2023-03-17,VOD,9.195468824468191,9.23715288668494,9.078754404330123,9.128774642944336,7163200,0.0028718045929988
2023-03-17,VRA,5.889999866485596,5.909999847412109,5.699999809265137,5.829999923706055,1427900,0.0515470616478165
2023-03-17,VRCA,7.079999923706055,7.090000152587891,6.675000190734863,7.019999980926514,110500,0.0012039660056657
2023-03-17,VRDN,28.56999969482422,28.75,26.65999984741211,27.450000762939453,1997800,0.0245173958397251
2023-03-17,VREX,18.200000762939453,18.43000030517578,18.059999465942383,18.1299991607666,782900,0.0189881399917537
2023-03-17,VRME,1.7599999904632568,1.7899999618530271,1.6261999607086182,1.7300000190734863,23000,0.001861624631722
2023-03-17,VRNA,19.18000030517578,19.190000534057617,18.270000457763672,18.600000381469727,371100,0.0043649530801066
2023-03-17,VRNS,25.920000076293945,26.25,25.21999931335449,25.3700008392334,3027200,0.0268964904486894
2023-03-17,VRNT,36.619998931884766,36.970001220703125,35.849998474121094,35.900001525878906,809300,0.013024173496861
2023-03-17,VRRM,17.190000534057617,17.280000686645508,16.850000381469727,16.959999084472656,3285800,0.020610706176061
2023-03-17,VRSK,180.11444795995695,181.7450333713913,177.68341527987536,177.9502410888672,1780400,0.0127221415683099
2023-03-17,VRSN,193.0399932861328,195.8600006103516,192.4600067138672,193.3500061035156,936200,0.0098964059196617
2023-03-17,VRTX,300.1700134277344,301.2300109863281,293.3999938964844,295.7699890136719,1676000,0.0065193462455598
2023-03-17,VSAT,34.5099983215332,35.040000915527344,33.130001068115234,34.650001525878906,16071900,0.1244725836431226
2023-03-17,VSTM,5.400000095367432,5.639999866485596,5.039999961853027,5.519999980926514,46950,0.000911827539328
2023-03-17,VTGN,4.5,4.5,4.199999809265137,4.199999809265137,81897,0.002837527414845
2023-03-17,VTRS,8.634152361046427,8.661592033816286,8.496957486252095,8.625006675720215,15567200,0.0130412420382677
2023-03-17,VUZI,4.0,4.139999866485596,3.849999904632568,3.869999885559082,1010400,0.0132524684427562
2023-03-17,VVPR,4.329999923706055,4.329999923706055,3.900000095367432,4.230000019073486,7360,0.0009633848316628
2023-03-17,VXRT,0.7900000214576721,0.8100000023841858,0.75,0.7799999713897705,1755900,0.0077030391079772
2023-03-17,VYGR,8.079999923706055,8.25,7.889999866485596,7.920000076293945,202400,0.0036662083906178
2023-03-17,WAFD,28.90604740948434,29.25105585465949,27.740480981682555,28.09481239318848,13374500,0.1640010724047843
2023-03-17,WATT,10.399999618530272,10.800000190734863,10.020000457763672,10.359999656677246,14270,0.0004688418915322
2023-03-17,WB,12.984202362563233,12.99949623758964,12.387755821575336,12.59421730041504,1206000,0.0077559765523066
2023-03-17,WBA,28.965308840632417,29.13132297784521,28.423572182708902,28.755603790283203,17224300,0.0199185190412544
2023-03-17,WBD,14.760000228881836,14.890000343322754,14.199999809265137,14.34000015258789,32003200,0.0130372015326878
2023-03-17,WDAY,191.72000122070312,192.6999969482422,188.1000061035156,188.7700042724609,2719800,0.0126502325581395
2023-03-17,WDC,26.71201705932617,27.12774085998535,26.43990898132324,26.51549530029297,8356068,0.0240238396430378
2023-03-17,WEN,18.74003409121896,18.74899224750396,18.30109468481573,18.44442176818848,14361000,0.0731830365787784
2023-03-17,WERN,43.51086706851374,43.59835555873367,41.65417018339234,41.887474060058594,967000,0.0156157145440921
2023-03-17,WING,179.8644625171261,182.0487264861915,176.38949229144592,180.8970184326172,697300,0.0249902339900153
2023-03-17,WIX,90.41000366210938,90.87999725341795,87.16999816894531,89.26000213623047,555100,0.009971581621105
2023-03-17,WRAP,1.7100000381469729,1.75,1.659999966621399,1.75,62400,0.0012357732593717
2023-03-17,WSBC,29.326207208418065,29.36246919273376,27.65819569842747,28.138656616210938,1600600,0.0167303925360248
2023-03-17,WSC,46.71097213399304,46.71097213399304,45.38407122230412,45.76318359375,4616300,0.0251466692023785
2023-03-17,WSFS,38.69645323327107,39.04673602487458,37.032613684878136,37.58722686767578,1431700,0.0246841422876925
2023-03-17,WTFC,73.37325127670634,74.09561854156694,69.09683471727563,69.56878662109375,1595800,0.0238494843172976
2023-03-17,WTW,220.9021782688313,220.9021782688313,216.4957733916881,216.7675323486328,1331500,0.0133979601693687
2023-03-17,WVE,4.050000190734863,4.170000076293945,3.920000076293945,4.0,434700,0.0028321801336929
2023-03-17,WW,4.260000228881836,4.440000057220459,4.170000076293945,4.320000171661377,14799400,0.184699050149123
2023-03-17,WWD,90.77872291045504,90.77872291045504,87.83731924164218,88.23213958740234,745300,0.0125556141435548
2023-03-17,WYNN,104.91099533123956,105.3416352474385,102.46414877508364,104.7641830444336,2175000,0.0204865918788324
2023-03-17,XAIR,6.71999979019165,6.760000228881836,6.329999923706055,6.480000019073486,334400,0.0037880075125794
2023-03-17,XEL,61.49988348287874,62.70996425448128,61.20201843009915,62.25385284423828,7941100,0.0137863684716247
2023-03-17,XENE,33.86000061035156,33.939998626708984,33.13999938964844,33.59000015258789,698400,0.009124306923708
2023-03-17,XERS,1.2899999618530271,1.3899999856948853,1.2799999713897705,1.350000023841858,1129100,0.0073346758477328
2023-03-17,XFOR,0.8619999885559082,0.8970000147819519,0.8299999833106995,0.8399999737739563,1535700,0.0088430399281362
2023-03-17,XNCR,28.18000030517578,28.5,27.3700008392334,28.049999237060547,905000,0.0128438198320613
2023-03-17,XNET,1.9700000286102293,2.0199999809265137,1.919999957084656,2.0199999809265137,189900,0.0030893018080305
2023-03-17,XP,11.041047295381729,11.362723194320717,10.63422178763228,11.277573585510254,8982200,0.0206940246240047
2023-03-17,XRAY,35.50068551598842,35.56718370231963,34.9117000268208,35.03519821166992,3143600,0.0163479696649579
2023-03-17,XRX,12.659455062039074,12.659455062039074,12.214822342715289,12.26515769958496,1895900,0.015073742794673
2023-03-17,YI,2.680000066757202,2.7799999713897705,2.680000066757202,2.7100000381469727,37900,0.007631236119305
2023-03-17,YMAB,3.2799999713897705,3.2799999713897705,3.119999885559082,3.2100000381469727,348500,0.0077070737004126
2023-03-17,YY,26.94153832284756,27.883723286199025,26.585778450369386,27.720361709594727,1686586,0.0471994111918328
2023-03-17,Z,41.06999969482422,41.27000045776367,40.22999954223633,40.59999847412109,2804800,0.0154103956260849
2023-03-17,ZBRA,294.04998779296875,294.29998779296875,287.1499938964844,288.7099914550781,461500,0.0090236648788795
2023-03-17,ZD,74.66000366210938,75.08000183105469,73.77999877929688,74.12999725341797,477500,0.0111261531005268
2023-03-17,ZG,40.369998931884766,40.630001068115234,39.4900016784668,39.810001373291016,683300,0.0125760813350192
2023-03-17,ZION,29.095164463600423,29.11353884334717,26.96378547674213,27.50581741333008,11221700,0.076046836887467
2023-03-17,ZKIN,0.6899999976158142,0.7099999785423279,0.6899999976158142,0.7099999785423279,13000,0.0025174527251425
2023-03-17,ZLAB,34.88999938964844,35.38999938964844,32.03499984741211,33.849998474121094,1753000,0.0159891277579649
2023-03-17,ZM,70.55000305175781,70.5999984741211,68.56999969482422,69.19000244140625,3763400,0.0143229027912039
2023-03-17,ZS,107.7699966430664,108.27999877929688,104.24199676513672,105.48999786376952,2705600,0.0174865092253486
2023-03-17,ZUMZ,19.420000076293945,19.420000076293945,18.209999084472656,18.540000915527344,1752000,0.0914443191782537
2023-03-17,ZYME,8.229999542236328,8.479999542236328,8.192999839782715,8.359999656677246,407000,0.0058496429619395
2023-03-17,ZYXI,10.6899995803833,10.890000343322754,10.420000076293944,10.5,392200,0.0129749829624777
