,000001SZ,000002SZ,000157SZ,000166SZ,000333SZ,000338SZ,000538SZ,000568SZ,000596SZ,000617SZ,000625SZ,000651SZ,000661SZ,000708SZ,000725SZ,000768SZ,000776SZ,000786SZ,000800SZ,000807SZ,000858SZ,000876SZ,000895SZ,000938SZ,000963SZ,000999SZ,001965SZ,002001SZ,002007SZ,002027SZ,002028SZ,002050SZ,002129SZ,002179SZ,002230SZ,002236SZ,002241SZ,002271SZ,002304SZ,002311SZ,002371SZ,002415SZ,002422SZ,002459SZ,002460SZ,002463SZ,002466SZ,002475SZ,002493SZ,002555SZ,002594SZ,002601SZ,002648SZ,002709SZ,002714SZ,002916SZ,002920SZ,002938SZ,003816SZ,300014SZ,300033SZ,300059SZ,300122SZ,300124SZ,300274SZ,300308SZ,300316SZ,300347SZ,300394SZ,300408SZ,300413SZ,300418SZ,300433SZ,300450SZ,300498SZ,300502SZ,300628SZ,300661SZ,300750SZ,300759SZ,300760SZ,300782SZ,600000SS,600010SS,600011SS,600015SS,600016SS,600018SS,600019SS,600023SS,600025SS,600026SS,600028SS,600029SS,600031SS,600036SS,600048SS,600050SS,600061SS,600085SS,600089SS,600104SS,600111SS,600115SS,600161SS,600183SS,600188SS,600196SS,600219SS,600233SS,600276SS,600309SS,600332SS,600346SS,600362SS,600377SS,600406SS,600415SS,600426SS,600436SS,600438SS,600489SS,600519SS,600570SS,600585SS,600588SS,600600SS,600660SS,600674SS,600741SS,600760SS,600795SS,600809SS,600875SS,600886SS,600887SS,600926SS,600989SS,601006SS,601009SS,601012SS,601021SS,601058SS,601066SS,601088SS,601100SS,601117SS,601138SS,601166SS,601169SS,601186SS,601225SS,601229SS,601238SS,601288SS,601318SS,601319SS,601328SS,601336SS,601360SS,601390SS,601398SS,601600SS,601601SS,601607SS,601618SS,601628SS,601633SS,601658SS,601668SS,601669SS,601688SS,601689SS,601698SS,601699SS,601766SS,601788SS,601799SS,601800SS,601808SS,601816SS,601818SS,601838SS,601857SS,601865SS,601872SS,601877SS,601878SS,601881SS,601888SS,601899SS,601901SS,601919SS,601939SS,601985SS,601988SS,601998SS,603019SS,603195SS,603259SS,603260SS,603288SS,603369SS,603501SS,603659SS,603799SS,603806SS,603833SS,603986SS,603993SS,688008SS,688009SS,688012SS,688036SS,688111SS,688169SS,688396SS
000001SZ,1.0,0.142,0.542,0.39,0.469,0.24,-0.561,-0.072,0.173,0.38,0.679,0.677,0.077,0.54,0.57,-0.158,0.303,0.641,0.611,0.307,0.164,-0.488,-0.309,-0.136,0.398,-0.313,-0.098,0.267,0.56,0.323,-0.738,0.409,0.168,-0.193,-0.138,0.272,0.243,0.745,0.433,0.045,-0.558,0.318,0.587,0.559,0.497,0.405,0.554,0.022,0.655,-0.049,0.628,0.459,0.133,-0.403,0.003,-0.549,0.487,-0.222,-0.674,0.48,0.274,0.426,-0.325,0.334,0.025,0.118,0.324,-0.651,0.469,0.398,0.018,0.654,0.475,0.07,-0.091,0.692,0.095,0.162,0.235,-0.759,-0.634,-0.138,0.816,0.267,-0.743,0.824,0.728,-0.151,0.35,-0.388,-0.682,-0.248,-0.301,0.633,0.531,0.916,-0.367,0.701,0.392,0.594,0.151,0.576,0.527,0.639,0.366,0.56,-0.026,0.319,0.492,-0.693,-0.137,0.301,0.496,0.411,0.64,0.04,-0.728,0.324,0.378,0.087,0.699,0.674,-0.192,0.438,0.369,-0.249,0.679,0.595,-0.723,0.744,0.102,-0.748,-0.499,-0.585,-0.675,-0.071,0.328,-0.064,0.479,0.876,0.189,0.61,0.198,-0.184,0.093,0.568,0.331,0.511,0.896,0.824,0.369,0.177,0.859,0.511,0.762,0.727,0.841,0.873,0.771,0.59,0.375,0.867,0.113,0.61,0.414,0.322,0.853,0.703,0.818,0.464,-0.39,0.409,0.504,0.391,0.48,0.393,0.574,0.659,0.267,-0.082,0.696,0.857,0.793,-0.554,0.229,-0.505,-0.525,0.327,0.385,0.172,0.812,0.525,0.261,0.864,-0.579,0.713,0.839,0.541,0.609,-0.825,0.142,-0.248,0.086,-0.46,-0.543,0.204,0.685,0.584,0.414,0.533,0.11,0.433,-0.157,0.032,-0.317,0.386,0.347
000002SZ,0.142,1.0,-0.497,-0.607,0.566,-0.493,0.217,0.845,0.779,-0.567,-0.151,0.178,0.855,-0.569,-0.529,-0.521,-0.639,-0.069,-0.319,-0.782,0.831,0.584,0.701,-0.032,0.675,0.399,0.233,-0.784,0.273,0.622,-0.3,0.007,-0.319,-0.406,0.78,-0.121,-0.489,0.201,0.441,0.785,-0.402,0.598,0.192,0.011,-0.57,-0.605,-0.533,0.739,-0.508,0.322,-0.079,-0.683,-0.71,-0.693,0.824,0.248,0.779,0.585,0.282,0.598,-0.631,-0.331,-0.52,-0.384,0.688,0.069,-0.599,0.168,-0.432,0.647,0.114,-0.231,-0.499,-0.516,0.784,0.105,0.59,0.375,0.352,-0.257,0.51,-0.247,-0.075,-0.628,0.28,0.117,-0.122,-0.629,-0.718,-0.146,0.198,0.631,0.026,0.533,-0.292,0.371,0.643,-0.093,-0.503,-0.102,-0.523,-0.368,-0.551,0.526,-0.381,-0.348,-0.438,-0.577,-0.567,0.368,0.801,-0.42,-0.151,-0.719,-0.455,0.0,-0.08,-0.391,-0.692,0.8,0.077,-0.439,0.765,0.42,-0.624,0.602,0.114,-0.067,0.09,0.312,-0.577,0.091,0.41,-0.4,0.388,0.852,0.539,-0.796,0.226,0.259,-0.299,0.364,0.856,-0.482,-0.171,-0.244,-0.598,0.182,0.271,0.083,-0.547,-0.515,0.359,-0.405,-0.09,0.505,0.193,0.364,0.334,-0.569,-0.563,0.249,-0.748,0.689,-0.411,-0.643,0.357,-0.255,-0.09,-0.386,-0.497,-0.507,0.756,-0.454,-0.604,-0.438,-0.403,0.33,-0.619,0.562,0.388,0.156,0.233,0.257,-0.56,-0.271,-0.431,-0.472,-0.516,0.781,-0.217,-0.348,-0.692,-0.025,-0.057,0.233,-0.139,-0.117,0.161,0.016,-0.787,0.794,0.804,-0.011,-0.45,-0.546,-0.395,-0.133,-0.373,-0.589,0.809,-0.45,-0.58,0.491,0.532,-0.324,-0.207
000157SZ,0.542,-0.497,1.0,0.865,0.179,0.852,-0.686,-0.73,-0.467,0.859,0.78,0.628,-0.639,0.93,0.932,0.324,0.831,0.803,0.899,0.76,-0.525,-0.859,-0.787,0.186,-0.211,-0.169,0.157,0.867,0.429,-0.193,-0.221,0.614,0.484,0.536,-0.659,0.21,0.828,0.647,-0.276,-0.435,-0.151,-0.444,0.461,0.551,0.905,0.908,0.92,-0.391,0.857,-0.35,0.66,0.837,0.48,0.113,-0.64,-0.309,-0.133,-0.285,-0.607,-0.021,0.815,0.706,0.456,0.836,-0.456,0.231,0.861,-0.804,0.864,-0.061,0.16,0.556,0.898,0.309,-0.709,0.604,-0.129,-0.08,-0.137,-0.534,-0.868,0.413,0.823,0.881,-0.527,0.691,0.855,0.404,0.891,0.022,-0.544,-0.706,-0.319,0.195,0.901,0.425,-0.799,0.802,0.921,0.723,0.8,0.859,0.936,0.269,0.807,0.877,0.051,0.836,0.952,-0.781,-0.739,0.468,0.722,0.761,0.878,0.354,-0.413,0.528,0.846,-0.625,0.664,0.864,-0.823,0.313,0.815,-0.454,0.584,0.434,-0.508,0.424,0.795,-0.466,-0.852,0.085,-0.615,-0.671,-0.162,0.528,0.458,0.506,0.519,0.293,-0.505,0.586,0.191,0.828,0.904,0.543,0.584,0.715,0.923,0.543,0.475,0.811,0.823,0.267,0.606,0.444,0.467,0.905,0.937,0.572,0.702,-0.092,0.836,0.897,0.38,0.756,0.818,0.913,0.311,0.902,-0.225,0.879,0.819,0.907,0.942,0.202,0.887,-0.578,0.357,0.681,0.236,-0.807,0.766,-0.216,0.047,0.892,0.944,-0.466,0.778,0.901,0.792,0.717,-0.315,0.582,0.849,0.752,0.567,-0.678,0.662,-0.826,-0.515,0.008,-0.337,0.797,0.774,0.742,0.84,0.848,-0.43,0.916,0.59,-0.137,-0.594,0.788,0.78
000166SZ,0.39,-0.607,0.865,1.0,-0.145,0.694,-0.445,-0.816,-0.645,0.885,0.555,0.342,-0.795,0.881,0.808,0.625,0.952,0.613,0.792,0.881,-0.683,-0.821,-0.822,0.175,-0.431,-0.223,0.183,0.815,0.146,-0.344,0.014,0.343,0.389,0.473,-0.736,0.441,0.707,0.359,-0.398,-0.685,0.146,-0.528,0.3,0.339,0.835,0.884,0.879,-0.551,0.82,-0.296,0.423,0.829,0.705,0.354,-0.823,-0.272,-0.395,-0.557,-0.408,-0.321,0.916,0.76,0.502,0.644,-0.549,-0.098,0.817,-0.582,0.745,-0.267,-0.098,0.569,0.782,0.337,-0.831,0.348,-0.389,0.057,-0.317,-0.266,-0.752,0.331,0.642,0.867,-0.391,0.487,0.623,0.571,0.94,0.24,-0.411,-0.662,-0.05,-0.015,0.645,0.226,-0.625,0.594,0.803,0.483,0.727,0.758,0.901,0.061,0.638,0.701,0.36,0.803,0.905,-0.557,-0.821,0.573,0.623,0.837,0.906,0.498,-0.282,0.731,0.889,-0.755,0.431,0.868,-0.842,-0.032,0.923,-0.595,0.319,0.312,-0.299,0.22,0.785,-0.261,-0.641,0.307,-0.495,-0.797,-0.085,0.65,0.489,0.292,0.359,-0.024,-0.73,0.574,0.429,0.599,0.832,0.348,0.351,0.48,0.906,0.65,0.199,0.674,0.622,-0.047,0.359,0.269,0.214,0.807,0.906,0.313,0.885,-0.315,0.806,0.942,0.158,0.607,0.593,0.83,0.555,0.902,-0.447,0.75,0.907,0.765,0.816,-0.046,0.931,-0.555,0.142,0.434,0.277,-0.592,0.799,0.09,0.196,0.769,0.895,-0.602,0.768,0.753,0.91,0.604,0.027,0.398,0.673,0.593,0.314,-0.499,0.843,-0.865,-0.677,0.03,0.01,0.745,0.607,0.479,0.743,0.919,-0.7,0.823,0.664,-0.325,-0.688,0.564,0.601
000333SZ,0.469,0.566,0.179,-0.145,1.0,0.248,-0.375,0.433,0.679,-0.059,0.547,0.816,0.526,0.085,0.204,-0.587,-0.18,0.62,0.326,-0.418,0.652,0.012,0.299,0.145,0.657,0.364,0.207,-0.194,0.793,0.71,-0.55,0.633,0.154,0.0,0.469,-0.245,0.191,0.75,0.331,0.701,-0.704,0.231,0.632,0.539,0.037,0.009,0.054,0.612,0.046,0.02,0.507,-0.219,-0.683,-0.763,0.506,0.032,0.672,0.657,-0.265,0.805,-0.076,0.047,-0.105,0.37,0.561,0.596,0.036,-0.51,0.267,0.719,0.387,0.026,0.228,-0.451,0.419,0.713,0.79,0.077,0.294,-0.752,-0.117,0.202,0.559,-0.07,-0.097,0.619,0.576,-0.507,-0.175,-0.265,-0.294,0.034,-0.51,0.729,0.47,0.687,-0.181,0.541,0.176,0.603,0.061,0.311,0.06,0.788,0.351,0.388,-0.772,0.097,0.079,-0.315,0.387,-0.371,0.452,-0.365,-0.022,0.07,-0.449,-0.346,-0.204,0.44,0.681,-0.004,0.295,0.884,-0.275,0.442,0.78,0.304,-0.347,0.755,-0.036,-0.389,-0.257,-0.471,-0.09,0.506,0.365,-0.62,0.357,0.649,0.256,0.796,0.551,0.031,-0.413,0.494,0.092,0.632,0.71,0.672,0.064,-0.442,0.782,0.252,0.561,0.851,0.681,0.606,0.805,0.089,0.06,0.749,-0.454,0.707,0.189,-0.071,0.713,0.286,0.527,0.269,-0.396,0.096,0.716,0.291,-0.187,0.286,0.315,0.551,-0.059,0.107,0.691,0.698,0.309,-0.472,-0.096,-0.735,-0.43,0.24,0.137,0.602,0.157,0.384,-0.263,0.439,-0.512,0.705,0.455,0.555,0.766,-0.48,-0.466,0.306,0.69,0.191,-0.924,0.024,0.251,0.598,0.283,-0.19,0.679,0.204,-0.173,0.519,0.165,0.446,0.459
000338SZ,0.24,-0.493,0.852,0.694,0.248,1.0,-0.615,-0.715,-0.451,0.781,0.793,0.638,-0.611,0.848,0.859,0.212,0.738,0.806,0.821,0.572,-0.514,-0.808,-0.707,0.277,-0.169,0.019,0.287,0.812,0.536,-0.167,-0.048,0.8,0.675,0.775,-0.543,-0.117,0.947,0.586,-0.434,-0.356,-0.1,-0.716,0.513,0.562,0.836,0.864,0.783,-0.314,0.693,-0.217,0.686,0.696,0.265,0.05,-0.633,-0.032,-0.181,-0.005,-0.51,0.007,0.793,0.518,0.705,0.939,-0.368,0.509,0.888,-0.819,0.917,-0.013,0.204,0.391,0.918,0.139,-0.7,0.606,0.061,-0.308,-0.224,-0.5,-0.725,0.545,0.698,0.877,-0.26,0.574,0.795,0.334,0.786,0.044,-0.503,-0.832,-0.417,0.14,0.919,0.209,-0.858,0.765,0.929,0.799,0.923,0.851,0.836,0.237,0.924,0.898,-0.178,0.908,0.855,-0.694,-0.673,0.174,0.787,0.539,0.618,0.397,-0.346,0.31,0.709,-0.679,0.642,0.607,-0.777,0.393,0.632,-0.231,0.625,0.487,-0.393,0.396,0.881,-0.3,-0.839,0.223,-0.457,-0.605,-0.34,0.402,0.291,0.362,0.693,0.309,-0.556,0.793,-0.032,0.859,0.925,0.568,0.428,0.6,0.885,0.399,0.328,0.875,0.733,0.192,0.49,0.182,0.423,0.757,0.901,0.414,0.569,-0.203,0.858,0.843,0.201,0.697,0.67,0.9,0.414,0.849,-0.269,0.947,0.612,0.951,0.901,0.178,0.839,-0.705,0.195,0.542,-0.032,-0.829,0.803,-0.33,0.275,0.954,0.9,-0.531,0.484,0.9,0.747,0.479,-0.307,0.499,0.662,0.824,0.628,-0.551,0.603,-0.762,-0.396,0.301,-0.392,0.908,0.637,0.807,0.83,0.636,-0.363,0.895,0.695,0.067,-0.593,0.926,0.866
000538SZ,-0.561,0.217,-0.686,-0.445,-0.375,-0.615,1.0,0.432,0.211,-0.442,-0.749,-0.608,0.265,-0.673,-0.742,0.206,-0.368,-0.653,-0.61,-0.386,0.246,0.643,0.532,-0.105,-0.145,0.376,-0.034,-0.604,-0.558,-0.006,0.442,-0.675,-0.218,-0.289,0.479,0.141,-0.525,-0.58,-0.021,0.157,0.6,0.273,-0.532,-0.466,-0.586,-0.521,-0.574,0.275,-0.63,0.113,-0.606,-0.579,-0.123,0.224,0.256,0.569,-0.116,0.045,0.769,-0.285,-0.417,-0.258,-0.068,-0.524,0.354,-0.378,-0.497,0.749,-0.66,-0.058,0.109,-0.531,-0.623,-0.04,0.348,-0.671,-0.004,0.442,0.303,0.699,0.684,0.047,-0.717,-0.526,0.664,-0.664,-0.762,0.001,-0.509,0.255,0.588,0.59,0.536,-0.454,-0.754,-0.538,0.688,-0.768,-0.629,-0.647,-0.525,-0.713,-0.64,-0.458,-0.679,-0.676,0.087,-0.491,-0.658,0.823,0.431,-0.165,-0.453,-0.404,-0.537,0.029,0.521,-0.016,-0.529,0.309,-0.68,-0.565,0.543,-0.39,-0.452,0.311,-0.569,-0.503,0.589,-0.548,-0.368,0.595,0.785,0.25,0.607,0.388,-0.056,-0.244,-0.284,-0.725,-0.305,-0.618,0.121,-0.205,0.027,-0.715,-0.646,-0.433,-0.637,-0.716,-0.586,-0.268,-0.598,-0.684,-0.803,-0.474,-0.687,-0.477,-0.58,-0.645,-0.605,-0.704,-0.311,-0.15,-0.472,-0.556,-0.526,-0.665,-0.759,-0.63,0.132,-0.469,-0.17,-0.673,-0.494,-0.688,-0.701,-0.571,-0.506,0.504,-0.518,-0.694,-0.257,0.819,-0.375,0.591,0.406,-0.608,-0.577,0.244,-0.532,-0.727,-0.371,-0.651,0.593,-0.624,-0.704,-0.624,-0.467,0.682,-0.219,0.512,0.187,0.227,0.556,-0.497,-0.6,-0.637,-0.482,-0.495,0.153,-0.697,-0.105,0.002,0.577,-0.598,-0.463
000568SZ,-0.072,0.845,-0.73,-0.816,0.433,-0.715,0.432,1.0,0.888,-0.801,-0.406,-0.083,0.948,-0.796,-0.727,-0.594,-0.851,-0.361,-0.588,-0.904,0.94,0.824,0.923,-0.069,0.587,0.343,-0.062,-0.92,0.055,0.64,-0.225,-0.275,-0.396,-0.598,0.901,-0.168,-0.716,-0.077,0.552,0.855,-0.29,0.716,-0.085,-0.144,-0.786,-0.814,-0.76,0.774,-0.723,0.26,-0.288,-0.88,-0.784,-0.54,0.94,0.251,0.61,0.573,0.391,0.536,-0.819,-0.521,-0.608,-0.575,0.787,0.027,-0.782,0.446,-0.673,0.538,0.139,-0.486,-0.708,-0.443,0.941,-0.12,0.534,0.329,0.449,0.025,0.703,-0.254,-0.37,-0.865,0.34,-0.198,-0.411,-0.662,-0.904,-0.201,0.334,0.777,0.03,0.304,-0.547,0.125,0.686,-0.407,-0.751,-0.327,-0.77,-0.62,-0.794,0.265,-0.619,-0.574,-0.457,-0.772,-0.808,0.522,0.923,-0.541,-0.406,-0.84,-0.705,-0.29,0.115,-0.588,-0.875,0.935,-0.167,-0.693,0.971,0.265,-0.858,0.65,-0.066,-0.268,0.2,0.089,-0.788,0.128,0.667,-0.431,0.459,0.954,0.426,-0.846,-0.107,-0.03,-0.367,0.216,0.867,-0.617,-0.337,-0.487,-0.813,-0.11,-0.025,-0.2,-0.809,-0.738,0.124,-0.65,-0.397,0.328,-0.083,0.112,0.085,-0.733,-0.825,-0.003,-0.9,0.597,-0.662,-0.879,0.164,-0.515,-0.368,-0.683,-0.58,-0.755,0.684,-0.684,-0.805,-0.696,-0.665,0.139,-0.847,0.701,0.188,-0.138,0.074,0.489,-0.769,-0.177,-0.368,-0.715,-0.768,0.9,-0.479,-0.614,-0.898,-0.299,-0.018,-0.078,-0.415,-0.387,-0.065,0.293,-0.906,0.961,0.883,0.024,-0.237,-0.781,-0.483,-0.353,-0.582,-0.816,0.842,-0.73,-0.666,0.404,0.738,-0.51,-0.441
000596SZ,0.173,0.779,-0.467,-0.645,0.679,-0.451,0.211,0.888,1.0,-0.557,-0.098,0.264,0.867,-0.516,-0.435,-0.576,-0.661,-0.036,-0.3,-0.765,0.949,0.594,0.797,-0.103,0.598,0.351,-0.068,-0.749,0.276,0.704,-0.428,-0.03,-0.239,-0.495,0.824,-0.174,-0.461,0.229,0.507,0.897,-0.454,0.669,0.14,0.156,-0.528,-0.549,-0.491,0.796,-0.451,0.137,-0.043,-0.712,-0.813,-0.655,0.867,0.117,0.631,0.577,0.185,0.679,-0.603,-0.326,-0.494,-0.26,0.847,0.189,-0.539,0.119,-0.402,0.645,0.286,-0.347,-0.399,-0.509,0.836,0.201,0.711,0.326,0.49,-0.245,0.366,-0.036,-0.037,-0.656,0.177,0.082,-0.069,-0.662,-0.685,-0.256,0.068,0.597,-0.162,0.443,-0.248,0.395,0.375,-0.117,-0.505,-0.005,-0.582,-0.337,-0.548,0.448,-0.342,-0.275,-0.582,-0.491,-0.546,0.226,0.779,-0.518,-0.121,-0.693,-0.489,-0.258,-0.191,-0.525,-0.708,0.82,0.126,-0.466,0.837,0.468,-0.759,0.529,0.263,-0.073,-0.015,0.335,-0.575,-0.154,0.341,-0.551,0.255,0.852,0.427,-0.854,0.005,0.209,-0.131,0.429,0.817,-0.49,-0.35,-0.127,-0.535,0.096,0.26,0.106,-0.578,-0.68,0.396,-0.4,-0.071,0.558,0.184,0.33,0.371,-0.45,-0.586,0.276,-0.821,0.722,-0.394,-0.671,0.419,-0.273,-0.026,-0.393,-0.591,-0.498,0.744,-0.381,-0.607,-0.412,-0.368,0.264,-0.643,0.638,0.373,0.188,0.213,0.205,-0.617,-0.365,-0.427,-0.453,-0.507,0.868,-0.255,-0.311,-0.761,-0.002,-0.231,0.164,-0.091,-0.1,0.268,-0.036,-0.784,0.817,0.902,0.067,-0.511,-0.61,-0.169,0.01,-0.302,-0.65,0.886,-0.484,-0.549,0.442,0.63,-0.194,-0.18
000617SZ,0.38,-0.567,0.859,0.885,-0.059,0.781,-0.442,-0.801,-0.557,1.0,0.636,0.453,-0.747,0.91,0.841,0.619,0.932,0.679,0.794,0.849,-0.654,-0.814,-0.803,0.225,-0.342,-0.076,0.308,0.814,0.22,-0.304,0.006,0.476,0.488,0.522,-0.645,0.392,0.816,0.444,-0.458,-0.608,0.108,-0.561,0.428,0.397,0.877,0.951,0.895,-0.413,0.881,-0.16,0.512,0.846,0.63,0.263,-0.768,-0.125,-0.305,-0.418,-0.358,-0.201,0.915,0.8,0.501,0.749,-0.475,0.058,0.816,-0.658,0.83,-0.139,0.126,0.615,0.866,0.344,-0.787,0.485,-0.248,-0.03,-0.188,-0.361,-0.844,0.437,0.691,0.932,-0.335,0.586,0.705,0.641,0.929,0.283,-0.428,-0.663,0.039,0.081,0.719,0.229,-0.701,0.691,0.847,0.587,0.761,0.797,0.916,0.162,0.729,0.791,0.256,0.838,0.907,-0.581,-0.763,0.508,0.718,0.841,0.87,0.534,-0.403,0.752,0.891,-0.749,0.468,0.855,-0.852,0.061,0.831,-0.499,0.397,0.41,-0.31,0.277,0.875,-0.226,-0.757,0.327,-0.466,-0.726,-0.196,0.625,0.486,0.308,0.43,0.056,-0.679,0.582,0.446,0.683,0.89,0.496,0.373,0.556,0.931,0.719,0.29,0.712,0.679,0.069,0.44,0.335,0.316,0.852,0.93,0.352,0.82,-0.208,0.893,0.929,0.199,0.639,0.671,0.903,0.538,0.922,-0.387,0.827,0.891,0.85,0.84,0.001,0.928,-0.436,0.208,0.531,0.181,-0.567,0.781,0.061,0.246,0.821,0.918,-0.625,0.731,0.817,0.885,0.658,-0.005,0.449,0.72,0.673,0.448,-0.585,0.819,-0.833,-0.608,0.061,-0.086,0.785,0.628,0.586,0.82,0.862,-0.588,0.887,0.711,-0.271,-0.59,0.66,0.668
000625SZ,0.679,-0.151,0.78,0.555,0.547,0.793,-0.749,-0.406,-0.098,0.636,1.0,0.862,-0.209,0.814,0.872,-0.123,0.535,0.926,0.861,0.406,-0.11,-0.771,-0.543,0.196,0.312,-0.103,0.141,0.613,0.838,0.244,-0.531,0.89,0.619,0.366,-0.311,-0.075,0.737,0.855,0.06,-0.082,-0.501,-0.331,0.787,0.75,0.782,0.727,0.746,-0.083,0.768,-0.028,0.938,0.628,0.095,-0.329,-0.294,-0.287,0.288,0.022,-0.778,0.468,0.59,0.437,0.224,0.8,-0.106,0.548,0.718,-0.951,0.892,0.376,0.104,0.601,0.87,0.064,-0.405,0.892,0.181,-0.257,0.035,-0.867,-0.755,0.219,0.91,0.668,-0.578,0.88,0.95,-0.021,0.609,-0.298,-0.778,-0.719,-0.563,0.595,0.925,0.65,-0.784,0.953,0.776,0.961,0.668,0.921,0.801,0.653,0.856,0.941,-0.294,0.742,0.766,-0.861,-0.388,0.093,0.862,0.461,0.656,0.257,-0.713,0.26,0.582,-0.273,0.908,0.671,-0.521,0.627,0.497,-0.121,0.902,0.8,-0.738,0.803,0.59,-0.664,-0.821,-0.26,-0.703,-0.313,-0.073,0.062,0.433,0.796,0.627,0.716,-0.154,0.378,-0.097,0.907,0.769,0.709,0.804,0.89,0.733,0.244,0.765,0.915,0.919,0.65,0.872,0.621,0.805,0.758,0.741,0.796,0.279,0.308,0.793,0.653,0.666,0.911,0.884,0.83,-0.062,0.687,0.271,0.855,0.554,0.843,0.893,0.619,0.618,-0.533,0.601,0.859,0.392,-0.903,0.613,-0.684,-0.132,0.777,0.746,-0.147,0.694,0.885,0.542,0.769,-0.639,0.751,0.87,0.921,0.831,-0.832,0.36,-0.532,-0.038,-0.028,-0.675,0.713,0.788,0.905,0.707,0.602,-0.082,0.811,0.282,0.145,-0.544,0.877,0.762
000651SZ,0.677,0.178,0.628,0.342,0.816,0.638,-0.608,-0.083,0.264,0.453,0.862,1.0,0.052,0.596,0.65,-0.239,0.327,0.92,0.733,0.119,0.204,-0.5,-0.234,0.124,0.4,0.166,0.239,0.296,0.842,0.391,-0.582,0.835,0.429,0.246,-0.001,-0.061,0.61,0.948,0.074,0.274,-0.591,-0.084,0.765,0.776,0.552,0.508,0.579,0.233,0.559,-0.118,0.773,0.318,-0.232,-0.521,0.021,-0.149,0.48,0.291,-0.539,0.632,0.387,0.427,0.158,0.725,0.217,0.585,0.496,-0.86,0.689,0.544,0.368,0.391,0.685,-0.214,-0.092,0.898,0.508,0.008,0.207,-0.888,-0.603,0.367,0.875,0.444,-0.366,0.858,0.903,-0.163,0.359,-0.204,-0.568,-0.386,-0.544,0.668,0.821,0.771,-0.565,0.859,0.601,0.875,0.488,0.716,0.573,0.757,0.718,0.783,-0.527,0.555,0.574,-0.666,-0.117,-0.014,0.765,0.162,0.477,0.264,-0.684,0.084,0.306,-0.028,0.88,0.498,-0.227,0.795,0.227,0.041,0.929,0.551,-0.561,0.818,0.42,-0.578,-0.683,-0.32,-0.427,0.01,0.159,-0.225,0.5,0.779,0.512,0.739,0.137,0.282,-0.131,0.852,0.57,0.783,0.861,0.889,0.54,0.01,0.858,0.667,0.875,0.786,0.853,0.702,0.876,0.562,0.546,0.86,0.027,0.509,0.626,0.43,0.737,0.688,0.86,0.711,-0.125,0.558,0.442,0.693,0.333,0.702,0.729,0.536,0.429,-0.243,0.673,0.913,0.393,-0.787,0.371,-0.67,-0.246,0.642,0.584,0.159,0.565,0.762,0.255,0.755,-0.576,0.812,0.813,0.835,0.94,-0.789,0.061,-0.224,0.246,0.113,-0.874,0.451,0.635,0.889,0.64,0.334,0.278,0.632,0.156,0.315,-0.213,0.78,0.735
000661SZ,0.077,0.855,-0.639,-0.795,0.526,-0.611,0.265,0.948,0.867,-0.747,-0.209,0.052,1.0,-0.686,-0.591,-0.715,-0.838,-0.237,-0.48,-0.873,0.95,0.714,0.85,-0.048,0.783,0.257,-0.053,-0.822,0.257,0.741,-0.396,-0.097,-0.298,-0.584,0.877,-0.238,-0.643,0.055,0.704,0.852,-0.463,0.707,0.117,-0.058,-0.687,-0.727,-0.686,0.786,-0.597,0.391,-0.085,-0.759,-0.773,-0.674,0.959,0.159,0.75,0.581,0.17,0.672,-0.799,-0.546,-0.682,-0.484,0.73,0.171,-0.714,0.274,-0.529,0.644,0.126,-0.308,-0.595,-0.386,0.931,0.043,0.537,0.18,0.459,-0.18,0.591,-0.372,-0.226,-0.795,0.162,-0.014,-0.259,-0.741,-0.857,-0.376,0.123,0.629,-0.096,0.485,-0.398,0.26,0.559,-0.217,-0.65,-0.155,-0.716,-0.46,-0.69,0.429,-0.486,-0.423,-0.511,-0.697,-0.724,0.351,0.933,-0.551,-0.264,-0.775,-0.63,-0.289,-0.055,-0.56,-0.803,0.96,-0.015,-0.599,0.908,0.38,-0.794,0.702,0.098,-0.023,-0.032,0.274,-0.749,-0.017,0.547,-0.577,0.26,0.954,0.386,-0.862,-0.067,0.178,-0.312,0.41,0.919,-0.656,-0.414,-0.363,-0.733,0.04,0.144,-0.016,-0.736,-0.698,0.301,-0.474,-0.238,0.511,0.123,0.253,0.276,-0.625,-0.75,0.171,-0.922,0.744,-0.556,-0.823,0.347,-0.319,-0.224,-0.596,-0.718,-0.721,0.84,-0.574,-0.762,-0.59,-0.543,0.386,-0.814,0.6,0.358,0.017,0.184,0.335,-0.72,-0.385,-0.476,-0.636,-0.702,0.891,-0.361,-0.496,-0.841,-0.173,-0.213,0.063,-0.273,-0.24,0.055,0.112,-0.903,0.899,0.927,-0.107,-0.364,-0.674,-0.375,-0.213,-0.555,-0.73,0.854,-0.611,-0.728,0.485,0.612,-0.388,-0.384
000708SZ,0.54,-0.569,0.93,0.881,0.085,0.848,-0.673,-0.796,-0.516,0.91,0.814,0.596,-0.686,1.0,0.962,0.359,0.878,0.797,0.897,0.834,-0.583,-0.941,-0.862,0.122,-0.212,-0.278,0.112,0.887,0.422,-0.227,-0.229,0.618,0.547,0.478,-0.713,0.214,0.844,0.597,-0.279,-0.542,-0.145,-0.518,0.504,0.565,0.946,0.938,0.956,-0.498,0.951,-0.221,0.695,0.909,0.564,0.156,-0.729,-0.387,-0.191,-0.41,-0.662,-0.037,0.883,0.707,0.454,0.806,-0.49,0.209,0.877,-0.829,0.911,-0.1,0.014,0.693,0.941,0.292,-0.793,0.624,-0.226,-0.193,-0.184,-0.539,-0.913,0.318,0.817,0.914,-0.583,0.676,0.834,0.427,0.944,0.013,-0.644,-0.812,-0.284,0.188,0.853,0.408,-0.845,0.815,0.897,0.748,0.805,0.913,0.978,0.251,0.841,0.899,0.159,0.9,0.977,-0.826,-0.794,0.497,0.754,0.834,0.904,0.341,-0.534,0.588,0.906,-0.694,0.651,0.901,-0.859,0.209,0.837,-0.54,0.592,0.575,-0.536,0.451,0.806,-0.519,-0.873,0.077,-0.694,-0.749,-0.195,0.547,0.406,0.522,0.552,0.268,-0.594,0.534,0.275,0.833,0.941,0.483,0.555,0.684,0.933,0.622,0.436,0.888,0.819,0.213,0.594,0.398,0.446,0.939,0.947,0.522,0.749,-0.132,0.875,0.933,0.358,0.835,0.812,0.924,0.319,0.905,-0.235,0.904,0.896,0.903,0.939,0.239,0.899,-0.624,0.286,0.659,0.286,-0.805,0.799,-0.236,0.086,0.87,0.914,-0.556,0.799,0.897,0.865,0.741,-0.325,0.528,0.842,0.765,0.559,-0.722,0.78,-0.881,-0.541,-0.051,-0.263,0.816,0.813,0.748,0.805,0.898,-0.54,0.916,0.546,-0.217,-0.73,0.792,0.69
000725SZ,0.57,-0.529,0.932,0.808,0.204,0.859,-0.742,-0.727,-0.435,0.841,0.872,0.65,-0.591,0.962,1.0,0.199,0.79,0.831,0.896,0.754,-0.485,-0.907,-0.793,0.21,-0.086,-0.249,0.079,0.873,0.525,-0.091,-0.308,0.684,0.549,0.447,-0.642,0.15,0.844,0.646,-0.161,-0.443,-0.255,-0.466,0.567,0.567,0.917,0.903,0.907,-0.397,0.919,-0.201,0.768,0.86,0.465,0.045,-0.632,-0.386,-0.116,-0.297,-0.723,0.075,0.826,0.637,0.385,0.821,-0.455,0.32,0.847,-0.862,0.929,0.007,0.042,0.673,0.949,0.27,-0.7,0.703,-0.136,-0.257,-0.158,-0.619,-0.895,0.284,0.844,0.857,-0.637,0.726,0.875,0.353,0.876,-0.068,-0.681,-0.815,-0.373,0.293,0.9,0.443,-0.888,0.856,0.895,0.807,0.773,0.935,0.944,0.344,0.875,0.932,0.036,0.873,0.951,-0.878,-0.705,0.411,0.788,0.769,0.845,0.287,-0.544,0.494,0.866,-0.592,0.706,0.85,-0.801,0.334,0.779,-0.427,0.675,0.619,-0.598,0.512,0.751,-0.579,-0.883,-0.02,-0.733,-0.667,-0.203,0.476,0.398,0.587,0.545,0.416,-0.505,0.512,0.128,0.852,0.918,0.536,0.606,0.751,0.904,0.518,0.52,0.9,0.857,0.333,0.679,0.454,0.54,0.937,0.913,0.606,0.656,-0.038,0.857,0.882,0.451,0.853,0.836,0.908,0.197,0.854,-0.134,0.918,0.821,0.916,0.956,0.345,0.841,-0.629,0.38,0.709,0.283,-0.846,0.727,-0.372,-0.014,0.864,0.896,-0.451,0.766,0.93,0.789,0.747,-0.425,0.593,0.859,0.821,0.609,-0.734,0.678,-0.823,-0.437,-0.047,-0.366,0.806,0.817,0.792,0.805,0.833,-0.454,0.918,0.491,-0.161,-0.704,0.824,0.729
000768SZ,-0.158,-0.521,0.324,0.625,-0.587,0.212,0.206,-0.594,-0.576,0.619,-0.123,-0.239,-0.715,0.359,0.199,1.0,0.674,-0.001,0.237,0.662,-0.66,-0.302,-0.459,0.105,-0.721,0.005,0.231,0.388,-0.453,-0.579,0.472,-0.241,0.077,0.352,-0.489,0.553,0.283,-0.233,-0.634,-0.693,0.694,-0.441,-0.157,-0.123,0.371,0.518,0.426,-0.418,0.336,-0.185,-0.217,0.405,0.685,0.598,-0.702,0.138,-0.64,-0.596,0.262,-0.722,0.601,0.51,0.479,0.176,-0.4,-0.491,0.422,0.059,0.215,-0.471,-0.085,0.13,0.278,0.306,-0.618,-0.216,-0.454,0.331,-0.335,0.375,-0.302,0.368,0.003,0.53,0.177,-0.084,-0.015,0.683,0.59,0.589,0.11,-0.203,0.487,-0.479,0.012,-0.31,-0.099,-0.055,0.278,-0.132,0.328,0.152,0.402,-0.386,0.089,0.097,0.591,0.399,0.4,0.117,-0.592,0.406,0.164,0.565,0.487,0.49,0.111,0.715,0.488,-0.691,-0.197,0.433,-0.525,-0.556,0.582,-0.509,-0.314,-0.165,0.252,-0.377,0.587,0.304,-0.125,0.645,0.061,-0.606,-0.138,0.596,0.221,-0.354,0.005,-0.611,-0.745,0.367,0.651,0.043,0.382,-0.077,-0.28,-0.162,0.472,0.614,-0.377,0.055,-0.034,-0.557,-0.282,-0.187,-0.35,0.28,0.461,-0.322,0.751,-0.558,0.431,0.552,-0.39,-0.038,-0.034,0.352,0.77,0.497,-0.738,0.243,0.591,0.241,0.205,-0.58,0.585,-0.108,-0.306,-0.171,-0.048,0.102,0.498,0.698,0.481,0.258,0.451,-0.625,0.314,0.171,0.628,0.081,0.616,-0.171,0.073,0.022,-0.19,0.039,0.714,-0.508,-0.672,0.171,0.524,0.347,0.059,-0.101,0.349,0.543,-0.666,0.321,0.689,-0.364,-0.255,0.015,0.158
000776SZ,0.303,-0.639,0.831,0.952,-0.18,0.738,-0.368,-0.851,-0.661,0.932,0.535,0.327,-0.838,0.878,0.79,0.674,1.0,0.605,0.775,0.881,-0.73,-0.818,-0.837,0.194,-0.471,-0.162,0.244,0.828,0.1,-0.392,0.143,0.36,0.448,0.546,-0.724,0.4,0.78,0.331,-0.501,-0.703,0.23,-0.586,0.275,0.324,0.847,0.909,0.875,-0.545,0.817,-0.245,0.408,0.835,0.705,0.417,-0.86,-0.133,-0.435,-0.508,-0.321,-0.355,0.958,0.806,0.592,0.692,-0.555,-0.06,0.832,-0.556,0.765,-0.279,0.003,0.556,0.805,0.364,-0.867,0.321,-0.36,0.028,-0.29,-0.207,-0.752,0.412,0.605,0.899,-0.288,0.443,0.593,0.663,0.946,0.325,-0.352,-0.673,0.04,-0.063,0.636,0.14,-0.628,0.571,0.824,0.474,0.777,0.741,0.895,0.02,0.663,0.704,0.343,0.846,0.895,-0.515,-0.827,0.564,0.636,0.831,0.862,0.541,-0.254,0.757,0.907,-0.811,0.376,0.826,-0.867,-0.052,0.89,-0.557,0.291,0.305,-0.22,0.171,0.857,-0.173,-0.658,0.407,-0.429,-0.818,-0.154,0.687,0.436,0.205,0.395,-0.075,-0.784,0.655,0.431,0.591,0.856,0.355,0.278,0.429,0.916,0.685,0.136,0.674,0.581,-0.108,0.295,0.181,0.155,0.804,0.915,0.233,0.897,-0.383,0.838,0.95,0.071,0.586,0.549,0.843,0.641,0.94,-0.514,0.771,0.889,0.787,0.802,-0.108,0.945,-0.536,0.06,0.386,0.188,-0.539,0.822,0.155,0.314,0.809,0.9,-0.665,0.696,0.754,0.938,0.546,0.084,0.356,0.62,0.592,0.326,-0.449,0.889,-0.884,-0.702,0.104,0.065,0.796,0.572,0.48,0.796,0.889,-0.704,0.817,0.726,-0.319,-0.672,0.59,0.634
000786SZ,0.641,-0.069,0.803,0.613,0.62,0.806,-0.653,-0.361,-0.036,0.679,0.926,0.92,-0.237,0.797,0.831,-0.001,0.605,1.0,0.893,0.387,-0.078,-0.711,-0.486,0.242,0.204,0.078,0.296,0.538,0.791,0.237,-0.428,0.858,0.551,0.415,-0.246,0.058,0.793,0.899,-0.092,-0.035,-0.428,-0.326,0.772,0.756,0.756,0.736,0.771,0.004,0.73,-0.121,0.826,0.54,0.041,-0.31,-0.301,-0.156,0.243,0.082,-0.588,0.405,0.666,0.587,0.358,0.841,-0.024,0.484,0.716,-0.92,0.868,0.382,0.22,0.521,0.866,-0.081,-0.392,0.874,0.282,-0.013,0.014,-0.829,-0.718,0.406,0.932,0.684,-0.401,0.873,0.957,0.061,0.623,-0.078,-0.623,-0.614,-0.479,0.557,0.911,0.664,-0.696,0.926,0.792,0.921,0.692,0.879,0.792,0.668,0.861,0.913,-0.344,0.779,0.795,-0.748,-0.381,0.128,0.897,0.4,0.682,0.431,-0.647,0.305,0.57,-0.3,0.894,0.679,-0.487,0.672,0.507,-0.114,0.894,0.617,-0.555,0.766,0.643,-0.546,-0.787,-0.12,-0.522,-0.277,0.051,0.029,0.574,0.731,0.584,0.628,-0.185,0.486,-0.004,0.915,0.774,0.775,0.806,0.886,0.777,0.214,0.75,0.824,0.93,0.608,0.825,0.632,0.79,0.725,0.78,0.789,0.333,0.265,0.83,0.697,0.635,0.801,0.886,0.892,0.108,0.782,0.197,0.87,0.574,0.866,0.902,0.452,0.678,-0.458,0.589,0.878,0.39,-0.873,0.614,-0.561,-0.091,0.819,0.804,-0.085,0.699,0.918,0.556,0.792,-0.456,0.813,0.88,0.945,0.895,-0.791,0.36,-0.494,-0.023,0.16,-0.711,0.69,0.715,0.911,0.798,0.585,-0.04,0.826,0.385,0.184,-0.465,0.867,0.85
000800SZ,0.611,-0.319,0.899,0.792,0.326,0.821,-0.61,-0.588,-0.3,0.794,0.861,0.733,-0.48,0.897,0.896,0.237,0.775,0.893,1.0,0.646,-0.335,-0.847,-0.683,0.157,-0.028,-0.087,0.158,0.715,0.595,0.009,-0.32,0.693,0.596,0.479,-0.489,0.161,0.807,0.756,-0.168,-0.323,-0.232,-0.396,0.615,0.677,0.883,0.862,0.887,-0.267,0.829,-0.212,0.765,0.737,0.358,-0.062,-0.555,-0.259,0.014,-0.219,-0.628,0.103,0.797,0.64,0.437,0.828,-0.258,0.303,0.858,-0.87,0.889,0.117,0.085,0.582,0.91,0.135,-0.629,0.714,0.027,-0.015,-0.082,-0.652,-0.8,0.38,0.879,0.807,-0.483,0.773,0.885,0.213,0.818,-0.071,-0.675,-0.729,-0.362,0.306,0.877,0.539,-0.75,0.843,0.859,0.836,0.747,0.879,0.897,0.419,0.833,0.904,-0.044,0.873,0.908,-0.784,-0.611,0.341,0.845,0.645,0.848,0.409,-0.546,0.507,0.744,-0.511,0.785,0.835,-0.671,0.429,0.713,-0.349,0.74,0.598,-0.579,0.608,0.744,-0.548,-0.796,-0.045,-0.639,-0.543,-0.103,0.297,0.509,0.612,0.6,0.387,-0.417,0.534,0.151,0.876,0.84,0.616,0.695,0.774,0.864,0.46,0.572,0.868,0.846,0.388,0.7,0.511,0.597,0.85,0.876,0.631,0.577,0.059,0.878,0.83,0.498,0.831,0.838,0.907,0.226,0.867,-0.056,0.882,0.775,0.855,0.935,0.337,0.798,-0.554,0.405,0.747,0.365,-0.823,0.762,-0.358,0.035,0.844,0.878,-0.318,0.813,0.897,0.756,0.743,-0.372,0.661,0.879,0.863,0.708,-0.763,0.613,-0.707,-0.309,0.043,-0.461,0.784,0.793,0.824,0.817,0.806,-0.316,0.868,0.501,0.009,-0.611,0.832,0.808
000807SZ,0.307,-0.782,0.76,0.881,-0.418,0.572,-0.386,-0.904,-0.765,0.849,0.406,0.119,-0.873,0.834,0.754,0.662,0.881,0.387,0.646,1.0,-0.824,-0.819,-0.898,0.028,-0.552,-0.421,-0.041,0.867,-0.078,-0.561,0.04,0.139,0.308,0.338,-0.863,0.457,0.619,0.16,-0.383,-0.848,0.24,-0.469,0.114,0.203,0.811,0.822,0.848,-0.741,0.842,-0.284,0.307,0.918,0.882,0.53,-0.893,-0.399,-0.523,-0.767,-0.42,-0.472,0.827,0.68,0.4,0.488,-0.717,-0.203,0.731,-0.44,0.641,-0.465,-0.158,0.614,0.697,0.505,-0.892,0.186,-0.596,-0.091,-0.289,-0.076,-0.777,0.186,0.465,0.824,-0.502,0.304,0.451,0.669,0.936,0.205,-0.39,-0.662,0.066,-0.21,0.489,0.068,-0.623,0.43,0.679,0.315,0.617,0.619,0.833,-0.176,0.532,0.567,0.579,0.725,0.845,-0.569,-0.898,0.71,0.42,0.961,0.873,0.27,-0.248,0.758,0.924,-0.816,0.21,0.857,-0.895,-0.285,0.909,-0.759,0.114,0.286,-0.28,-0.007,0.69,-0.271,-0.621,0.292,-0.564,-0.91,-0.281,0.826,0.231,0.148,0.273,-0.201,-0.792,0.396,0.515,0.467,0.758,0.099,0.157,0.286,0.792,0.783,0.021,0.591,0.454,-0.233,0.188,0.12,-0.009,0.816,0.802,0.127,0.939,-0.444,0.665,0.869,-0.0,0.563,0.482,0.677,0.48,0.764,-0.584,0.624,0.939,0.625,0.662,-0.098,0.829,-0.533,-0.062,0.266,0.172,-0.437,0.713,0.228,0.21,0.606,0.743,-0.747,0.697,0.598,0.898,0.501,0.021,0.138,0.563,0.368,0.097,-0.41,0.93,-0.921,-0.837,-0.185,0.247,0.642,0.597,0.337,0.596,0.929,-0.822,0.7,0.559,-0.518,-0.699,0.42,0.364
000858SZ,0.164,0.831,-0.525,-0.683,0.652,-0.514,0.246,0.94,0.949,-0.654,-0.11,0.204,0.95,-0.583,-0.485,-0.66,-0.73,-0.078,-0.335,-0.824,1.0,0.639,0.839,-0.034,0.721,0.326,-0.066,-0.792,0.326,0.799,-0.429,-0.032,-0.223,-0.546,0.879,-0.181,-0.532,0.191,0.643,0.892,-0.469,0.689,0.167,0.098,-0.587,-0.626,-0.562,0.818,-0.515,0.232,-0.019,-0.747,-0.809,-0.687,0.916,0.149,0.709,0.595,0.154,0.709,-0.674,-0.418,-0.562,-0.345,0.834,0.208,-0.587,0.168,-0.433,0.692,0.191,-0.333,-0.466,-0.477,0.889,0.164,0.636,0.3,0.488,-0.25,0.491,-0.18,-0.089,-0.724,0.16,0.072,-0.128,-0.732,-0.76,-0.329,0.069,0.592,-0.178,0.494,-0.292,0.367,0.463,-0.138,-0.559,-0.028,-0.624,-0.359,-0.593,0.482,-0.386,-0.305,-0.593,-0.56,-0.609,0.276,0.868,-0.553,-0.133,-0.747,-0.533,-0.225,-0.131,-0.536,-0.753,0.913,0.121,-0.512,0.894,0.474,-0.755,0.645,0.247,-0.028,-0.044,0.36,-0.654,-0.12,0.458,-0.577,0.24,0.921,0.445,-0.902,0.021,0.225,-0.18,0.461,0.86,-0.544,-0.408,-0.211,-0.622,0.11,0.246,0.083,-0.632,-0.738,0.388,-0.404,-0.125,0.568,0.191,0.319,0.363,-0.526,-0.646,0.262,-0.871,0.753,-0.441,-0.727,0.425,-0.263,-0.106,-0.464,-0.651,-0.579,0.818,-0.448,-0.673,-0.479,-0.416,0.337,-0.712,0.579,0.393,0.132,0.25,0.226,-0.631,-0.418,-0.44,-0.518,-0.578,0.938,-0.269,-0.369,-0.78,-0.061,-0.234,0.156,-0.149,-0.108,0.215,0.032,-0.835,0.862,0.953,0.037,-0.475,-0.615,-0.235,-0.069,-0.395,-0.669,0.872,-0.529,-0.618,0.491,0.607,-0.256,-0.221
000876SZ,-0.488,0.584,-0.859,-0.821,0.012,-0.808,0.643,0.824,0.594,-0.814,-0.771,-0.5,0.714,-0.941,-0.907,-0.302,-0.818,-0.711,-0.847,-0.819,0.639,1.0,0.93,0.011,0.242,0.345,0.028,-0.876,-0.382,0.332,0.211,-0.58,-0.572,-0.496,0.789,-0.077,-0.799,-0.546,0.299,0.592,0.08,0.542,-0.398,-0.553,-0.936,-0.861,-0.913,0.636,-0.885,0.271,-0.684,-0.912,-0.584,-0.173,0.783,0.427,0.198,0.454,0.694,0.099,-0.81,-0.567,-0.464,-0.73,0.542,-0.167,-0.874,0.786,-0.856,0.163,0.11,-0.639,-0.892,-0.285,0.858,-0.523,0.251,0.28,0.194,0.458,0.854,-0.239,-0.72,-0.861,0.598,-0.562,-0.746,-0.353,-0.905,0.082,0.655,0.852,0.321,-0.088,-0.795,-0.324,0.809,-0.726,-0.845,-0.694,-0.812,-0.848,-0.927,-0.137,-0.805,-0.827,-0.221,-0.878,-0.922,0.832,0.837,-0.481,-0.661,-0.814,-0.84,-0.231,0.475,-0.525,-0.863,0.726,-0.586,-0.845,0.88,-0.138,-0.824,0.597,-0.526,-0.595,0.529,-0.355,-0.744,0.538,0.861,-0.054,0.706,0.808,0.305,-0.554,-0.255,-0.462,-0.593,-0.206,0.597,-0.525,-0.222,-0.787,-0.894,-0.34,-0.481,-0.566,-0.862,-0.624,-0.326,-0.905,-0.724,-0.112,-0.498,-0.272,-0.345,-0.871,-0.884,-0.422,-0.722,0.217,-0.785,-0.877,-0.243,-0.857,-0.724,-0.842,-0.268,-0.834,0.288,-0.832,-0.846,-0.827,-0.871,-0.249,-0.831,0.722,-0.135,-0.552,-0.242,0.782,-0.822,0.231,-0.148,-0.81,-0.834,0.639,-0.73,-0.808,-0.85,-0.615,0.376,-0.394,-0.747,-0.678,-0.479,0.653,-0.804,0.908,0.615,0.113,0.198,-0.812,-0.794,-0.707,-0.729,-0.877,0.576,-0.821,-0.483,0.262,0.773,-0.765,-0.635
000895SZ,-0.309,0.701,-0.787,-0.822,0.299,-0.707,0.532,0.923,0.797,-0.803,-0.543,-0.234,0.85,-0.862,-0.793,-0.459,-0.837,-0.486,-0.683,-0.898,0.839,0.93,1.0,0.041,0.437,0.414,-0.001,-0.909,-0.104,0.573,-0.006,-0.367,-0.432,-0.498,0.907,-0.166,-0.721,-0.296,0.425,0.769,-0.122,0.575,-0.171,-0.305,-0.859,-0.81,-0.843,0.782,-0.816,0.264,-0.463,-0.94,-0.758,-0.408,0.887,0.38,0.365,0.581,0.536,0.344,-0.79,-0.576,-0.474,-0.591,0.743,0.022,-0.784,0.572,-0.724,0.393,0.143,-0.607,-0.757,-0.429,0.937,-0.266,0.467,0.275,0.281,0.202,0.769,-0.167,-0.519,-0.852,0.514,-0.352,-0.541,-0.555,-0.906,-0.077,0.445,0.778,0.102,0.116,-0.63,-0.099,0.687,-0.537,-0.768,-0.44,-0.766,-0.694,-0.86,0.095,-0.662,-0.653,-0.442,-0.774,-0.856,0.673,0.908,-0.614,-0.456,-0.877,-0.803,-0.216,0.256,-0.601,-0.898,0.825,-0.318,-0.802,0.956,0.113,-0.883,0.681,-0.225,-0.409,0.338,-0.08,-0.726,0.318,0.75,-0.245,0.585,0.912,0.355,-0.757,-0.173,-0.244,-0.412,0.054,0.706,-0.515,-0.354,-0.576,-0.824,-0.166,-0.242,-0.346,-0.816,-0.751,-0.08,-0.753,-0.534,0.145,-0.27,-0.094,-0.076,-0.799,-0.837,-0.193,-0.841,0.429,-0.67,-0.866,-0.004,-0.699,-0.536,-0.728,-0.403,-0.779,0.501,-0.698,-0.851,-0.718,-0.735,-0.058,-0.829,0.692,0.05,-0.328,-0.095,0.593,-0.78,-0.033,-0.23,-0.724,-0.768,0.797,-0.631,-0.665,-0.877,-0.463,0.165,-0.207,-0.574,-0.459,-0.208,0.452,-0.871,0.966,0.823,0.163,-0.087,-0.761,-0.619,-0.467,-0.632,-0.878,0.73,-0.741,-0.513,0.4,0.76,-0.568,-0.475
000938SZ,-0.136,-0.032,0.186,0.175,0.145,0.277,-0.105,-0.069,-0.103,0.225,0.196,0.124,-0.048,0.122,0.21,0.105,0.194,0.242,0.157,0.028,-0.034,0.011,0.041,1.0,0.119,0.271,0.555,0.12,0.228,0.338,0.254,0.311,0.196,0.249,0.13,0.25,0.302,0.047,-0.138,-0.045,0.053,-0.357,0.414,0.009,0.133,0.219,0.113,0.271,0.082,0.355,0.213,0.011,-0.004,0.044,-0.044,0.454,-0.022,0.274,0.128,0.158,0.289,0.264,0.159,0.195,-0.013,0.305,0.156,-0.109,0.353,0.324,0.061,0.138,0.236,0.117,-0.023,0.309,-0.054,-0.006,-0.185,-0.174,0.019,0.127,0.135,0.261,0.203,0.244,0.181,0.249,0.103,0.431,0.156,-0.152,0.059,0.316,0.223,-0.141,-0.107,0.28,0.22,0.246,0.259,0.293,0.213,0.352,0.315,0.29,-0.269,0.144,0.184,0.057,0.056,-0.198,0.412,-0.006,0.082,0.527,0.044,0.126,0.198,-0.015,0.243,0.047,-0.106,0.23,0.098,0.377,0.136,0.067,0.106,0.182,0.32,0.326,-0.058,0.43,0.122,0.049,0.069,0.06,0.387,0.034,0.026,0.265,-0.2,0.282,0.022,0.103,0.22,0.393,-0.04,0.189,0.326,-0.029,0.102,0.101,0.174,0.086,0.186,0.084,0.151,0.081,0.272,0.096,0.158,-0.062,0.348,0.271,0.024,0.016,0.031,0.304,0.351,0.186,0.009,0.304,0.085,0.344,0.236,0.023,0.281,-0.142,0.296,0.104,-0.163,-0.136,0.192,-0.086,0.117,0.254,0.298,0.054,0.034,0.364,0.2,0.117,0.286,0.273,0.063,0.415,0.121,0.068,0.038,-0.037,0.092,0.425,-0.062,0.338,-0.102,0.056,0.268,0.051,-0.138,0.384,0.388,0.091,-0.091,0.158,0.371
000963SZ,0.398,0.675,-0.211,-0.431,0.657,-0.169,-0.145,0.587,0.598,-0.342,0.312,0.4,0.783,-0.212,-0.086,-0.721,-0.471,0.204,-0.028,-0.552,0.721,0.242,0.437,0.119,1.0,0.137,0.133,-0.387,0.649,0.819,-0.578,0.357,0.026,-0.369,0.619,-0.222,-0.231,0.386,0.761,0.611,-0.679,0.452,0.562,0.153,-0.25,-0.287,-0.283,0.636,-0.137,0.511,0.41,-0.304,-0.524,-0.762,0.683,0.04,0.849,0.48,-0.271,0.795,-0.416,-0.31,-0.582,-0.087,0.447,0.422,-0.323,-0.195,-0.011,0.751,0.119,0.145,-0.125,-0.191,0.623,0.438,0.454,-0.08,0.366,-0.609,0.198,-0.42,0.229,-0.387,-0.19,0.449,0.199,-0.63,-0.466,-0.485,-0.299,0.14,-0.235,0.804,0.082,0.507,0.155,0.31,-0.19,0.296,-0.333,0.066,-0.216,0.743,-0.019,0.087,-0.502,-0.279,-0.28,-0.078,0.697,-0.407,0.206,-0.416,-0.231,-0.012,-0.369,-0.265,-0.363,0.727,0.376,-0.186,0.504,0.597,-0.377,0.66,0.469,0.474,-0.429,0.642,-0.383,-0.259,0.13,-0.64,-0.17,0.689,0.304,-0.661,0.229,0.582,-0.119,0.731,0.716,-0.436,-0.381,0.025,-0.297,0.456,0.506,0.439,-0.275,-0.408,0.634,0.051,0.224,0.79,0.576,0.535,0.658,-0.201,-0.296,0.541,-0.652,0.849,-0.08,-0.397,0.655,0.205,0.188,-0.136,-0.702,-0.33,0.924,-0.108,-0.391,-0.115,-0.055,0.751,-0.416,0.254,0.67,0.404,0.387,-0.094,-0.371,-0.704,-0.536,-0.204,-0.28,0.672,0.055,-0.023,-0.421,0.205,-0.457,0.452,0.151,0.257,0.379,-0.3,-0.606,0.5,0.775,-0.249,-0.583,-0.206,-0.041,0.168,-0.204,-0.304,0.621,-0.112,-0.548,0.505,0.16,0.017,-0.035
000999SZ,-0.313,0.399,-0.169,-0.223,0.364,0.019,0.376,0.343,0.351,-0.076,-0.103,0.166,0.257,-0.278,-0.249,0.005,-0.162,0.078,-0.087,-0.421,0.326,0.345,0.414,0.271,0.137,1.0,0.49,-0.371,0.109,0.284,0.252,0.133,0.084,0.202,0.523,-0.06,0.05,0.095,-0.227,0.449,0.153,-0.057,0.119,0.023,-0.237,-0.131,-0.236,0.573,-0.356,0.009,-0.096,-0.449,-0.468,-0.212,0.3,0.713,0.176,0.616,0.576,0.151,-0.114,-0.011,0.215,0.122,0.517,0.207,-0.111,0.114,-0.114,0.337,0.523,-0.427,-0.095,-0.342,0.329,0.038,0.564,0.262,0.218,0.022,0.327,0.544,-0.081,-0.092,0.682,-0.006,-0.047,-0.009,-0.269,0.357,0.405,0.364,0.182,0.096,-0.02,-0.146,0.235,-0.065,-0.057,0.011,0.007,-0.18,-0.243,0.164,-0.016,-0.062,-0.463,-0.106,-0.222,0.429,0.394,-0.35,0.119,-0.436,-0.312,0.421,0.256,-0.127,-0.332,0.199,-0.018,-0.333,0.291,0.341,-0.355,0.539,0.064,-0.276,0.402,-0.002,0.085,0.459,0.188,0.301,0.562,0.445,0.049,-0.349,0.211,-0.226,0.067,0.018,0.202,0.3,-0.093,-0.051,-0.122,0.313,-0.1,-0.023,-0.067,-0.274,-0.002,-0.225,-0.115,0.139,-0.057,-0.042,0.093,-0.306,-0.098,-0.08,-0.285,0.163,0.033,-0.176,-0.088,-0.329,-0.145,0.011,0.246,-0.028,0.088,-0.045,-0.335,0.003,-0.122,-0.251,-0.073,0.354,0.053,-0.025,-0.335,0.223,-0.098,0.143,0.277,0.02,-0.023,0.302,-0.319,-0.043,-0.234,-0.201,0.323,0.078,-0.17,0.096,0.215,0.229,-0.326,0.382,0.359,0.559,-0.249,-0.066,-0.319,0.01,0.096,-0.395,0.375,-0.062,0.255,0.319,0.535,0.071,0.248
001965SZ,-0.098,0.233,0.157,0.183,0.207,0.287,-0.034,-0.062,-0.068,0.308,0.141,0.239,-0.053,0.112,0.079,0.231,0.244,0.296,0.158,-0.041,-0.066,0.028,-0.001,0.555,0.133,0.49,1.0,0.024,0.196,0.175,0.328,0.371,0.08,0.37,0.15,0.163,0.294,0.112,-0.322,-0.02,0.039,-0.359,0.437,-0.087,0.052,0.208,0.067,0.276,0.037,0.313,0.072,-0.034,-0.06,-0.113,-0.037,0.56,0.107,0.319,0.317,0.068,0.266,0.286,0.247,0.237,-0.019,0.179,0.082,-0.116,0.27,0.211,0.197,0.065,0.141,-0.168,-0.009,0.245,0.137,0.163,-0.265,-0.206,0.032,0.181,0.197,0.258,0.394,0.298,0.219,0.243,0.101,0.587,0.24,-0.022,0.314,0.332,0.213,0.002,0.092,0.327,0.257,0.186,0.307,0.246,0.162,0.406,0.261,0.228,-0.135,0.13,0.161,0.228,0.091,-0.15,0.38,-0.091,0.087,0.803,0.037,0.214,0.132,-0.11,0.175,0.063,-0.116,0.169,0.143,0.316,0.087,0.002,0.281,0.198,0.394,0.502,-0.092,0.484,0.373,0.104,0.262,0.04,0.684,0.082,-0.112,0.143,-0.108,0.353,0.321,0.107,0.232,0.577,0.081,0.254,0.366,0.165,0.134,0.051,0.234,0.135,0.203,0.147,0.23,-0.03,0.317,0.132,0.164,0.047,0.359,0.273,0.05,-0.034,0.102,0.385,0.462,0.26,0.043,0.292,0.082,0.364,0.212,0.016,0.352,0.048,0.344,0.191,-0.102,-0.051,0.155,0.028,0.071,0.312,0.318,-0.06,0.075,0.314,0.166,0.17,0.453,0.404,0.095,0.391,0.174,-0.03,-0.015,-0.022,0.072,0.432,-0.167,0.286,-0.281,0.043,0.259,0.026,-0.021,0.4,0.388,0.249,-0.097,0.117,0.367
002001SZ,0.267,-0.784,0.867,0.815,-0.194,0.812,-0.604,-0.92,-0.749,0.814,0.613,0.296,-0.822,0.887,0.873,0.388,0.828,0.538,0.715,0.867,-0.792,-0.876,-0.909,0.12,-0.387,-0.371,0.024,1.0,0.192,-0.456,-0.013,0.451,0.477,0.571,-0.861,0.088,0.778,0.307,-0.339,-0.699,0.032,-0.603,0.228,0.295,0.855,0.866,0.822,-0.679,0.812,-0.284,0.524,0.928,0.691,0.381,-0.824,-0.344,-0.402,-0.469,-0.602,-0.286,0.804,0.551,0.517,0.717,-0.746,0.14,0.826,-0.621,0.785,-0.356,-0.021,0.546,0.814,0.504,-0.863,0.329,-0.416,-0.366,-0.294,-0.251,-0.792,0.25,0.558,0.875,-0.534,0.395,0.607,0.54,0.915,0.014,-0.49,-0.829,-0.213,-0.069,0.743,0.087,-0.819,0.599,0.859,0.528,0.791,0.765,0.874,-0.055,0.723,0.748,0.289,0.814,0.883,-0.722,-0.867,0.539,0.528,0.856,0.768,0.219,-0.235,0.537,0.909,-0.794,0.37,0.759,-0.942,-0.004,0.861,-0.538,0.317,0.417,-0.42,0.142,0.788,-0.351,-0.772,0.205,-0.638,-0.868,-0.409,0.768,0.165,0.251,0.454,0.063,-0.712,0.596,0.189,0.635,0.88,0.255,0.261,0.428,0.859,0.659,0.132,0.784,0.587,-0.061,0.327,0.093,0.148,0.857,0.878,0.251,0.809,-0.394,0.729,0.884,0.076,0.685,0.577,0.764,0.373,0.798,-0.476,0.791,0.8,0.808,0.809,0.084,0.858,-0.708,0.048,0.358,0.035,-0.666,0.757,-0.073,0.194,0.811,0.836,-0.731,0.591,0.743,0.856,0.454,-0.244,0.264,0.606,0.546,0.25,-0.452,0.811,-0.959,-0.742,-0.074,0.01,0.813,0.66,0.535,0.686,0.842,-0.695,0.82,0.586,-0.304,-0.736,0.673,0.557
002007SZ,0.56,0.273,0.429,0.146,0.793,0.536,-0.558,0.055,0.276,0.22,0.838,0.842,0.257,0.422,0.525,-0.453,0.1,0.791,0.595,-0.078,0.326,-0.382,-0.104,0.228,0.649,0.109,0.196,0.192,1.0,0.573,-0.622,0.868,0.491,0.202,0.123,-0.272,0.447,0.834,0.31,0.319,-0.671,-0.101,0.81,0.67,0.394,0.344,0.352,0.299,0.365,0.162,0.847,0.183,-0.335,-0.67,0.14,-0.098,0.594,0.378,-0.623,0.713,0.2,0.093,0.038,0.573,0.233,0.66,0.371,-0.777,0.629,0.647,0.123,0.34,0.549,-0.219,0.028,0.846,0.476,-0.174,0.145,-0.882,-0.35,0.093,0.711,0.281,-0.361,0.781,0.759,-0.408,0.16,-0.433,-0.648,-0.442,-0.65,0.746,0.711,0.662,-0.472,0.778,0.451,0.864,0.355,0.664,0.419,0.807,0.643,0.699,-0.607,0.424,0.382,-0.609,0.061,-0.255,0.74,-0.013,0.263,0.178,-0.641,-0.078,0.129,0.156,0.847,0.278,-0.069,0.813,0.098,0.289,0.918,0.729,-0.664,0.87,0.259,-0.552,-0.483,-0.432,-0.467,0.161,0.088,-0.383,0.358,0.787,0.476,0.836,0.246,0.162,-0.37,0.698,0.394,0.702,0.778,0.791,0.365,-0.159,0.795,0.672,0.731,0.791,0.828,0.608,0.861,0.362,0.367,0.78,-0.169,0.551,0.518,0.247,0.704,0.686,0.67,0.519,-0.316,0.32,0.59,0.579,0.102,0.547,0.598,0.736,0.218,-0.335,0.673,0.76,0.389,-0.744,0.284,-0.859,-0.285,0.473,0.396,0.278,0.406,0.621,0.139,0.555,-0.667,0.73,0.642,0.795,0.83,-0.663,-0.104,-0.077,0.421,0.092,-0.828,0.414,0.489,0.776,0.417,0.188,0.321,0.499,-0.0,0.462,-0.253,0.7,0.606
002027SZ,0.323,0.622,-0.193,-0.344,0.71,-0.167,-0.006,0.64,0.704,-0.304,0.244,0.391,0.741,-0.227,-0.091,-0.579,-0.392,0.237,0.009,-0.561,0.799,0.332,0.573,0.338,0.819,0.284,0.175,-0.456,0.573,1.0,-0.383,0.281,0.047,-0.342,0.707,-0.069,-0.19,0.34,0.648,0.67,-0.55,0.406,0.52,0.166,-0.257,-0.252,-0.278,0.753,-0.181,0.403,0.312,-0.425,-0.583,-0.653,0.673,0.164,0.647,0.549,-0.079,0.745,-0.287,-0.162,-0.416,-0.055,0.609,0.41,-0.286,-0.116,-0.019,0.762,0.146,0.02,-0.104,-0.292,0.649,0.44,0.489,0.128,0.323,-0.513,0.237,-0.196,0.231,-0.384,-0.011,0.398,0.18,-0.531,-0.437,-0.269,-0.154,0.224,-0.202,0.699,0.039,0.462,0.157,0.244,-0.173,0.304,-0.305,0.069,-0.226,0.695,-0.018,0.096,-0.588,-0.228,-0.252,0.026,0.695,-0.466,0.274,-0.466,-0.241,0.093,-0.255,-0.291,-0.359,0.722,0.396,-0.229,0.582,0.628,-0.421,0.664,0.486,0.282,-0.226,0.636,-0.329,-0.182,0.203,-0.465,0.005,0.704,0.424,-0.678,0.319,0.449,-0.034,0.682,0.602,-0.28,-0.364,0.03,-0.279,0.471,0.43,0.405,-0.232,-0.516,0.574,-0.043,0.19,0.72,0.487,0.485,0.608,-0.189,-0.264,0.48,-0.595,0.758,-0.043,-0.346,0.632,0.046,0.133,-0.092,-0.508,-0.244,0.814,-0.066,-0.372,-0.092,-0.013,0.524,-0.36,0.31,0.627,0.36,0.355,-0.047,-0.35,-0.599,-0.402,-0.145,-0.201,0.764,0.009,0.04,-0.419,0.194,-0.261,0.481,0.122,0.303,0.391,-0.178,-0.571,0.55,0.821,0.117,-0.548,-0.195,-0.03,0.148,-0.107,-0.355,0.582,-0.096,-0.387,0.426,0.246,0.014,0.096
002028SZ,-0.738,-0.3,-0.221,0.014,-0.55,-0.048,0.442,-0.225,-0.428,0.006,-0.531,-0.582,-0.396,-0.229,-0.308,0.472,0.143,-0.428,-0.32,0.04,-0.429,0.211,-0.006,0.254,-0.578,0.252,0.328,-0.013,-0.622,-0.383,1.0,-0.341,-0.055,0.383,-0.102,0.048,0.027,-0.645,-0.631,-0.327,0.711,-0.443,-0.461,-0.514,-0.179,-0.072,-0.222,-0.201,-0.326,-0.022,-0.575,-0.139,0.188,0.591,-0.309,0.56,-0.617,0.041,0.673,-0.644,0.13,0.033,0.478,-0.159,-0.229,-0.202,-0.034,0.532,-0.223,-0.488,-0.012,-0.357,-0.224,0.103,-0.208,-0.574,-0.264,-0.007,-0.393,0.701,0.371,0.217,-0.517,0.049,0.674,-0.583,-0.504,0.521,-0.003,0.678,0.684,0.123,0.55,-0.618,-0.349,-0.767,0.277,-0.476,-0.052,-0.486,0.156,-0.32,-0.188,-0.589,-0.181,-0.326,0.27,-0.07,-0.155,0.575,-0.131,-0.021,-0.307,-0.083,-0.265,0.283,0.733,0.036,0.017,-0.363,-0.553,-0.309,-0.13,-0.499,-0.002,0.017,-0.648,-0.578,0.779,-0.636,0.186,0.806,0.289,0.833,0.644,-0.212,-0.127,0.403,-0.118,-0.753,-0.119,-0.634,-0.47,0.449,0.24,-0.407,-0.061,-0.275,-0.735,-0.605,-0.001,0.157,-0.748,-0.336,-0.52,-0.727,-0.691,-0.711,-0.693,-0.266,-0.025,-0.715,0.286,-0.696,-0.141,0.054,-0.761,-0.55,-0.604,-0.14,0.704,0.006,-0.666,-0.157,-0.09,-0.105,-0.258,-0.682,0.107,-0.015,-0.603,-0.658,-0.602,0.455,0.092,0.677,0.618,0.001,-0.033,-0.404,-0.469,-0.217,0.103,-0.57,0.768,-0.448,-0.577,-0.325,-0.546,0.691,0.194,-0.08,-0.388,0.49,0.633,0.093,-0.502,-0.505,-0.063,-0.164,-0.386,-0.119,0.44,-0.223,0.06,-0.288,-0.064
002050SZ,0.409,0.007,0.614,0.343,0.633,0.8,-0.675,-0.275,-0.03,0.476,0.89,0.835,-0.097,0.618,0.684,-0.241,0.36,0.858,0.693,0.139,-0.032,-0.58,-0.367,0.311,0.357,0.133,0.371,0.451,0.868,0.281,-0.341,1.0,0.597,0.527,-0.141,-0.307,0.729,0.786,-0.088,0.093,-0.486,-0.458,0.763,0.674,0.595,0.564,0.532,0.083,0.513,0.076,0.837,0.392,-0.167,-0.42,-0.155,-0.0,0.33,0.365,-0.564,0.518,0.445,0.265,0.338,0.772,0.006,0.717,0.593,-0.865,0.802,0.431,0.181,0.37,0.738,-0.136,-0.266,0.831,0.358,-0.332,-0.039,-0.812,-0.525,0.3,0.745,0.575,-0.264,0.752,0.839,-0.085,0.404,-0.188,-0.552,-0.62,-0.574,0.574,0.869,0.477,-0.657,0.864,0.696,0.903,0.693,0.793,0.614,0.65,0.845,0.836,-0.503,0.629,0.591,-0.66,-0.23,-0.152,0.793,0.164,0.374,0.315,-0.55,0.007,0.375,-0.209,0.831,0.383,-0.397,0.707,0.283,0.11,0.832,0.653,-0.511,0.728,0.567,-0.396,-0.726,-0.093,-0.397,-0.143,-0.084,-0.072,0.376,0.654,0.622,0.71,-0.056,0.488,-0.217,0.83,0.68,0.741,0.656,0.761,0.624,0.094,0.647,0.804,0.795,0.603,0.745,0.442,0.732,0.531,0.629,0.669,0.107,0.246,0.682,0.515,0.5,0.713,0.713,0.745,0.022,0.553,0.28,0.796,0.293,0.806,0.757,0.555,0.512,-0.519,0.512,0.726,0.124,-0.837,0.525,-0.699,-0.037,0.744,0.638,-0.096,0.389,0.801,0.368,0.54,-0.538,0.697,0.655,0.875,0.806,-0.644,0.145,-0.358,0.101,0.239,-0.741,0.678,0.529,0.843,0.613,0.324,0.079,0.73,0.31,0.332,-0.393,0.856,0.779
002129SZ,0.168,-0.319,0.484,0.389,0.154,0.675,-0.218,-0.396,-0.239,0.488,0.619,0.429,-0.298,0.547,0.549,0.077,0.448,0.551,0.596,0.308,-0.223,-0.572,-0.432,0.196,0.026,0.084,0.08,0.477,0.491,0.047,-0.055,0.597,1.0,0.583,-0.219,-0.196,0.651,0.456,-0.203,-0.152,0.024,-0.5,0.42,0.623,0.681,0.597,0.542,-0.145,0.437,-0.058,0.652,0.465,0.14,-0.003,-0.386,0.144,0.014,0.035,-0.38,0.139,0.474,0.265,0.477,0.683,0.016,0.532,0.717,-0.582,0.675,0.159,0.188,0.195,0.668,0.136,-0.479,0.484,0.08,-0.199,0.136,-0.345,-0.395,0.442,0.431,0.578,-0.13,0.379,0.504,0.094,0.479,-0.173,-0.465,-0.638,-0.344,0.128,0.605,0.057,-0.603,0.508,0.644,0.697,0.666,0.591,0.565,0.197,0.616,0.701,-0.264,0.626,0.511,-0.464,-0.376,-0.064,0.641,0.333,0.37,0.224,-0.214,0.191,0.398,-0.347,0.571,0.377,-0.427,0.332,0.32,0.017,0.552,0.533,-0.409,0.37,0.631,-0.269,-0.494,0.1,-0.403,-0.322,-0.492,0.139,0.071,0.183,0.812,0.283,-0.344,0.563,-0.177,0.606,0.586,0.377,0.261,0.359,0.541,0.175,0.222,0.718,0.384,0.169,0.352,0.064,0.296,0.45,0.563,0.168,0.23,-0.067,0.617,0.488,0.083,0.6,0.388,0.562,0.197,0.532,-0.082,0.589,0.316,0.598,0.599,0.215,0.486,-0.517,0.077,0.298,-0.093,-0.516,0.719,-0.308,0.523,0.649,0.562,-0.29,0.316,0.565,0.504,0.199,-0.324,0.201,0.374,0.623,0.527,-0.348,0.432,-0.459,-0.153,0.273,-0.248,0.728,0.611,0.591,0.537,0.407,-0.158,0.52,0.493,0.189,-0.348,0.736,0.686
002179SZ,-0.193,-0.406,0.536,0.473,0.0,0.775,-0.289,-0.598,-0.495,0.522,0.366,0.246,-0.584,0.478,0.447,0.352,0.546,0.415,0.479,0.338,-0.546,-0.496,-0.498,0.249,-0.369,0.202,0.37,0.571,0.202,-0.342,0.383,0.527,0.583,1.0,-0.433,-0.278,0.726,0.207,-0.661,-0.317,0.245,-0.779,0.19,0.276,0.537,0.6,0.434,-0.282,0.26,-0.206,0.269,0.391,0.173,0.179,-0.57,0.285,-0.333,0.12,-0.087,-0.295,0.572,0.265,0.816,0.697,-0.32,0.351,0.713,-0.427,0.57,-0.188,0.189,-0.02,0.57,0.073,-0.603,0.186,0.088,-0.196,-0.365,-0.067,-0.32,0.596,0.267,0.667,0.193,0.16,0.379,0.328,0.531,0.215,-0.103,-0.576,-0.172,-0.192,0.579,-0.198,-0.502,0.338,0.706,0.412,0.814,0.469,0.497,-0.09,0.602,0.525,-0.095,0.645,0.52,-0.258,-0.549,-0.02,0.445,0.258,0.271,0.376,0.115,0.14,0.413,-0.679,0.278,0.238,-0.614,0.12,0.419,-0.096,0.206,0.122,0.003,0.013,0.797,0.144,-0.518,0.496,-0.021,-0.502,-0.377,0.391,0.083,-0.071,0.579,-0.019,-0.541,0.865,-0.03,0.517,0.653,0.308,0.019,0.172,0.626,0.335,-0.094,0.54,0.301,-0.156,0.051,-0.23,0.037,0.365,0.644,-0.016,0.459,-0.439,0.57,0.606,-0.231,0.252,0.219,0.588,0.59,0.615,-0.488,0.631,0.304,0.663,0.553,-0.115,0.648,-0.551,-0.14,0.093,-0.357,-0.455,0.711,0.021,0.533,0.737,0.658,-0.596,0.103,0.548,0.546,0.0,0.027,0.15,0.205,0.477,0.258,-0.125,0.455,-0.566,-0.433,0.512,-0.108,0.762,0.247,0.431,0.606,0.349,-0.304,0.583,0.764,0.19,-0.369,0.641,0.699
002230SZ,-0.138,0.78,-0.659,-0.736,0.469,-0.543,0.479,0.901,0.824,-0.645,-0.311,-0.001,0.877,-0.713,-0.642,-0.489,-0.724,-0.246,-0.489,-0.863,0.879,0.789,0.907,0.13,0.619,0.523,0.15,-0.861,0.123,0.707,-0.102,-0.141,-0.219,-0.433,1.0,-0.095,-0.531,-0.057,0.436,0.796,-0.188,0.533,0.108,-0.099,-0.691,-0.657,-0.682,0.895,-0.661,0.408,-0.208,-0.841,-0.775,-0.526,0.865,0.499,0.55,0.661,0.453,0.524,-0.66,-0.419,-0.448,-0.4,0.83,0.224,-0.639,0.359,-0.502,0.624,0.298,-0.426,-0.56,-0.407,0.884,-0.024,0.571,0.313,0.425,-0.033,0.648,-0.084,-0.296,-0.713,0.484,-0.093,-0.323,-0.539,-0.82,-0.077,0.305,0.656,0.077,0.332,-0.44,0.068,0.586,-0.296,-0.615,-0.206,-0.628,-0.505,-0.7,0.331,-0.462,-0.429,-0.582,-0.62,-0.722,0.562,0.926,-0.633,-0.189,-0.819,-0.669,-0.032,0.085,-0.481,-0.801,0.832,-0.085,-0.66,0.889,0.335,-0.821,0.792,-0.004,-0.179,0.193,0.152,-0.586,0.267,0.616,-0.261,0.475,0.945,0.364,-0.835,0.005,-0.058,-0.259,0.227,0.716,-0.432,-0.365,-0.395,-0.696,0.107,-0.038,-0.117,-0.66,-0.722,0.145,-0.559,-0.332,0.351,-0.03,0.118,0.166,-0.682,-0.69,0.005,-0.832,0.596,-0.451,-0.745,0.171,-0.48,-0.356,-0.531,-0.386,-0.613,0.643,-0.529,-0.759,-0.543,-0.549,0.111,-0.715,0.64,0.237,-0.1,0.009,0.453,-0.625,-0.183,-0.183,-0.56,-0.615,0.83,-0.458,-0.465,-0.744,-0.27,0.09,0.014,-0.38,-0.203,0.063,0.249,-0.814,0.91,0.893,0.175,-0.261,-0.581,-0.49,-0.255,-0.44,-0.765,0.793,-0.574,-0.429,0.527,0.704,-0.376,-0.255
002236SZ,0.272,-0.121,0.21,0.441,-0.245,-0.117,0.141,-0.168,-0.174,0.392,-0.075,-0.061,-0.238,0.214,0.15,0.553,0.4,0.058,0.161,0.457,-0.181,-0.077,-0.166,0.25,-0.222,-0.06,0.163,0.088,-0.272,-0.069,0.048,-0.307,-0.196,-0.278,-0.095,1.0,0.045,-0.027,-0.057,-0.37,0.255,0.151,0.108,-0.107,0.188,0.251,0.335,-0.03,0.37,0.07,-0.112,0.248,0.495,0.287,-0.237,-0.016,-0.151,-0.5,0.172,-0.219,0.357,0.644,-0.152,-0.075,-0.134,-0.414,0.051,0.076,0.101,-0.04,-0.0,0.428,0.105,0.275,-0.174,0.034,-0.413,0.545,0.038,0.043,-0.24,-0.008,0.18,0.215,-0.114,0.2,0.068,0.544,0.302,0.499,0.101,0.118,0.462,0.037,-0.095,0.138,0.105,0.073,0.036,-0.123,-0.081,0.089,0.263,0.076,-0.041,0.041,0.387,0.063,0.261,0.082,-0.166,0.474,0.156,0.431,0.509,0.416,-0.103,0.667,0.382,-0.121,-0.03,0.483,-0.174,-0.241,0.387,-0.296,-0.141,-0.104,0.084,-0.041,0.115,0.124,0.056,0.25,-0.059,-0.177,0.305,0.287,0.493,0.044,-0.321,-0.223,-0.264,-0.144,0.613,-0.093,0.079,0.126,0.054,0.122,0.249,0.325,0.091,-0.126,0.116,-0.091,0.092,0.357,-0.011,0.252,0.212,0.096,0.465,-0.013,0.245,0.313,0.127,0.024,0.127,0.197,0.323,0.283,-0.153,0.031,0.496,0.047,0.116,-0.209,0.281,0.177,0.179,0.153,0.347,0.144,0.113,0.421,-0.059,-0.005,0.223,-0.03,0.501,0.138,0.352,0.436,0.469,0.16,0.25,0.051,-0.045,-0.134,0.349,-0.172,-0.254,-0.162,0.28,0.006,0.066,-0.146,0.184,0.435,-0.326,0.193,0.189,-0.353,-0.081,-0.227,-0.006
002241SZ,0.243,-0.489,0.828,0.707,0.191,0.947,-0.525,-0.716,-0.461,0.816,0.737,0.61,-0.643,0.844,0.844,0.283,0.78,0.793,0.807,0.619,-0.532,-0.799,-0.721,0.302,-0.231,0.05,0.294,0.778,0.447,-0.19,0.027,0.729,0.651,0.726,-0.531,0.045,1.0,0.581,-0.495,-0.379,-0.022,-0.67,0.491,0.555,0.851,0.859,0.819,-0.29,0.736,-0.183,0.632,0.701,0.318,0.118,-0.656,0.014,-0.203,-0.032,-0.399,-0.03,0.832,0.652,0.697,0.912,-0.353,0.467,0.864,-0.777,0.892,-0.012,0.277,0.465,0.919,0.144,-0.723,0.588,0.019,-0.193,-0.15,-0.463,-0.729,0.582,0.683,0.891,-0.208,0.556,0.758,0.475,0.797,0.172,-0.401,-0.762,-0.302,0.097,0.855,0.189,-0.794,0.719,0.901,0.745,0.91,0.804,0.837,0.206,0.907,0.872,-0.129,0.905,0.864,-0.65,-0.682,0.28,0.776,0.581,0.657,0.44,-0.321,0.403,0.754,-0.687,0.588,0.644,-0.782,0.375,0.639,-0.286,0.572,0.416,-0.288,0.343,0.882,-0.236,-0.829,0.303,-0.395,-0.624,-0.322,0.437,0.311,0.308,0.674,0.232,-0.58,0.784,0.088,0.819,0.899,0.562,0.389,0.563,0.878,0.465,0.304,0.822,0.698,0.148,0.457,0.192,0.368,0.792,0.891,0.373,0.618,-0.237,0.848,0.856,0.172,0.665,0.65,0.897,0.485,0.885,-0.324,0.909,0.672,0.928,0.878,0.09,0.84,-0.648,0.129,0.534,-0.044,-0.75,0.792,-0.206,0.329,0.932,0.888,-0.524,0.502,0.894,0.77,0.511,-0.209,0.467,0.657,0.786,0.63,-0.532,0.658,-0.764,-0.445,0.31,-0.329,0.881,0.626,0.782,0.837,0.654,-0.373,0.865,0.698,-0.007,-0.538,0.867,0.857
002271SZ,0.745,0.201,0.647,0.359,0.75,0.586,-0.58,-0.077,0.229,0.444,0.855,0.948,0.055,0.597,0.646,-0.233,0.331,0.899,0.756,0.16,0.191,-0.546,-0.296,0.047,0.386,0.095,0.112,0.307,0.834,0.34,-0.645,0.786,0.456,0.207,-0.057,-0.027,0.581,1.0,0.118,0.252,-0.569,-0.005,0.694,0.82,0.598,0.504,0.617,0.176,0.58,-0.14,0.819,0.372,-0.166,-0.507,-0.006,-0.206,0.538,0.207,-0.58,0.622,0.355,0.446,0.093,0.689,0.198,0.487,0.503,-0.856,0.662,0.543,0.318,0.424,0.678,-0.133,-0.143,0.859,0.454,0.071,0.324,-0.874,-0.602,0.325,0.867,0.448,-0.436,0.852,0.887,-0.17,0.373,-0.296,-0.596,-0.364,-0.544,0.646,0.802,0.792,-0.521,0.832,0.586,0.852,0.462,0.686,0.594,0.726,0.672,0.764,-0.46,0.535,0.578,-0.711,-0.159,0.082,0.732,0.23,0.54,0.185,-0.679,0.142,0.325,0.002,0.878,0.552,-0.242,0.795,0.274,-0.022,0.914,0.577,-0.623,0.802,0.38,-0.644,-0.675,-0.377,-0.497,-0.027,0.095,-0.202,0.454,0.792,0.546,0.705,0.178,0.226,-0.119,0.827,0.534,0.707,0.887,0.861,0.51,0.06,0.864,0.686,0.847,0.768,0.856,0.749,0.84,0.587,0.526,0.85,0.038,0.499,0.6,0.409,0.728,0.755,0.871,0.676,-0.194,0.559,0.437,0.64,0.362,0.648,0.721,0.559,0.399,-0.253,0.637,0.911,0.436,-0.775,0.404,-0.627,-0.228,0.602,0.568,0.17,0.629,0.72,0.272,0.759,-0.634,0.766,0.839,0.781,0.929,-0.805,0.091,-0.249,0.185,0.007,-0.83,0.444,0.7,0.883,0.63,0.399,0.282,0.586,0.099,0.262,-0.193,0.756,0.71
002304SZ,0.433,0.441,-0.276,-0.398,0.331,-0.434,-0.021,0.552,0.507,-0.458,0.06,0.074,0.704,-0.279,-0.161,-0.634,-0.501,-0.092,-0.168,-0.383,0.643,0.299,0.425,-0.138,0.761,-0.227,-0.322,-0.339,0.31,0.648,-0.631,-0.088,-0.203,-0.661,0.436,-0.057,-0.495,0.118,1.0,0.429,-0.572,0.721,0.191,-0.075,-0.343,-0.387,-0.339,0.378,-0.146,0.294,0.174,-0.237,-0.255,-0.512,0.614,-0.309,0.605,0.068,-0.337,0.521,-0.497,-0.358,-0.755,-0.335,0.243,0.066,-0.433,0.043,-0.255,0.417,-0.092,0.142,-0.308,0.032,0.594,0.113,0.136,0.008,0.374,-0.32,0.208,-0.632,0.048,-0.544,-0.437,0.191,-0.042,-0.585,-0.446,-0.631,-0.317,0.234,-0.171,0.516,-0.164,0.445,0.212,0.026,-0.357,0.011,-0.589,-0.119,-0.315,0.393,-0.317,-0.134,-0.159,-0.41,-0.35,-0.078,0.592,-0.106,-0.098,-0.239,-0.185,-0.321,-0.238,-0.178,-0.326,0.742,0.088,-0.147,0.535,0.274,-0.295,0.392,0.237,0.306,-0.465,0.4,-0.615,-0.41,0.332,-0.807,-0.33,0.553,0.266,-0.465,-0.005,0.432,-0.306,0.471,0.653,-0.68,-0.342,-0.218,-0.467,0.057,0.367,0.222,-0.445,-0.375,0.433,-0.121,0.014,0.557,0.351,0.425,0.385,-0.179,-0.451,0.375,-0.549,0.725,-0.31,-0.489,0.579,0.095,0.059,-0.392,-0.843,-0.456,0.757,-0.344,-0.327,-0.39,-0.216,0.606,-0.544,0.309,0.46,0.187,0.529,0.088,-0.513,-0.5,-0.648,-0.44,-0.447,0.653,0.091,-0.271,-0.435,0.119,-0.461,0.187,0.065,-0.079,0.045,-0.176,-0.5,0.442,0.597,-0.509,-0.25,-0.434,0.013,-0.076,-0.385,-0.212,0.428,-0.334,-0.725,0.212,0.134,-0.246,-0.365
002311SZ,0.045,0.785,-0.435,-0.685,0.701,-0.356,0.157,0.855,0.897,-0.608,-0.082,0.274,0.852,-0.542,-0.443,-0.693,-0.703,-0.035,-0.323,-0.848,0.892,0.592,0.769,-0.045,0.611,0.449,-0.02,-0.699,0.319,0.67,-0.327,0.093,-0.152,-0.317,0.796,-0.37,-0.379,0.252,0.429,1.0,-0.461,0.562,0.078,0.171,-0.519,-0.577,-0.528,0.796,-0.529,0.077,0.001,-0.712,-0.882,-0.63,0.893,0.236,0.692,0.79,0.202,0.715,-0.662,-0.395,-0.385,-0.189,0.806,0.352,-0.508,0.102,-0.403,0.646,0.386,-0.443,-0.394,-0.476,0.823,0.165,0.755,0.177,0.544,-0.242,0.451,0.034,-0.086,-0.618,0.27,0.029,-0.074,-0.643,-0.723,-0.289,0.191,0.587,-0.242,0.422,-0.161,0.275,0.371,-0.105,-0.422,0.002,-0.442,-0.358,-0.562,0.402,-0.288,-0.252,-0.705,-0.507,-0.564,0.245,0.785,-0.543,-0.167,-0.758,-0.572,-0.27,0.0,-0.651,-0.722,0.817,0.127,-0.552,0.78,0.602,-0.769,0.654,0.251,-0.147,0.045,0.277,-0.525,-0.058,0.303,-0.458,0.332,0.85,0.292,-0.824,-0.052,0.142,-0.029,0.46,0.863,-0.326,-0.477,-0.119,-0.505,0.133,0.212,0.065,-0.565,-0.694,0.343,-0.349,-0.102,0.554,0.16,0.224,0.326,-0.474,-0.562,0.221,-0.872,0.65,-0.437,-0.679,0.321,-0.277,-0.07,-0.387,-0.568,-0.498,0.71,-0.37,-0.705,-0.349,-0.351,0.236,-0.631,0.529,0.301,0.132,-0.018,0.16,-0.562,-0.388,-0.288,-0.352,-0.481,0.828,-0.389,-0.299,-0.793,-0.139,-0.284,0.127,-0.168,-0.099,0.273,0.068,-0.848,0.79,0.855,0.159,-0.566,-0.507,-0.197,0.033,-0.312,-0.72,0.92,-0.457,-0.517,0.488,0.709,-0.121,-0.098
002371SZ,-0.558,-0.402,-0.151,0.146,-0.704,-0.1,0.6,-0.29,-0.454,0.108,-0.501,-0.591,-0.463,-0.145,-0.255,0.694,0.23,-0.428,-0.232,0.24,-0.469,0.08,-0.122,0.053,-0.679,0.153,0.039,0.032,-0.671,-0.55,0.711,-0.486,0.024,0.245,-0.188,0.255,-0.022,-0.569,-0.572,-0.461,1.0,-0.346,-0.508,-0.317,-0.024,0.047,-0.035,-0.267,-0.178,-0.181,-0.475,-0.012,0.414,0.709,-0.436,0.464,-0.604,-0.301,0.563,-0.698,0.157,0.094,0.415,-0.134,-0.156,-0.394,0.123,0.475,-0.194,-0.434,-0.039,-0.31,-0.126,0.292,-0.349,-0.581,-0.358,0.246,-0.13,0.756,0.196,0.334,-0.488,0.124,0.524,-0.549,-0.48,0.505,0.117,0.495,0.464,0.071,0.479,-0.724,-0.366,-0.702,0.21,-0.52,-0.11,-0.469,0.102,-0.321,-0.067,-0.68,-0.278,-0.303,0.414,0.017,-0.106,0.493,-0.268,0.076,-0.24,0.134,-0.067,0.219,0.525,0.291,0.041,-0.431,-0.528,-0.119,-0.178,-0.634,0.128,-0.189,-0.614,-0.417,0.545,-0.708,0.224,0.601,0.294,0.706,0.387,-0.318,-0.307,0.354,-0.225,-0.761,-0.002,-0.782,-0.552,0.287,0.303,-0.354,-0.055,-0.409,-0.697,-0.624,0.004,0.205,-0.742,-0.283,-0.544,-0.78,-0.679,-0.612,-0.697,-0.177,-0.008,-0.735,0.348,-0.67,-0.029,0.087,-0.762,-0.388,-0.54,-0.139,0.69,0.069,-0.743,-0.203,0.067,-0.174,-0.252,-0.762,0.135,-0.026,-0.689,-0.633,-0.405,0.462,0.266,0.797,0.738,-0.093,-0.002,-0.448,-0.246,-0.282,0.257,-0.477,0.686,-0.6,-0.463,-0.352,-0.472,0.56,0.411,-0.157,-0.477,0.28,0.753,0.102,-0.271,-0.424,0.005,0.055,-0.454,-0.17,0.525,-0.258,0.127,-0.254,-0.078
002415SZ,0.318,0.598,-0.444,-0.528,0.231,-0.716,0.273,0.716,0.669,-0.561,-0.331,-0.084,0.707,-0.518,-0.466,-0.441,-0.586,-0.326,-0.396,-0.469,0.689,0.542,0.575,-0.357,0.452,-0.057,-0.359,-0.603,-0.101,0.406,-0.443,-0.458,-0.5,-0.779,0.533,0.151,-0.67,-0.005,0.721,0.562,-0.346,1.0,-0.171,-0.173,-0.531,-0.594,-0.452,0.446,-0.337,0.075,-0.24,-0.442,-0.321,-0.366,0.719,-0.2,0.538,0.077,0.105,0.357,-0.655,-0.233,-0.794,-0.54,0.414,-0.218,-0.655,0.349,-0.599,0.312,0.146,-0.094,-0.571,-0.078,0.703,-0.142,0.229,0.395,0.542,-0.012,0.331,-0.424,-0.157,-0.716,-0.156,-0.061,-0.277,-0.432,-0.592,-0.329,0.107,0.694,0.125,0.271,-0.454,0.362,0.537,-0.299,-0.586,-0.349,-0.787,-0.503,-0.546,0.168,-0.617,-0.48,-0.061,-0.654,-0.537,0.225,0.639,0.057,-0.435,-0.347,-0.279,-0.408,-0.012,-0.201,-0.501,0.789,-0.196,-0.24,0.689,0.123,-0.476,0.238,-0.076,-0.197,-0.069,0.067,-0.761,-0.191,0.481,-0.654,0.042,0.633,0.411,-0.465,-0.067,0.152,-0.49,0.141,0.775,-0.763,-0.114,-0.426,-0.684,-0.177,0.182,-0.039,-0.652,-0.376,0.259,-0.531,-0.225,0.36,0.059,0.352,0.111,-0.359,-0.65,0.166,-0.589,0.631,-0.588,-0.674,0.37,-0.268,-0.097,-0.587,-0.722,-0.553,0.59,-0.642,-0.413,-0.638,-0.488,0.213,-0.685,0.697,0.25,0.037,0.383,0.427,-0.716,-0.061,-0.588,-0.643,-0.619,0.734,-0.055,-0.526,-0.646,0.003,-0.171,-0.027,-0.105,-0.442,-0.113,0.032,-0.596,0.627,0.531,-0.462,-0.114,-0.758,-0.173,-0.298,-0.47,-0.385,0.612,-0.613,-0.76,0.097,0.521,-0.535,-0.518
002422SZ,0.587,0.192,0.461,0.3,0.632,0.513,-0.532,-0.085,0.14,0.428,0.787,0.765,0.117,0.504,0.567,-0.157,0.275,0.772,0.615,0.114,0.167,-0.398,-0.171,0.414,0.562,0.119,0.437,0.228,0.81,0.52,-0.461,0.763,0.42,0.19,0.108,0.108,0.491,0.694,0.191,0.078,-0.508,-0.171,1.0,0.531,0.448,0.466,0.444,0.286,0.508,0.354,0.715,0.284,-0.101,-0.548,0.011,-0.019,0.46,0.188,-0.481,0.54,0.385,0.328,-0.006,0.519,0.126,0.546,0.398,-0.725,0.696,0.598,0.119,0.565,0.586,-0.136,-0.045,0.866,0.294,-0.059,-0.033,-0.85,-0.467,0.044,0.758,0.395,-0.32,0.876,0.762,-0.147,0.283,-0.097,-0.59,-0.448,-0.336,0.766,0.65,0.635,-0.443,0.83,0.483,0.786,0.363,0.711,0.513,0.839,0.649,0.707,-0.383,0.453,0.478,-0.517,0.013,-0.16,0.799,0.145,0.424,0.461,-0.671,0.199,0.297,0.003,0.799,0.449,-0.188,0.605,0.233,0.209,0.77,0.72,-0.56,0.831,0.373,-0.354,-0.497,-0.225,-0.423,0.082,0.207,-0.205,0.603,0.773,0.301,0.741,0.049,0.137,-0.04,0.649,0.455,0.817,0.724,0.842,0.506,0.054,0.781,0.601,0.77,0.719,0.838,0.684,0.854,0.425,0.479,0.777,0.063,0.539,0.643,0.413,0.718,0.617,0.677,0.624,-0.085,0.424,0.506,0.612,0.317,0.602,0.628,0.673,0.374,-0.235,0.777,0.786,0.461,-0.629,0.338,-0.661,-0.295,0.48,0.491,0.116,0.57,0.702,0.314,0.708,-0.355,0.802,0.685,0.841,0.732,-0.729,0.065,-0.159,0.284,0.007,-0.675,0.457,0.411,0.658,0.495,0.345,0.125,0.635,0.167,0.394,-0.37,0.579,0.592
002459SZ,0.559,0.011,0.551,0.339,0.539,0.562,-0.466,-0.144,0.156,0.397,0.75,0.776,-0.058,0.565,0.567,-0.123,0.324,0.756,0.677,0.203,0.098,-0.553,-0.305,0.009,0.153,0.023,-0.087,0.295,0.67,0.166,-0.514,0.674,0.623,0.276,-0.099,-0.107,0.555,0.82,-0.075,0.171,-0.317,-0.173,0.531,1.0,0.651,0.474,0.639,0.026,0.523,-0.226,0.739,0.35,-0.129,-0.249,-0.118,-0.207,0.307,0.109,-0.535,0.495,0.343,0.329,0.228,0.627,0.304,0.488,0.604,-0.787,0.623,0.401,0.201,0.282,0.666,-0.158,-0.265,0.736,0.313,0.013,0.286,-0.659,-0.566,0.441,0.696,0.48,-0.31,0.64,0.746,-0.173,0.389,-0.302,-0.57,-0.433,-0.65,0.366,0.681,0.567,-0.565,0.656,0.513,0.793,0.529,0.6,0.572,0.474,0.629,0.681,-0.445,0.552,0.532,-0.659,-0.296,-0.048,0.632,0.222,0.473,0.032,-0.633,0.019,0.259,-0.129,0.848,0.478,-0.253,0.597,0.183,-0.147,0.785,0.527,-0.569,0.641,0.403,-0.616,-0.645,-0.216,-0.481,-0.15,-0.118,-0.19,0.184,0.57,0.802,0.529,-0.013,0.255,-0.142,0.814,0.54,0.419,0.65,0.618,0.459,-0.014,0.617,0.674,0.666,0.499,0.631,0.482,0.59,0.519,0.493,0.584,0.057,0.245,0.533,0.401,0.456,0.694,0.703,0.603,-0.036,0.499,0.231,0.585,0.352,0.579,0.626,0.366,0.381,-0.388,0.341,0.691,0.243,-0.737,0.575,-0.498,0.103,0.548,0.515,0.045,0.484,0.633,0.312,0.571,-0.6,0.458,0.677,0.662,0.807,-0.657,0.206,-0.263,0.088,0.098,-0.631,0.473,0.771,0.828,0.547,0.372,0.17,0.493,0.202,0.213,-0.159,0.759,0.66
002460SZ,0.497,-0.57,0.905,0.835,0.037,0.836,-0.586,-0.786,-0.528,0.877,0.782,0.552,-0.687,0.946,0.917,0.371,0.847,0.756,0.883,0.811,-0.587,-0.936,-0.859,0.133,-0.25,-0.237,0.052,0.855,0.394,-0.257,-0.179,0.595,0.681,0.537,-0.691,0.188,0.851,0.598,-0.343,-0.519,-0.024,-0.531,0.448,0.651,1.0,0.92,0.966,-0.495,0.899,-0.263,0.709,0.895,0.552,0.2,-0.73,-0.292,-0.176,-0.383,-0.61,-0.046,0.834,0.677,0.482,0.791,-0.414,0.252,0.911,-0.794,0.897,-0.077,0.05,0.603,0.937,0.313,-0.814,0.594,-0.207,-0.151,-0.08,-0.468,-0.871,0.387,0.755,0.916,-0.508,0.62,0.791,0.427,0.914,-0.005,-0.6,-0.798,-0.293,0.119,0.823,0.319,-0.818,0.758,0.886,0.743,0.837,0.854,0.955,0.199,0.823,0.878,0.107,0.882,0.94,-0.793,-0.802,0.433,0.736,0.815,0.876,0.297,-0.462,0.556,0.861,-0.686,0.658,0.871,-0.851,0.211,0.791,-0.528,0.562,0.553,-0.521,0.388,0.821,-0.481,-0.862,0.142,-0.662,-0.747,-0.332,0.535,0.328,0.428,0.671,0.23,-0.594,0.562,0.233,0.826,0.915,0.431,0.481,0.603,0.9,0.601,0.378,0.879,0.736,0.156,0.539,0.338,0.375,0.891,0.921,0.432,0.708,-0.18,0.851,0.896,0.261,0.833,0.751,0.892,0.341,0.879,-0.283,0.859,0.853,0.869,0.903,0.19,0.865,-0.652,0.203,0.59,0.179,-0.759,0.874,-0.179,0.255,0.857,0.897,-0.57,0.754,0.861,0.856,0.652,-0.318,0.432,0.778,0.734,0.557,-0.653,0.786,-0.864,-0.569,-0.005,-0.214,0.86,0.845,0.741,0.79,0.877,-0.507,0.868,0.583,-0.201,-0.649,0.794,0.74
002463SZ,0.405,-0.605,0.908,0.884,0.009,0.864,-0.521,-0.814,-0.549,0.951,0.727,0.508,-0.727,0.938,0.903,0.518,0.909,0.736,0.862,0.822,-0.626,-0.861,-0.81,0.219,-0.287,-0.131,0.208,0.866,0.344,-0.252,-0.072,0.564,0.597,0.6,-0.657,0.251,0.859,0.504,-0.387,-0.577,0.047,-0.594,0.466,0.474,0.92,1.0,0.908,-0.403,0.871,-0.182,0.61,0.856,0.58,0.207,-0.769,-0.159,-0.285,-0.378,-0.5,-0.169,0.913,0.705,0.556,0.842,-0.472,0.186,0.906,-0.754,0.896,-0.105,0.101,0.581,0.931,0.346,-0.803,0.54,-0.184,-0.106,-0.21,-0.421,-0.86,0.457,0.734,0.946,-0.395,0.617,0.764,0.515,0.939,0.102,-0.568,-0.788,-0.171,0.081,0.81,0.257,-0.813,0.727,0.902,0.684,0.815,0.859,0.941,0.172,0.791,0.862,0.155,0.912,0.931,-0.687,-0.779,0.42,0.778,0.814,0.851,0.451,-0.423,0.664,0.868,-0.749,0.555,0.833,-0.856,0.148,0.828,-0.451,0.501,0.513,-0.456,0.347,0.9,-0.343,-0.792,0.223,-0.585,-0.737,-0.275,0.57,0.397,0.361,0.54,0.146,-0.679,0.635,0.247,0.771,0.917,0.519,0.43,0.607,0.938,0.637,0.325,0.821,0.72,0.121,0.492,0.318,0.379,0.878,0.945,0.401,0.77,-0.193,0.933,0.933,0.246,0.714,0.696,0.911,0.467,0.931,-0.356,0.892,0.851,0.888,0.907,0.1,0.919,-0.575,0.217,0.55,0.183,-0.692,0.836,-0.09,0.246,0.876,0.947,-0.615,0.726,0.864,0.899,0.627,-0.164,0.473,0.752,0.748,0.518,-0.635,0.807,-0.859,-0.564,0.085,-0.167,0.873,0.709,0.692,0.842,0.87,-0.56,0.905,0.724,-0.15,-0.641,0.774,0.747
002466SZ,0.554,-0.533,0.92,0.879,0.054,0.783,-0.574,-0.76,-0.491,0.895,0.746,0.579,-0.686,0.956,0.907,0.426,0.875,0.771,0.887,0.848,-0.562,-0.913,-0.843,0.113,-0.283,-0.236,0.067,0.822,0.352,-0.278,-0.222,0.532,0.542,0.434,-0.682,0.335,0.819,0.617,-0.339,-0.528,-0.035,-0.452,0.444,0.639,0.966,0.908,1.0,-0.485,0.932,-0.311,0.647,0.882,0.574,0.215,-0.72,-0.343,-0.178,-0.448,-0.575,-0.054,0.853,0.77,0.445,0.754,-0.405,0.15,0.869,-0.779,0.866,-0.086,0.062,0.642,0.913,0.278,-0.791,0.591,-0.227,-0.031,-0.08,-0.475,-0.895,0.393,0.786,0.905,-0.527,0.643,0.8,0.454,0.928,0.077,-0.559,-0.721,-0.256,0.13,0.794,0.396,-0.764,0.753,0.843,0.695,0.78,0.836,0.964,0.219,0.794,0.841,0.149,0.863,0.96,-0.77,-0.802,0.525,0.721,0.832,0.937,0.341,-0.515,0.623,0.875,-0.674,0.642,0.928,-0.83,0.183,0.82,-0.588,0.546,0.481,-0.483,0.388,0.78,-0.486,-0.837,0.14,-0.639,-0.735,-0.198,0.525,0.406,0.461,0.566,0.184,-0.584,0.495,0.33,0.811,0.895,0.431,0.519,0.626,0.903,0.597,0.412,0.814,0.767,0.157,0.543,0.411,0.38,0.908,0.918,0.48,0.755,-0.163,0.845,0.912,0.298,0.803,0.787,0.901,0.368,0.899,-0.278,0.837,0.907,0.849,0.888,0.14,0.88,-0.591,0.234,0.638,0.277,-0.752,0.827,-0.122,0.162,0.815,0.895,-0.515,0.819,0.857,0.86,0.741,-0.258,0.47,0.827,0.708,0.564,-0.682,0.789,-0.844,-0.562,-0.043,-0.217,0.774,0.822,0.722,0.803,0.908,-0.507,0.863,0.56,-0.246,-0.628,0.74,0.697
002475SZ,0.022,0.739,-0.391,-0.551,0.612,-0.314,0.275,0.774,0.796,-0.413,-0.083,0.233,0.786,-0.498,-0.397,-0.418,-0.545,0.004,-0.267,-0.741,0.818,0.636,0.782,0.271,0.636,0.573,0.276,-0.679,0.299,0.753,-0.201,0.083,-0.145,-0.282,0.895,-0.03,-0.29,0.176,0.378,0.796,-0.267,0.446,0.286,0.026,-0.495,-0.403,-0.485,1.0,-0.447,0.4,-0.02,-0.69,-0.737,-0.605,0.794,0.499,0.595,0.723,0.337,0.601,-0.476,-0.226,-0.369,-0.126,0.776,0.333,-0.454,0.113,-0.275,0.736,0.444,-0.278,-0.31,-0.353,0.79,0.209,0.639,0.338,0.42,-0.257,0.402,0.082,-0.043,-0.484,0.396,0.166,-0.054,-0.423,-0.641,-0.079,0.174,0.535,-0.021,0.466,-0.169,0.218,0.375,-0.056,-0.384,0.009,-0.452,-0.281,-0.473,0.498,-0.257,-0.177,-0.663,-0.424,-0.508,0.377,0.819,-0.581,0.056,-0.675,-0.479,0.104,-0.074,-0.351,-0.629,0.734,0.109,-0.475,0.723,0.517,-0.654,0.76,0.191,-0.061,0.052,0.299,-0.354,0.165,0.372,-0.269,0.354,0.852,0.361,-0.783,0.168,0.116,-0.166,0.384,0.67,-0.288,-0.353,-0.158,-0.482,0.363,0.165,0.143,-0.438,-0.595,0.357,-0.38,-0.076,0.538,0.208,0.319,0.389,-0.438,-0.468,0.225,-0.73,0.673,-0.198,-0.546,0.363,-0.321,-0.117,-0.282,-0.328,-0.376,0.654,-0.288,-0.594,-0.282,-0.29,0.177,-0.512,0.582,0.419,0.147,0.061,0.245,-0.498,-0.264,-0.226,-0.318,-0.354,0.78,-0.273,-0.204,-0.605,-0.046,-0.006,0.252,-0.131,0.038,0.294,0.021,-0.732,0.769,0.847,0.228,-0.453,-0.377,-0.327,-0.011,-0.209,-0.606,0.794,-0.318,-0.258,0.583,0.678,-0.154,-0.006
002493SZ,0.655,-0.508,0.857,0.82,0.046,0.693,-0.63,-0.723,-0.451,0.881,0.768,0.559,-0.597,0.951,0.919,0.336,0.817,0.73,0.829,0.842,-0.515,-0.885,-0.816,0.082,-0.137,-0.356,0.037,0.812,0.365,-0.181,-0.326,0.513,0.437,0.26,-0.661,0.37,0.736,0.58,-0.146,-0.529,-0.178,-0.337,0.508,0.523,0.899,0.871,0.932,-0.447,1.0,-0.12,0.67,0.909,0.609,0.134,-0.644,-0.46,-0.102,-0.496,-0.659,0.025,0.807,0.735,0.236,0.675,-0.461,0.122,0.755,-0.769,0.837,-0.034,-0.0,0.813,0.871,0.349,-0.706,0.631,-0.296,-0.129,-0.077,-0.555,-0.928,0.171,0.811,0.831,-0.676,0.707,0.796,0.453,0.881,-0.012,-0.646,-0.702,-0.177,0.256,0.746,0.487,-0.761,0.788,0.784,0.676,0.647,0.85,0.933,0.297,0.741,0.828,0.237,0.787,0.916,-0.815,-0.716,0.57,0.696,0.874,0.926,0.279,-0.623,0.664,0.897,-0.582,0.604,0.936,-0.787,0.156,0.807,-0.578,0.551,0.601,-0.57,0.46,0.672,-0.56,-0.82,-0.019,-0.738,-0.688,-0.112,0.521,0.418,0.579,0.423,0.278,-0.495,0.323,0.36,0.747,0.834,0.46,0.584,0.697,0.841,0.649,0.505,0.8,0.803,0.273,0.641,0.517,0.47,0.945,0.85,0.563,0.707,-0.014,0.805,0.852,0.452,0.834,0.821,0.842,0.198,0.822,-0.136,0.793,0.912,0.799,0.861,0.296,0.797,-0.49,0.343,0.696,0.409,-0.701,0.683,-0.199,-0.033,0.738,0.815,-0.473,0.859,0.824,0.804,0.823,-0.329,0.53,0.86,0.688,0.526,-0.76,0.745,-0.81,-0.503,-0.235,-0.219,0.686,0.806,0.677,0.71,0.899,-0.503,0.835,0.391,-0.294,-0.67,0.655,0.554
002555SZ,-0.049,0.322,-0.35,-0.296,0.02,-0.217,0.113,0.26,0.137,-0.16,-0.028,-0.118,0.391,-0.221,-0.201,-0.185,-0.245,-0.121,-0.212,-0.284,0.232,0.271,0.264,0.355,0.511,0.009,0.313,-0.284,0.162,0.403,-0.022,0.076,-0.058,-0.206,0.408,0.07,-0.183,-0.14,0.294,0.077,-0.181,0.075,0.354,-0.226,-0.263,-0.182,-0.311,0.4,-0.12,1.0,0.075,-0.196,-0.134,-0.276,0.281,0.238,0.297,0.173,0.073,0.257,-0.165,-0.191,-0.389,-0.245,0.106,0.142,-0.33,0.087,-0.029,0.382,-0.146,0.312,-0.182,0.011,0.297,0.093,-0.081,-0.156,-0.057,-0.164,0.243,-0.471,-0.112,-0.194,0.105,0.124,-0.137,-0.102,-0.313,-0.04,-0.054,0.048,0.19,0.387,-0.216,-0.008,0.231,0.028,-0.263,-0.035,-0.309,-0.045,-0.203,0.349,-0.097,-0.096,-0.094,-0.235,-0.281,0.192,0.428,-0.263,0.092,-0.213,-0.233,0.144,-0.177,0.012,-0.185,0.329,-0.044,-0.222,0.273,0.062,-0.249,0.44,-0.051,0.338,-0.091,0.231,-0.189,0.215,0.263,-0.079,0.017,0.351,0.126,-0.279,0.078,0.147,-0.273,0.209,0.217,-0.335,-0.065,-0.252,-0.28,0.19,-0.018,0.041,-0.219,-0.073,0.117,-0.104,-0.072,0.185,0.145,0.144,0.165,-0.245,-0.255,0.033,-0.281,0.307,-0.03,-0.233,0.178,-0.059,-0.195,-0.192,-0.181,-0.293,0.408,-0.15,-0.226,-0.195,-0.189,0.376,-0.293,0.189,0.263,-0.024,0.105,0.206,-0.248,-0.186,-0.195,-0.266,-0.264,0.212,-0.108,-0.122,-0.15,-0.024,0.087,0.133,-0.146,0.033,-0.059,-0.029,-0.263,0.314,0.361,-0.138,0.023,-0.094,-0.364,-0.186,-0.302,-0.208,0.134,-0.112,-0.263,0.268,0.006,-0.228,-0.246
002594SZ,0.628,-0.079,0.66,0.423,0.507,0.686,-0.606,-0.288,-0.043,0.512,0.938,0.773,-0.085,0.695,0.768,-0.217,0.408,0.826,0.765,0.307,-0.019,-0.684,-0.463,0.213,0.41,-0.096,0.072,0.524,0.847,0.312,-0.575,0.837,0.652,0.269,-0.208,-0.112,0.632,0.819,0.174,0.001,-0.475,-0.24,0.715,0.739,0.709,0.61,0.647,-0.02,0.67,0.075,1.0,0.552,0.073,-0.304,-0.199,-0.211,0.404,0.055,-0.757,0.558,0.451,0.33,0.12,0.709,-0.042,0.565,0.625,-0.868,0.807,0.476,0.093,0.548,0.777,0.161,-0.331,0.827,0.158,-0.24,0.231,-0.815,-0.618,0.141,0.801,0.554,-0.553,0.801,0.842,-0.087,0.485,-0.398,-0.748,-0.656,-0.545,0.617,0.826,0.588,-0.685,0.866,0.654,0.91,0.564,0.829,0.696,0.648,0.751,0.865,-0.324,0.635,0.633,-0.791,-0.274,0.051,0.815,0.4,0.559,0.185,-0.663,0.222,0.484,-0.122,0.855,0.563,-0.403,0.656,0.4,0.003,0.871,0.849,-0.757,0.774,0.487,-0.649,-0.696,-0.318,-0.711,-0.213,-0.175,-0.03,0.343,0.742,0.635,0.724,-0.046,0.271,-0.179,0.787,0.643,0.629,0.742,0.788,0.601,0.177,0.724,0.866,0.797,0.647,0.839,0.59,0.753,0.65,0.608,0.714,0.149,0.344,0.706,0.509,0.625,0.91,0.778,0.696,-0.177,0.548,0.344,0.736,0.436,0.713,0.778,0.668,0.474,-0.478,0.557,0.77,0.347,-0.796,0.554,-0.694,-0.073,0.647,0.608,-0.035,0.615,0.751,0.452,0.656,-0.671,0.639,0.77,0.842,0.784,-0.736,0.284,-0.433,0.044,-0.055,-0.606,0.655,0.744,0.832,0.587,0.516,-0.015,0.674,0.168,0.184,-0.441,0.807,0.669
002601SZ,0.459,-0.683,0.837,0.829,-0.219,0.696,-0.579,-0.88,-0.712,0.846,0.628,0.318,-0.759,0.909,0.86,0.405,0.835,0.54,0.737,0.918,-0.747,-0.912,-0.94,0.011,-0.304,-0.449,-0.034,0.928,0.183,-0.425,-0.139,0.392,0.465,0.391,-0.841,0.248,0.701,0.372,-0.237,-0.712,-0.012,-0.442,0.284,0.35,0.895,0.856,0.882,-0.69,0.909,-0.196,0.552,1.0,0.77,0.328,-0.794,-0.453,-0.277,-0.605,-0.634,-0.226,0.78,0.633,0.328,0.611,-0.697,0.032,0.773,-0.636,0.763,-0.303,-0.082,0.728,0.791,0.516,-0.847,0.373,-0.472,-0.286,-0.175,-0.324,-0.849,0.114,0.621,0.856,-0.646,0.487,0.626,0.539,0.918,-0.03,-0.561,-0.762,-0.115,0.028,0.68,0.23,-0.736,0.639,0.805,0.52,0.698,0.754,0.899,0.025,0.667,0.728,0.404,0.758,0.886,-0.755,-0.84,0.674,0.522,0.946,0.878,0.203,-0.371,0.669,0.937,-0.72,0.403,0.887,-0.917,-0.032,0.89,-0.631,0.331,0.497,-0.503,0.22,0.696,-0.429,-0.759,0.106,-0.718,-0.842,-0.334,0.753,0.236,0.369,0.405,0.066,-0.624,0.41,0.329,0.612,0.822,0.268,0.37,0.486,0.826,0.756,0.243,0.781,0.623,0.019,0.418,0.268,0.213,0.889,0.848,0.327,0.807,-0.254,0.713,0.861,0.191,0.768,0.652,0.748,0.276,0.784,-0.362,0.716,0.887,0.739,0.789,0.172,0.814,-0.612,0.114,0.451,0.211,-0.615,0.739,-0.043,0.12,0.726,0.787,-0.692,0.741,0.71,0.871,0.589,-0.266,0.312,0.692,0.517,0.277,-0.575,0.837,-0.937,-0.734,-0.278,0.018,0.74,0.723,0.518,0.642,0.93,-0.684,0.789,0.445,-0.394,-0.745,0.589,0.466
002648SZ,0.133,-0.71,0.48,0.705,-0.683,0.265,-0.123,-0.784,-0.813,0.63,0.095,-0.232,-0.773,0.564,0.465,0.685,0.705,0.041,0.358,0.882,-0.809,-0.584,-0.758,-0.004,-0.524,-0.468,-0.06,0.691,-0.335,-0.583,0.188,-0.167,0.14,0.173,-0.775,0.495,0.318,-0.166,-0.255,-0.882,0.414,-0.321,-0.101,-0.129,0.552,0.58,0.574,-0.737,0.609,-0.134,0.073,0.77,1.0,0.669,-0.797,-0.294,-0.512,-0.849,-0.241,-0.617,0.611,0.486,0.222,0.172,-0.785,-0.398,0.484,-0.105,0.348,-0.528,-0.274,0.518,0.392,0.656,-0.762,-0.136,-0.765,-0.029,-0.27,0.191,-0.485,-0.073,0.163,0.575,-0.393,0.047,0.106,0.663,0.727,0.21,-0.193,-0.475,0.335,-0.312,0.16,-0.142,-0.309,0.137,0.418,-0.022,0.367,0.338,0.578,-0.341,0.19,0.265,0.802,0.451,0.565,-0.277,-0.719,0.728,0.147,0.869,0.684,0.241,0.009,0.781,0.773,-0.68,-0.109,0.667,-0.729,-0.523,0.821,-0.638,-0.208,0.171,-0.12,-0.245,0.473,-0.059,-0.29,0.309,-0.437,-0.805,-0.268,0.832,0.142,-0.06,0.001,-0.392,-0.721,0.199,0.583,0.088,0.464,-0.101,-0.084,0.007,0.54,0.8,-0.213,0.331,0.134,-0.41,-0.04,-0.058,-0.253,0.545,0.541,-0.132,0.843,-0.478,0.416,0.636,-0.177,0.34,0.165,0.363,0.413,0.504,-0.601,0.294,0.776,0.308,0.362,-0.177,0.599,-0.36,-0.209,-0.041,0.121,-0.091,0.519,0.43,0.234,0.311,0.458,-0.707,0.537,0.263,0.764,0.236,0.215,-0.104,0.264,0.082,-0.244,-0.139,0.848,-0.775,-0.837,-0.318,0.545,0.447,0.317,-0.035,0.311,0.797,-0.861,0.418,0.398,-0.528,-0.6,0.071,0.057
002709SZ,-0.403,-0.693,0.113,0.354,-0.763,0.05,0.224,-0.54,-0.655,0.263,-0.329,-0.521,-0.674,0.156,0.045,0.598,0.417,-0.31,-0.062,0.53,-0.687,-0.173,-0.408,0.044,-0.762,-0.212,-0.113,0.381,-0.67,-0.653,0.591,-0.42,-0.003,0.179,-0.526,0.287,0.118,-0.507,-0.512,-0.63,0.709,-0.366,-0.548,-0.249,0.2,0.207,0.215,-0.605,0.134,-0.276,-0.304,0.328,0.669,1.0,-0.607,0.041,-0.709,-0.513,0.217,-0.667,0.328,0.273,0.385,-0.035,-0.504,-0.376,0.223,0.312,-0.032,-0.622,-0.11,-0.032,0.045,0.521,-0.56,-0.499,-0.669,-0.013,-0.169,0.644,-0.057,0.176,-0.294,0.303,0.127,-0.466,-0.31,0.674,0.388,0.423,0.353,-0.143,0.355,-0.67,-0.175,-0.587,-0.064,-0.319,0.098,-0.377,0.247,-0.097,0.186,-0.688,-0.087,-0.123,0.566,0.154,0.181,0.149,-0.527,0.441,-0.24,0.449,0.198,0.048,0.453,0.332,0.401,-0.56,-0.424,0.143,-0.444,-0.623,0.371,-0.435,-0.54,-0.333,0.389,-0.613,0.275,0.311,0.029,0.627,0.065,-0.609,-0.338,0.676,-0.207,-0.579,0.021,-0.644,-0.677,0.294,0.38,-0.222,0.187,-0.45,-0.578,-0.482,0.207,0.413,-0.642,-0.073,-0.318,-0.749,-0.528,-0.541,-0.698,0.15,0.211,-0.591,0.591,-0.788,0.032,0.318,-0.644,-0.149,-0.303,0.024,0.608,0.209,-0.781,-0.008,0.354,0.021,-0.035,-0.618,0.332,-0.208,-0.609,-0.491,-0.403,0.219,0.321,0.688,0.571,0.097,0.154,-0.566,-0.062,-0.081,0.421,-0.275,0.46,-0.507,-0.247,-0.28,-0.503,0.431,0.592,-0.464,-0.717,0.079,0.767,0.214,-0.009,-0.331,0.074,0.296,-0.704,0.043,0.395,-0.537,-0.161,-0.143,-0.109
002714SZ,0.003,0.824,-0.64,-0.823,0.506,-0.633,0.256,0.94,0.867,-0.768,-0.294,0.021,0.959,-0.729,-0.632,-0.702,-0.86,-0.301,-0.555,-0.893,0.916,0.783,0.887,-0.044,0.683,0.3,-0.037,-0.824,0.14,0.673,-0.309,-0.155,-0.386,-0.57,0.865,-0.237,-0.656,-0.006,0.614,0.893,-0.436,0.719,0.011,-0.118,-0.73,-0.769,-0.72,0.794,-0.644,0.281,-0.199,-0.794,-0.797,-0.607,1.0,0.175,0.687,0.641,0.258,0.637,-0.836,-0.529,-0.668,-0.501,0.726,0.176,-0.763,0.346,-0.602,0.567,0.23,-0.396,-0.648,-0.382,0.975,-0.019,0.53,0.175,0.458,-0.109,0.597,-0.301,-0.278,-0.813,0.22,-0.089,-0.302,-0.664,-0.882,-0.289,0.264,0.729,-0.061,0.417,-0.422,0.201,0.579,-0.275,-0.659,-0.24,-0.719,-0.533,-0.737,0.352,-0.531,-0.481,-0.527,-0.764,-0.754,0.411,0.929,-0.529,-0.372,-0.801,-0.675,-0.327,0.05,-0.621,-0.816,0.945,-0.088,-0.642,0.899,0.354,-0.834,0.675,0.003,-0.198,0.077,0.168,-0.756,0.055,0.535,-0.504,0.362,0.95,0.406,-0.801,-0.087,0.088,-0.357,0.358,0.927,-0.621,-0.393,-0.398,-0.742,0.007,0.069,-0.07,-0.756,-0.705,0.247,-0.573,-0.281,0.465,0.048,0.195,0.199,-0.642,-0.769,0.121,-0.922,0.689,-0.633,-0.845,0.283,-0.429,-0.256,-0.626,-0.675,-0.743,0.775,-0.613,-0.796,-0.596,-0.585,0.263,-0.816,0.661,0.319,-0.031,0.058,0.388,-0.785,-0.297,-0.465,-0.629,-0.71,0.875,-0.444,-0.524,-0.905,-0.215,-0.159,0.02,-0.331,-0.323,-0.009,0.193,-0.949,0.915,0.877,-0.071,-0.344,-0.723,-0.417,-0.271,-0.575,-0.795,0.877,-0.631,-0.706,0.434,0.712,-0.441,-0.402
002916SZ,-0.549,0.248,-0.309,-0.272,0.032,-0.032,0.569,0.251,0.117,-0.125,-0.287,-0.149,0.159,-0.387,-0.386,0.138,-0.133,-0.156,-0.259,-0.399,0.149,0.427,0.38,0.454,0.04,0.713,0.56,-0.344,-0.098,0.164,0.56,-0.0,0.144,0.285,0.499,-0.016,0.014,-0.206,-0.309,0.236,0.464,-0.2,-0.019,-0.207,-0.292,-0.159,-0.343,0.499,-0.46,0.238,-0.211,-0.453,-0.294,0.041,0.175,1.0,0.048,0.535,0.686,-0.027,-0.115,-0.056,0.284,0.01,0.332,0.215,-0.133,0.321,-0.144,0.268,0.39,-0.46,-0.192,-0.071,0.221,-0.183,0.311,0.258,0.148,0.281,0.484,0.384,-0.336,-0.12,0.813,-0.232,-0.289,0.13,-0.321,0.455,0.543,0.268,0.353,-0.094,-0.2,-0.462,0.355,-0.251,-0.151,-0.175,0.017,-0.281,-0.312,-0.034,-0.138,-0.185,-0.331,-0.154,-0.345,0.63,0.373,-0.436,0.033,-0.444,-0.427,0.471,0.448,-0.063,-0.326,0.125,-0.225,-0.466,0.267,0.081,-0.327,0.619,-0.205,-0.288,0.523,-0.222,0.117,0.738,0.374,0.529,0.643,0.358,-0.065,-0.229,0.09,-0.481,-0.022,-0.186,0.014,0.303,-0.097,-0.276,-0.212,0.173,-0.4,-0.294,-0.134,-0.229,-0.3,-0.306,-0.367,-0.172,-0.302,-0.312,-0.194,-0.439,-0.175,-0.38,-0.223,-0.101,-0.008,-0.203,-0.382,-0.426,-0.452,-0.128,0.41,-0.105,-0.097,-0.155,-0.412,-0.108,-0.261,-0.353,-0.112,0.224,-0.17,-0.34,-0.468,0.392,-0.031,0.268,0.515,-0.063,-0.111,0.13,-0.456,-0.184,-0.155,-0.445,0.54,-0.152,-0.448,-0.021,-0.027,0.466,-0.213,0.337,0.246,0.61,0.111,0.039,-0.51,-0.22,-0.009,-0.414,0.218,-0.162,0.346,0.337,0.442,-0.106,0.168
002920SZ,0.487,0.779,-0.133,-0.395,0.672,-0.181,-0.116,0.61,0.631,-0.305,0.288,0.48,0.75,-0.191,-0.116,-0.64,-0.435,0.243,0.014,-0.523,0.709,0.198,0.365,-0.022,0.849,0.176,0.107,-0.402,0.594,0.647,-0.617,0.33,0.014,-0.333,0.55,-0.151,-0.203,0.538,0.605,0.692,-0.604,0.538,0.46,0.307,-0.176,-0.285,-0.178,0.595,-0.102,0.297,0.404,-0.277,-0.512,-0.709,0.687,0.048,1.0,0.478,-0.203,0.827,-0.443,-0.159,-0.553,-0.059,0.504,0.345,-0.289,-0.207,-0.049,0.787,0.233,0.093,-0.12,-0.18,0.571,0.454,0.512,0.168,0.569,-0.583,0.142,-0.264,0.277,-0.345,-0.169,0.459,0.25,-0.588,-0.44,-0.43,-0.179,0.273,-0.219,0.77,0.11,0.604,0.233,0.305,-0.168,0.271,-0.271,0.014,-0.174,0.729,-0.059,0.073,-0.477,-0.301,-0.245,-0.089,0.607,-0.284,0.139,-0.38,-0.135,-0.069,-0.337,-0.225,-0.363,0.713,0.411,-0.098,0.474,0.638,-0.353,0.524,0.467,0.361,-0.362,0.588,-0.359,-0.29,0.057,-0.613,-0.097,0.663,0.343,-0.667,0.265,0.587,-0.041,0.676,0.815,-0.417,-0.258,0.091,-0.286,0.43,0.577,0.438,-0.268,-0.338,0.681,0.026,0.26,0.784,0.582,0.601,0.628,-0.167,-0.275,0.564,-0.631,0.835,-0.116,-0.393,0.621,0.234,0.277,-0.103,-0.664,-0.258,0.885,-0.149,-0.344,-0.11,-0.044,0.675,-0.386,0.304,0.636,0.48,0.379,-0.101,-0.289,-0.576,-0.477,-0.17,-0.243,0.674,0.128,-0.03,-0.445,0.279,-0.464,0.445,0.22,0.206,0.442,-0.323,-0.591,0.473,0.691,-0.253,-0.622,-0.227,0.049,0.212,-0.12,-0.261,0.733,-0.141,-0.537,0.487,0.306,0.027,0.04
002938SZ,-0.222,0.585,-0.285,-0.557,0.657,-0.005,0.045,0.573,0.577,-0.418,0.022,0.291,0.581,-0.41,-0.297,-0.596,-0.508,0.082,-0.219,-0.767,0.595,0.454,0.581,0.274,0.48,0.616,0.319,-0.469,0.378,0.549,0.041,0.365,0.035,0.12,0.661,-0.5,-0.032,0.207,0.068,0.79,-0.301,0.077,0.188,0.109,-0.383,-0.378,-0.448,0.723,-0.496,0.173,0.055,-0.605,-0.849,-0.513,0.641,0.535,0.478,1.0,0.276,0.569,-0.414,-0.322,0.004,0.062,0.606,0.598,-0.284,0.009,-0.149,0.551,0.449,-0.436,-0.197,-0.438,0.591,0.202,0.727,-0.067,0.247,-0.229,0.415,0.226,-0.072,-0.329,0.492,0.037,0.006,-0.392,-0.562,-0.044,0.289,0.326,-0.241,0.332,0.047,0.023,0.189,0.012,-0.155,0.129,-0.068,-0.19,-0.402,0.354,0.004,-0.063,-0.807,-0.279,-0.399,0.247,0.612,-0.642,0.007,-0.741,-0.59,-0.004,0.148,-0.65,-0.554,0.504,0.16,-0.583,0.496,0.638,-0.647,0.739,0.228,-0.145,0.199,0.23,-0.189,0.231,0.138,-0.057,0.469,0.664,0.135,-0.624,-0.004,0.02,0.129,0.418,0.56,0.12,-0.524,0.005,-0.257,0.313,0.064,0.068,-0.303,-0.58,0.201,-0.17,-0.045,0.406,0.104,0.009,0.259,-0.391,-0.31,0.122,-0.674,0.357,-0.219,-0.426,0.114,-0.263,-0.114,-0.157,-0.19,-0.287,0.461,-0.099,-0.65,-0.056,-0.168,0.136,-0.372,0.233,0.199,0.071,-0.331,0.014,-0.315,-0.372,-0.026,-0.035,-0.231,0.534,-0.516,-0.064,-0.563,-0.234,-0.132,0.201,-0.215,0.103,0.297,0.168,-0.696,0.572,0.667,0.475,-0.538,-0.144,-0.293,0.121,-0.097,-0.679,0.723,-0.181,-0.14,0.545,0.547,0.099,0.195
003816SZ,-0.674,0.282,-0.607,-0.408,-0.265,-0.51,0.769,0.391,0.185,-0.358,-0.778,-0.539,0.17,-0.662,-0.723,0.262,-0.321,-0.588,-0.628,-0.42,0.154,0.694,0.536,0.128,-0.271,0.576,0.317,-0.602,-0.623,-0.079,0.673,-0.564,-0.38,-0.087,0.453,0.172,-0.399,-0.58,-0.337,0.202,0.563,0.105,-0.481,-0.535,-0.61,-0.5,-0.575,0.337,-0.659,0.073,-0.757,-0.634,-0.241,0.217,0.258,0.686,-0.203,0.276,1.0,-0.32,-0.336,-0.122,0.045,-0.475,0.312,-0.337,-0.522,0.749,-0.63,-0.121,0.186,-0.581,-0.613,-0.221,0.362,-0.591,0.115,0.409,0.028,0.666,0.666,0.188,-0.673,-0.42,0.872,-0.616,-0.686,0.197,-0.488,0.647,0.878,0.703,0.654,-0.402,-0.674,-0.583,0.708,-0.689,-0.528,-0.687,-0.375,-0.713,-0.623,-0.382,-0.57,-0.67,0.047,-0.523,-0.589,0.892,0.399,-0.202,-0.492,-0.491,-0.553,0.186,0.652,-0.129,-0.486,0.192,-0.655,-0.582,0.449,-0.34,-0.467,0.29,-0.653,-0.772,0.889,-0.611,-0.259,0.858,0.642,0.551,0.917,0.37,0.147,-0.127,-0.081,-0.735,-0.41,-0.576,0.095,-0.025,0.208,-0.66,-0.533,-0.296,-0.666,-0.658,-0.457,-0.192,-0.588,-0.78,-0.695,-0.472,-0.681,-0.466,-0.568,-0.651,-0.488,-0.652,-0.213,-0.233,-0.466,-0.445,-0.581,-0.842,-0.702,-0.486,0.376,-0.391,-0.256,-0.568,-0.459,-0.525,-0.651,-0.685,-0.358,0.573,-0.431,-0.619,-0.472,0.788,-0.4,0.689,0.337,-0.469,-0.45,0.155,-0.619,-0.579,-0.414,-0.59,0.819,-0.47,-0.7,-0.567,-0.475,0.726,-0.312,0.515,0.13,0.432,0.431,-0.467,-0.755,-0.653,-0.364,-0.575,0.169,-0.529,0.056,-0.023,0.612,-0.601,-0.344
300014SZ,0.48,0.598,-0.021,-0.321,0.805,0.007,-0.285,0.536,0.679,-0.201,0.468,0.632,0.672,-0.037,0.075,-0.722,-0.355,0.405,0.103,-0.472,0.709,0.099,0.344,0.158,0.795,0.151,0.068,-0.286,0.713,0.745,-0.644,0.518,0.139,-0.295,0.524,-0.219,-0.03,0.622,0.521,0.715,-0.698,0.357,0.54,0.495,-0.046,-0.169,-0.054,0.601,0.025,0.257,0.558,-0.226,-0.617,-0.667,0.637,-0.027,0.827,0.569,-0.32,1.0,-0.304,-0.085,-0.442,0.115,0.589,0.553,-0.165,-0.371,0.13,0.832,0.247,0.109,0.07,-0.244,0.513,0.653,0.515,-0.039,0.536,-0.705,-0.018,-0.104,0.395,-0.212,-0.228,0.525,0.41,-0.545,-0.331,-0.417,-0.267,0.13,-0.444,0.816,0.274,0.613,-0.054,0.453,-0.051,0.493,-0.123,0.209,-0.036,0.788,0.163,0.265,-0.685,-0.151,-0.106,-0.261,0.503,-0.375,0.29,-0.346,-0.114,-0.12,-0.5,-0.364,-0.265,0.646,0.592,-0.08,0.4,0.756,-0.394,0.474,0.647,0.414,-0.414,0.724,-0.252,-0.423,-0.134,-0.563,-0.178,0.586,0.289,-0.658,0.222,0.625,0.187,0.834,0.69,-0.294,-0.372,0.294,-0.078,0.46,0.593,0.533,-0.129,-0.458,0.75,0.162,0.403,0.834,0.655,0.609,0.704,-0.008,-0.139,0.643,-0.601,0.761,0.006,-0.264,0.663,0.321,0.405,0.06,-0.604,-0.16,0.87,0.07,-0.284,0.095,0.117,0.655,-0.261,0.179,0.671,0.585,0.281,-0.303,-0.221,-0.742,-0.421,0.0,-0.097,0.67,0.087,0.177,-0.4,0.376,-0.593,0.51,0.316,0.375,0.599,-0.383,-0.539,0.411,0.73,-0.053,-0.742,-0.118,0.224,0.406,0.009,-0.276,0.684,0.018,-0.434,0.37,0.246,0.242,0.184
300033SZ,0.274,-0.631,0.815,0.916,-0.076,0.793,-0.417,-0.819,-0.603,0.915,0.59,0.387,-0.799,0.883,0.826,0.601,0.958,0.666,0.797,0.827,-0.674,-0.81,-0.79,0.289,-0.416,-0.114,0.266,0.804,0.2,-0.287,0.13,0.445,0.474,0.572,-0.66,0.357,0.832,0.355,-0.497,-0.662,0.157,-0.655,0.385,0.343,0.834,0.913,0.853,-0.476,0.807,-0.165,0.451,0.78,0.611,0.328,-0.836,-0.115,-0.443,-0.414,-0.336,-0.304,1.0,0.774,0.641,0.732,-0.505,0.055,0.843,-0.606,0.83,-0.219,-0.019,0.567,0.855,0.252,-0.828,0.416,-0.268,-0.045,-0.372,-0.272,-0.743,0.43,0.633,0.896,-0.265,0.48,0.634,0.617,0.924,0.342,-0.39,-0.738,-0.033,-0.019,0.675,0.155,-0.699,0.61,0.834,0.55,0.79,0.787,0.885,0.086,0.757,0.754,0.239,0.899,0.905,-0.553,-0.79,0.444,0.714,0.762,0.807,0.54,-0.297,0.668,0.881,-0.803,0.437,0.775,-0.835,0.033,0.832,-0.495,0.375,0.361,-0.216,0.236,0.864,-0.183,-0.679,0.397,-0.416,-0.774,-0.132,0.604,0.426,0.244,0.43,0.005,-0.79,0.692,0.348,0.648,0.877,0.419,0.295,0.476,0.925,0.612,0.17,0.712,0.626,-0.057,0.335,0.176,0.226,0.8,0.916,0.278,0.858,-0.355,0.876,0.956,0.115,0.583,0.558,0.872,0.631,0.935,-0.473,0.844,0.863,0.827,0.839,-0.055,0.931,-0.578,0.097,0.422,0.178,-0.6,0.805,0.037,0.276,0.833,0.904,-0.629,0.652,0.822,0.923,0.56,0.063,0.423,0.631,0.683,0.398,-0.469,0.852,-0.85,-0.61,0.199,-0.022,0.819,0.558,0.544,0.824,0.835,-0.675,0.853,0.737,-0.254,-0.705,0.651,0.685
300059SZ,0.426,-0.331,0.706,0.76,0.047,0.518,-0.258,-0.521,-0.326,0.8,0.437,0.427,-0.546,0.707,0.637,0.51,0.806,0.587,0.64,0.68,-0.418,-0.567,-0.576,0.264,-0.31,-0.011,0.286,0.551,0.093,-0.162,0.033,0.265,0.265,0.265,-0.419,0.644,0.652,0.446,-0.358,-0.395,0.094,-0.233,0.328,0.329,0.677,0.705,0.77,-0.226,0.735,-0.191,0.33,0.633,0.486,0.273,-0.529,-0.056,-0.159,-0.322,-0.122,-0.085,0.774,1.0,0.312,0.552,-0.271,-0.05,0.553,-0.446,0.597,-0.048,0.281,0.568,0.634,0.279,-0.552,0.404,-0.183,0.293,0.036,-0.275,-0.649,0.415,0.624,0.695,-0.237,0.518,0.575,0.652,0.71,0.458,-0.125,-0.302,0.154,0.135,0.52,0.321,-0.413,0.545,0.657,0.395,0.534,0.569,0.726,0.211,0.531,0.586,0.166,0.582,0.74,-0.402,-0.541,0.586,0.544,0.66,0.783,0.488,-0.255,0.668,0.753,-0.472,0.386,0.754,-0.603,0.13,0.653,-0.412,0.317,0.121,-0.085,0.249,0.613,-0.108,-0.523,0.324,-0.249,-0.486,0.112,0.488,0.538,0.276,0.229,0.027,-0.445,0.439,0.466,0.486,0.637,0.458,0.371,0.502,0.73,0.499,0.332,0.43,0.576,0.109,0.382,0.425,0.263,0.715,0.715,0.375,0.688,-0.106,0.658,0.745,0.247,0.452,0.591,0.717,0.496,0.815,-0.254,0.579,0.748,0.64,0.671,-0.098,0.746,-0.187,0.258,0.526,0.254,-0.393,0.554,0.169,0.119,0.651,0.735,-0.304,0.676,0.675,0.671,0.673,0.136,0.479,0.638,0.502,0.411,-0.437,0.61,-0.598,-0.444,0.091,-0.06,0.517,0.502,0.418,0.752,0.689,-0.373,0.669,0.515,-0.297,-0.36,0.427,0.565
300122SZ,-0.325,-0.52,0.456,0.502,-0.105,0.705,-0.068,-0.608,-0.494,0.501,0.224,0.158,-0.682,0.454,0.385,0.479,0.592,0.358,0.437,0.4,-0.562,-0.464,-0.474,0.159,-0.582,0.215,0.247,0.517,0.038,-0.416,0.478,0.338,0.477,0.816,-0.448,-0.152,0.697,0.093,-0.755,-0.385,0.415,-0.794,-0.006,0.228,0.482,0.556,0.445,-0.369,0.236,-0.389,0.12,0.328,0.222,0.385,-0.668,0.284,-0.553,0.004,0.045,-0.442,0.641,0.312,1.0,0.639,-0.275,0.207,0.686,-0.293,0.486,-0.329,0.118,-0.106,0.542,-0.018,-0.656,0.044,0.014,-0.091,-0.355,0.125,-0.266,0.71,0.156,0.628,0.3,-0.037,0.247,0.404,0.566,0.356,0.004,-0.554,-0.143,-0.435,0.438,-0.299,-0.454,0.167,0.582,0.299,0.766,0.362,0.451,-0.294,0.553,0.416,-0.035,0.711,0.512,-0.151,-0.613,0.058,0.395,0.263,0.255,0.401,0.165,0.182,0.411,-0.75,0.133,0.205,-0.564,-0.002,0.417,-0.213,0.131,-0.037,0.198,-0.157,0.756,0.162,-0.405,0.606,0.077,-0.574,-0.371,0.386,0.016,-0.265,0.559,-0.266,-0.709,0.892,0.032,0.446,0.619,0.12,-0.137,-0.018,0.583,0.272,-0.289,0.438,0.168,-0.387,-0.169,-0.402,-0.166,0.33,0.602,-0.201,0.541,-0.642,0.534,0.607,-0.382,0.158,0.096,0.544,0.737,0.625,-0.674,0.593,0.352,0.57,0.47,-0.411,0.632,-0.587,-0.395,-0.055,-0.364,-0.379,0.679,0.164,0.671,0.663,0.602,-0.59,0.026,0.463,0.593,-0.075,0.187,-0.011,0.114,0.378,0.217,0.031,0.583,-0.567,-0.473,0.645,0.042,0.671,0.21,0.37,0.556,0.333,-0.445,0.483,0.781,-0.004,-0.338,0.567,0.606
300124SZ,0.334,-0.384,0.836,0.644,0.37,0.939,-0.524,-0.575,-0.26,0.749,0.8,0.725,-0.484,0.806,0.821,0.176,0.692,0.841,0.828,0.488,-0.345,-0.73,-0.591,0.195,-0.087,0.122,0.237,0.717,0.573,-0.055,-0.159,0.772,0.683,0.697,-0.4,-0.075,0.912,0.689,-0.335,-0.189,-0.134,-0.54,0.519,0.627,0.791,0.842,0.754,-0.126,0.675,-0.245,0.709,0.611,0.172,-0.035,-0.501,0.01,-0.059,0.062,-0.475,0.115,0.732,0.552,0.639,1.0,-0.191,0.527,0.861,-0.828,0.857,0.127,0.403,0.341,0.904,0.146,-0.581,0.651,0.205,-0.14,-0.001,-0.552,-0.722,0.659,0.747,0.801,-0.239,0.627,0.821,0.28,0.721,-0.038,-0.525,-0.71,-0.427,0.196,0.916,0.322,-0.824,0.748,0.884,0.815,0.831,0.803,0.786,0.296,0.847,0.898,-0.267,0.875,0.795,-0.671,-0.553,0.159,0.811,0.491,0.602,0.382,-0.387,0.325,0.623,-0.549,0.671,0.588,-0.647,0.502,0.546,-0.15,0.707,0.485,-0.442,0.455,0.843,-0.373,-0.8,0.084,-0.466,-0.476,-0.285,0.262,0.297,0.394,0.715,0.362,-0.423,0.745,-0.083,0.868,0.852,0.635,0.524,0.662,0.81,0.323,0.439,0.822,0.741,0.329,0.555,0.289,0.523,0.752,0.829,0.487,0.446,-0.034,0.854,0.75,0.323,0.677,0.713,0.86,0.319,0.846,-0.154,0.898,0.554,0.901,0.884,0.189,0.761,-0.533,0.264,0.62,0.051,-0.782,0.727,-0.34,0.252,0.92,0.865,-0.365,0.516,0.859,0.654,0.518,-0.369,0.534,0.712,0.826,0.748,-0.613,0.521,-0.654,-0.262,0.295,-0.491,0.827,0.686,0.862,0.848,0.582,-0.186,0.811,0.657,0.186,-0.42,0.941,0.887
300274SZ,0.025,0.688,-0.456,-0.549,0.561,-0.368,0.354,0.787,0.847,-0.475,-0.106,0.217,0.73,-0.49,-0.455,-0.4,-0.555,-0.024,-0.258,-0.717,0.834,0.542,0.743,-0.013,0.447,0.517,-0.019,-0.746,0.233,0.609,-0.229,0.006,0.016,-0.32,0.83,-0.134,-0.353,0.198,0.243,0.806,-0.156,0.414,0.126,0.304,-0.414,-0.472,-0.405,0.776,-0.461,0.106,-0.042,-0.697,-0.785,-0.504,0.726,0.332,0.504,0.606,0.312,0.589,-0.505,-0.271,-0.275,-0.191,1.0,0.241,-0.369,0.129,-0.334,0.627,0.3,-0.423,-0.325,-0.512,0.692,0.17,0.639,0.358,0.501,-0.142,0.403,0.21,-0.095,-0.504,0.41,0.025,-0.101,-0.556,-0.618,-0.149,0.146,0.538,-0.174,0.276,-0.244,0.212,0.368,-0.159,-0.442,0.027,-0.403,-0.34,-0.467,0.339,-0.289,-0.235,-0.655,-0.407,-0.509,0.332,0.677,-0.62,-0.048,-0.69,-0.473,-0.12,-0.103,-0.493,-0.702,0.669,0.178,-0.467,0.748,0.405,-0.733,0.522,0.207,-0.11,0.082,0.254,-0.418,0.016,0.352,-0.265,0.362,0.77,0.295,-0.844,-0.031,0.036,0.122,0.268,0.623,-0.279,-0.338,-0.087,-0.469,0.091,0.11,-0.002,-0.496,-0.701,0.253,-0.35,-0.159,0.381,0.066,0.19,0.242,-0.471,-0.501,0.101,-0.74,0.525,-0.296,-0.574,0.205,-0.275,-0.131,-0.319,-0.301,-0.396,0.57,-0.347,-0.583,-0.354,-0.341,0.06,-0.539,0.487,0.188,0.077,0.04,0.205,-0.351,-0.219,-0.026,-0.355,-0.406,0.749,-0.302,-0.276,-0.617,-0.102,-0.086,0.049,-0.177,-0.063,0.305,0.076,-0.649,0.766,0.8,0.26,-0.408,-0.434,-0.132,0.018,-0.235,-0.611,0.784,-0.439,-0.289,0.444,0.692,-0.111,-0.028
300308SZ,0.118,0.069,0.231,-0.098,0.596,0.509,-0.378,0.027,0.189,0.058,0.548,0.585,0.171,0.209,0.32,-0.491,-0.06,0.484,0.303,-0.203,0.208,-0.167,0.022,0.305,0.422,0.207,0.179,0.14,0.66,0.41,-0.202,0.717,0.532,0.351,0.224,-0.414,0.467,0.487,0.066,0.352,-0.394,-0.218,0.546,0.488,0.252,0.186,0.15,0.333,0.122,0.142,0.565,0.032,-0.398,-0.376,0.176,0.215,0.345,0.598,-0.337,0.553,0.055,-0.05,0.207,0.527,0.241,1.0,0.296,-0.513,0.467,0.473,0.405,0.055,0.406,-0.123,0.078,0.604,0.467,-0.353,0.171,-0.548,-0.178,0.275,0.379,0.188,-0.049,0.411,0.477,-0.222,0.007,-0.26,-0.304,-0.358,-0.558,0.397,0.543,0.232,-0.456,0.491,0.353,0.638,0.382,0.389,0.182,0.437,0.543,0.526,-0.714,0.297,0.179,-0.357,0.118,-0.374,0.467,-0.173,-0.056,0.054,-0.231,-0.355,0.006,0.089,0.562,-0.026,-0.036,0.692,-0.16,0.406,0.604,0.395,-0.344,0.495,0.261,-0.225,-0.381,-0.157,-0.205,0.166,-0.158,-0.268,0.042,0.341,0.539,0.627,0.144,0.308,-0.48,0.527,0.293,0.51,0.339,0.444,0.207,-0.244,0.435,0.456,0.406,0.503,0.466,0.165,0.498,0.19,0.211,0.392,-0.26,0.279,0.301,0.101,0.322,0.358,0.346,0.316,-0.151,0.147,0.343,0.431,-0.116,0.443,0.375,0.446,0.096,-0.307,0.319,0.393,-0.162,-0.503,0.196,-0.681,0.063,0.417,0.234,0.156,-0.009,0.441,0.005,0.163,-0.495,0.369,0.268,0.569,0.604,-0.311,-0.159,-0.017,0.345,0.3,-0.631,0.393,0.307,0.595,0.277,-0.086,0.346,0.328,0.137,0.505,-0.016,0.588,0.537
300316SZ,0.324,-0.599,0.861,0.817,0.036,0.888,-0.497,-0.782,-0.539,0.816,0.718,0.496,-0.714,0.877,0.847,0.422,0.832,0.716,0.858,0.731,-0.587,-0.874,-0.784,0.156,-0.323,-0.111,0.082,0.826,0.371,-0.286,-0.034,0.593,0.717,0.713,-0.639,0.051,0.864,0.503,-0.433,-0.508,0.123,-0.655,0.398,0.604,0.911,0.906,0.869,-0.454,0.755,-0.33,0.625,0.773,0.484,0.223,-0.763,-0.133,-0.289,-0.284,-0.522,-0.165,0.843,0.553,0.686,0.861,-0.369,0.296,1.0,-0.749,0.865,-0.102,0.062,0.413,0.917,0.272,-0.826,0.506,-0.111,-0.129,-0.199,-0.36,-0.759,0.542,0.667,0.892,-0.318,0.512,0.719,0.372,0.879,0.002,-0.565,-0.832,-0.337,-0.024,0.812,0.197,-0.811,0.648,0.879,0.712,0.894,0.804,0.887,0.083,0.793,0.841,0.062,0.931,0.879,-0.682,-0.79,0.282,0.729,0.691,0.751,0.366,-0.33,0.477,0.753,-0.758,0.605,0.73,-0.808,0.184,0.74,-0.421,0.523,0.49,-0.437,0.296,0.883,-0.369,-0.777,0.211,-0.556,-0.736,-0.361,0.471,0.246,0.297,0.741,0.145,-0.679,0.727,0.109,0.815,0.894,0.395,0.386,0.504,0.879,0.499,0.236,0.857,0.644,0.055,0.409,0.152,0.303,0.795,0.9,0.317,0.688,-0.28,0.856,0.875,0.135,0.707,0.622,0.855,0.462,0.883,-0.393,0.865,0.751,0.857,0.871,0.092,0.859,-0.708,0.062,0.463,0.096,-0.741,0.93,-0.148,0.391,0.876,0.892,-0.593,0.621,0.818,0.858,0.476,-0.247,0.349,0.669,0.736,0.522,-0.541,0.788,-0.834,-0.535,0.173,-0.197,0.902,0.751,0.725,0.821,0.8,-0.506,0.819,0.75,-0.022,-0.618,0.843,0.809
300347SZ,-0.651,0.168,-0.804,-0.582,-0.51,-0.819,0.749,0.446,0.119,-0.658,-0.951,-0.86,0.274,-0.829,-0.862,0.059,-0.556,-0.92,-0.87,-0.44,0.168,0.786,0.572,-0.109,-0.195,0.114,-0.116,-0.621,-0.777,-0.116,0.532,-0.865,-0.582,-0.427,0.359,0.076,-0.777,-0.856,0.043,0.102,0.475,0.349,-0.725,-0.787,-0.794,-0.754,-0.779,0.113,-0.769,0.087,-0.868,-0.636,-0.105,0.312,0.346,0.321,-0.207,0.009,0.749,-0.371,-0.606,-0.446,-0.293,-0.828,0.129,-0.513,-0.749,1.0,-0.875,-0.286,-0.135,-0.585,-0.88,0.013,0.459,-0.84,-0.196,0.215,0.012,0.848,0.809,-0.301,-0.897,-0.709,0.539,-0.844,-0.947,-0.006,-0.644,0.29,0.783,0.728,0.6,-0.482,-0.927,-0.64,0.802,-0.909,-0.786,-0.928,-0.694,-0.887,-0.801,-0.561,-0.858,-0.915,0.27,-0.782,-0.79,0.868,0.469,-0.154,-0.83,-0.477,-0.675,-0.234,0.737,-0.261,-0.575,0.357,-0.871,-0.687,0.557,-0.604,-0.511,0.217,-0.862,-0.729,0.727,-0.739,-0.621,0.658,0.859,0.243,0.692,0.371,0.145,-0.084,-0.377,-0.752,-0.656,-0.611,0.194,-0.394,0.077,-0.94,-0.786,-0.661,-0.796,-0.853,-0.737,-0.282,-0.714,-0.907,-0.911,-0.583,-0.817,-0.593,-0.759,-0.775,-0.758,-0.761,-0.316,-0.243,-0.791,-0.676,-0.616,-0.871,-0.896,-0.839,0.005,-0.72,-0.173,-0.861,-0.589,-0.844,-0.89,-0.535,-0.634,0.556,-0.498,-0.849,-0.345,0.923,-0.637,0.614,0.102,-0.783,-0.76,0.21,-0.683,-0.88,-0.572,-0.754,0.633,-0.703,-0.885,-0.876,-0.833,0.887,-0.396,0.558,0.102,0.02,0.688,-0.704,-0.787,-0.946,-0.715,-0.623,0.08,-0.808,-0.322,-0.176,0.521,-0.9,-0.755
300394SZ,0.469,-0.432,0.864,0.745,0.267,0.917,-0.66,-0.673,-0.402,0.83,0.892,0.689,-0.529,0.911,0.929,0.215,0.765,0.868,0.889,0.641,-0.433,-0.856,-0.724,0.353,-0.011,-0.114,0.27,0.785,0.629,-0.019,-0.223,0.802,0.675,0.57,-0.502,0.101,0.892,0.662,-0.255,-0.403,-0.194,-0.599,0.696,0.623,0.897,0.896,0.866,-0.275,0.837,-0.029,0.807,0.763,0.348,-0.032,-0.602,-0.144,-0.049,-0.149,-0.63,0.13,0.83,0.597,0.486,0.857,-0.334,0.467,0.865,-0.875,1.0,0.131,0.071,0.621,0.959,0.169,-0.67,0.762,-0.034,-0.229,-0.189,-0.645,-0.804,0.352,0.813,0.872,-0.445,0.746,0.874,0.298,0.81,0.011,-0.652,-0.854,-0.384,0.337,0.904,0.386,-0.846,0.879,0.882,0.875,0.826,0.95,0.916,0.435,0.937,0.956,-0.119,0.896,0.901,-0.777,-0.627,0.197,0.9,0.63,0.757,0.43,-0.564,0.448,0.773,-0.581,0.764,0.755,-0.747,0.388,0.69,-0.269,0.713,0.681,-0.556,0.569,0.822,-0.429,-0.837,0.105,-0.617,-0.569,-0.198,0.342,0.434,0.56,0.614,0.436,-0.513,0.584,0.075,0.873,0.91,0.637,0.562,0.736,0.906,0.435,0.504,0.92,0.837,0.323,0.668,0.403,0.565,0.821,0.906,0.568,0.585,-0.04,0.93,0.867,0.391,0.834,0.767,0.935,0.304,0.842,-0.095,0.954,0.726,0.938,0.939,0.366,0.832,-0.671,0.391,0.683,0.225,-0.855,0.8,-0.424,0.114,0.883,0.896,-0.435,0.694,0.95,0.794,0.689,-0.339,0.62,0.79,0.91,0.691,-0.702,0.63,-0.746,-0.323,0.127,-0.404,0.885,0.719,0.817,0.82,0.754,-0.38,0.935,0.589,0.029,-0.684,0.87,0.824
300408SZ,0.398,0.647,-0.061,-0.267,0.719,-0.013,-0.058,0.538,0.645,-0.139,0.376,0.544,0.644,-0.1,0.007,-0.471,-0.279,0.382,0.117,-0.465,0.692,0.163,0.393,0.324,0.751,0.337,0.211,-0.356,0.647,0.762,-0.488,0.431,0.159,-0.188,0.624,-0.04,-0.012,0.543,0.417,0.646,-0.434,0.312,0.598,0.401,-0.077,-0.105,-0.086,0.736,-0.034,0.382,0.476,-0.303,-0.528,-0.622,0.567,0.268,0.787,0.551,-0.121,0.832,-0.219,-0.048,-0.329,0.127,0.627,0.473,-0.102,-0.286,0.131,1.0,0.278,0.092,0.08,-0.172,0.481,0.597,0.547,0.208,0.498,-0.598,0.062,0.015,0.344,-0.199,-0.001,0.521,0.335,-0.461,-0.326,-0.27,-0.198,0.143,-0.244,0.765,0.196,0.517,0.069,0.364,-0.076,0.42,-0.134,0.163,-0.052,0.771,0.091,0.225,-0.62,-0.093,-0.142,-0.074,0.55,-0.415,0.388,-0.354,-0.111,0.144,-0.417,-0.149,-0.293,0.586,0.506,-0.093,0.432,0.701,-0.344,0.603,0.562,0.421,-0.316,0.637,-0.142,-0.228,-0.005,-0.424,-0.074,0.61,0.319,-0.703,0.328,0.509,0.133,0.717,0.581,-0.215,-0.302,0.22,-0.138,0.534,0.512,0.474,-0.113,-0.411,0.66,0.089,0.317,0.74,0.584,0.575,0.671,-0.081,-0.138,0.547,-0.543,0.73,0.121,-0.243,0.59,0.209,0.282,0.062,-0.421,-0.096,0.763,0.045,-0.268,0.058,0.093,0.549,-0.241,0.239,0.62,0.498,0.317,-0.158,-0.141,-0.565,-0.267,-0.031,-0.065,0.654,0.111,0.15,-0.297,0.309,-0.349,0.485,0.257,0.422,0.582,-0.318,-0.438,0.438,0.724,0.057,-0.636,-0.056,0.084,0.343,0.082,-0.236,0.644,-0.005,-0.229,0.522,0.304,0.194,0.266
300413SZ,0.018,0.114,0.16,-0.098,0.387,0.204,0.109,0.139,0.286,0.126,0.104,0.368,0.126,0.014,0.042,-0.085,0.003,0.22,0.085,-0.158,0.191,0.11,0.143,0.061,0.119,0.523,0.197,-0.021,0.123,0.146,-0.012,0.181,0.188,0.189,0.298,-0.0,0.277,0.318,-0.092,0.386,-0.039,0.146,0.119,0.201,0.05,0.101,0.062,0.444,-0.0,-0.146,0.093,-0.082,-0.274,-0.11,0.23,0.39,0.233,0.449,0.186,0.247,-0.019,0.281,0.118,0.403,0.3,0.405,0.062,-0.135,0.071,0.278,1.0,-0.158,0.137,0.063,0.184,0.184,0.462,0.204,0.535,-0.156,-0.096,0.58,0.168,0.065,0.217,0.176,0.205,0.143,-0.046,0.099,0.163,0.184,-0.008,0.118,0.254,0.084,-0.118,0.131,0.192,0.166,0.095,0.0,0.003,0.143,0.128,0.186,-0.469,0.051,0.015,0.04,0.193,-0.032,0.158,-0.092,-0.04,0.12,0.069,-0.019,-0.044,0.129,0.103,-0.025,0.054,0.444,-0.171,0.328,0.22,-0.152,0.037,0.082,0.188,0.088,-0.141,0.016,0.132,0.256,-0.104,-0.121,0.039,-0.046,0.186,0.137,0.197,0.253,-0.175,0.182,0.076,0.407,0.129,0.22,0.061,-0.129,0.242,-0.025,0.116,0.318,0.15,0.154,0.232,0.1,0.065,0.167,-0.186,0.265,0.127,-0.028,0.142,-0.047,0.179,0.136,0.027,0.181,0.113,0.096,-0.131,0.191,0.119,-0.118,0.049,0.296,0.18,0.231,-0.214,-0.014,-0.039,0.01,0.15,0.244,0.148,0.207,-0.035,0.145,-0.108,0.066,-0.069,0.162,0.133,0.143,0.385,-0.097,-0.166,0.096,0.17,0.228,-0.323,0.046,0.099,0.271,0.3,-0.149,0.441,0.072,0.204,0.327,0.459,0.266,0.354
300418SZ,0.654,-0.231,0.556,0.569,0.026,0.391,-0.531,-0.486,-0.347,0.615,0.601,0.391,-0.308,0.693,0.673,0.13,0.556,0.521,0.582,0.614,-0.333,-0.639,-0.607,0.138,0.145,-0.427,0.065,0.546,0.34,0.02,-0.357,0.37,0.195,-0.02,-0.426,0.428,0.465,0.424,0.142,-0.443,-0.31,-0.094,0.565,0.282,0.603,0.581,0.642,-0.278,0.813,0.312,0.548,0.728,0.518,-0.032,-0.396,-0.46,0.093,-0.436,-0.581,0.109,0.567,0.568,-0.106,0.341,-0.423,0.055,0.413,-0.585,0.621,0.092,-0.158,1.0,0.581,0.322,-0.443,0.519,-0.365,-0.18,-0.094,-0.567,-0.683,-0.245,0.66,0.551,-0.65,0.67,0.587,0.32,0.583,-0.084,-0.579,-0.517,-0.061,0.415,0.484,0.52,-0.463,0.66,0.511,0.479,0.322,0.648,0.677,0.392,0.507,0.588,0.26,0.49,0.643,-0.645,-0.41,0.555,0.528,0.685,0.725,0.236,-0.614,0.604,0.695,-0.294,0.45,0.756,-0.543,0.16,0.621,-0.361,0.404,0.631,-0.555,0.502,0.336,-0.421,-0.532,-0.16,-0.668,-0.43,0.075,0.351,0.395,0.654,0.121,0.306,-0.241,0.001,0.286,0.451,0.487,0.43,0.569,0.632,0.557,0.532,0.519,0.603,0.665,0.337,0.63,0.59,0.475,0.716,0.554,0.563,0.488,0.181,0.558,0.589,0.548,0.702,0.637,0.556,-0.008,0.541,0.115,0.507,0.703,0.504,0.623,0.475,0.479,-0.337,0.417,0.615,0.539,-0.496,0.392,-0.25,-0.271,0.434,0.505,-0.269,0.742,0.604,0.614,0.756,-0.28,0.556,0.706,0.515,0.357,-0.688,0.505,-0.554,-0.298,-0.465,-0.15,0.45,0.514,0.441,0.417,0.72,-0.389,0.609,0.05,-0.217,-0.612,0.355,0.251
300433SZ,0.475,-0.499,0.898,0.782,0.228,0.918,-0.623,-0.708,-0.399,0.866,0.87,0.685,-0.595,0.941,0.949,0.278,0.805,0.866,0.91,0.697,-0.466,-0.892,-0.757,0.236,-0.125,-0.095,0.141,0.814,0.549,-0.104,-0.224,0.738,0.668,0.57,-0.56,0.105,0.919,0.678,-0.308,-0.394,-0.126,-0.571,0.586,0.666,0.937,0.931,0.913,-0.31,0.871,-0.182,0.777,0.791,0.392,0.045,-0.648,-0.192,-0.12,-0.197,-0.613,0.07,0.855,0.634,0.542,0.904,-0.325,0.406,0.917,-0.88,0.959,0.08,0.137,0.581,1.0,0.207,-0.718,0.716,-0.019,-0.193,-0.105,-0.593,-0.863,0.472,0.82,0.898,-0.445,0.705,0.87,0.353,0.864,-0.017,-0.65,-0.831,-0.376,0.227,0.908,0.375,-0.884,0.83,0.901,0.844,0.843,0.913,0.934,0.324,0.913,0.951,-0.067,0.946,0.926,-0.804,-0.695,0.289,0.859,0.7,0.793,0.378,-0.544,0.488,0.799,-0.636,0.726,0.788,-0.777,0.378,0.709,-0.361,0.698,0.618,-0.539,0.494,0.853,-0.495,-0.884,0.084,-0.641,-0.64,-0.275,0.379,0.366,0.494,0.682,0.359,-0.548,0.624,0.104,0.905,0.935,0.571,0.554,0.701,0.908,0.487,0.469,0.912,0.817,0.289,0.624,0.376,0.522,0.884,0.918,0.531,0.612,-0.077,0.928,0.878,0.36,0.823,0.79,0.938,0.315,0.895,-0.186,0.952,0.78,0.938,0.95,0.246,0.849,-0.633,0.291,0.674,0.196,-0.831,0.815,-0.329,0.191,0.901,0.915,-0.47,0.701,0.934,0.811,0.677,-0.367,0.55,0.815,0.868,0.705,-0.711,0.699,-0.787,-0.399,0.111,-0.39,0.871,0.8,0.858,0.85,0.785,-0.397,0.906,0.621,-0.047,-0.611,0.9,0.825
300450SZ,0.07,-0.516,0.309,0.337,-0.451,0.139,-0.04,-0.443,-0.509,0.344,0.064,-0.214,-0.386,0.292,0.27,0.306,0.364,-0.081,0.135,0.505,-0.477,-0.285,-0.429,0.117,-0.191,-0.342,-0.168,0.504,-0.219,-0.292,0.103,-0.136,0.136,0.073,-0.407,0.275,0.144,-0.133,0.032,-0.476,0.292,-0.078,-0.136,-0.158,0.313,0.346,0.278,-0.353,0.349,0.011,0.161,0.516,0.656,0.521,-0.382,-0.071,-0.18,-0.438,-0.221,-0.244,0.252,0.279,-0.018,0.146,-0.512,-0.123,0.272,0.013,0.169,-0.172,0.063,0.322,0.207,1.0,-0.395,-0.136,-0.539,-0.128,0.179,0.157,-0.26,-0.078,0.061,0.314,-0.293,0.027,0.023,0.465,0.371,-0.067,-0.102,-0.247,0.248,-0.126,0.127,-0.157,-0.217,0.071,0.266,-0.056,0.156,0.154,0.323,-0.234,-0.001,0.175,0.451,0.161,0.248,-0.173,-0.326,0.478,0.019,0.595,0.354,0.005,0.146,0.508,0.482,-0.267,-0.127,0.331,-0.431,-0.226,0.438,-0.16,-0.175,0.164,-0.219,-0.171,0.264,-0.023,-0.109,0.095,-0.389,-0.417,-0.307,0.568,-0.063,-0.083,0.014,-0.161,-0.336,0.094,0.159,-0.042,0.202,-0.025,-0.084,-0.001,0.252,0.475,-0.086,0.18,0.015,-0.158,0.009,-0.003,-0.153,0.372,0.253,-0.076,0.409,-0.192,0.209,0.284,-0.081,0.227,0.051,0.107,0.111,0.245,-0.292,0.101,0.365,0.145,0.188,-0.032,0.278,-0.132,-0.065,-0.059,0.004,0.042,0.283,0.259,0.198,0.172,0.234,-0.36,0.282,0.083,0.408,0.06,-0.002,-0.101,0.12,-0.013,-0.21,-0.007,0.454,-0.462,-0.495,-0.363,0.424,0.314,0.245,-0.063,0.163,0.45,-0.468,0.19,0.216,-0.304,-0.189,0.045,-0.0
300498SZ,-0.091,0.784,-0.709,-0.831,0.419,-0.7,0.348,0.941,0.836,-0.787,-0.405,-0.092,0.931,-0.793,-0.7,-0.618,-0.867,-0.392,-0.629,-0.892,0.889,0.858,0.937,-0.023,0.623,0.329,-0.009,-0.863,0.028,0.649,-0.208,-0.266,-0.479,-0.603,0.884,-0.174,-0.723,-0.143,0.594,0.823,-0.349,0.703,-0.045,-0.265,-0.814,-0.803,-0.791,0.79,-0.706,0.297,-0.331,-0.847,-0.762,-0.56,0.975,0.221,0.571,0.591,0.362,0.513,-0.828,-0.552,-0.656,-0.581,0.692,0.078,-0.826,0.459,-0.67,0.481,0.184,-0.443,-0.718,-0.395,1.0,-0.129,0.488,0.2,0.358,0.002,0.662,-0.323,-0.368,-0.859,0.296,-0.176,-0.404,-0.618,-0.905,-0.193,0.334,0.77,0.05,0.331,-0.524,0.106,0.641,-0.373,-0.723,-0.353,-0.788,-0.606,-0.802,0.269,-0.605,-0.571,-0.456,-0.8,-0.807,0.521,0.952,-0.538,-0.428,-0.822,-0.725,-0.276,0.122,-0.586,-0.84,0.917,-0.21,-0.694,0.925,0.235,-0.839,0.677,-0.109,-0.283,0.178,0.075,-0.783,0.164,0.637,-0.429,0.445,0.955,0.441,-0.769,-0.085,-0.018,-0.475,0.242,0.859,-0.633,-0.35,-0.504,-0.798,-0.038,-0.044,-0.156,-0.792,-0.704,0.141,-0.675,-0.373,0.361,-0.062,0.116,0.11,-0.71,-0.814,0.029,-0.888,0.63,-0.663,-0.865,0.208,-0.547,-0.363,-0.683,-0.604,-0.78,0.698,-0.666,-0.81,-0.665,-0.661,0.153,-0.835,0.713,0.262,-0.136,0.045,0.494,-0.845,-0.195,-0.458,-0.699,-0.755,0.849,-0.497,-0.594,-0.905,-0.283,-0.014,-0.034,-0.423,-0.392,-0.114,0.287,-0.938,0.943,0.858,-0.043,-0.235,-0.779,-0.534,-0.385,-0.619,-0.825,0.808,-0.677,-0.674,0.391,0.717,-0.542,-0.479
300502SZ,0.692,0.105,0.604,0.348,0.713,0.606,-0.671,-0.12,0.201,0.485,0.892,0.898,0.043,0.624,0.703,-0.216,0.321,0.874,0.714,0.186,0.164,-0.523,-0.266,0.309,0.438,0.038,0.245,0.329,0.846,0.44,-0.574,0.831,0.484,0.186,-0.024,0.034,0.588,0.859,0.113,0.165,-0.581,-0.142,0.866,0.736,0.594,0.54,0.591,0.209,0.631,0.093,0.827,0.373,-0.136,-0.499,-0.019,-0.183,0.454,0.202,-0.591,0.653,0.416,0.404,0.044,0.651,0.17,0.604,0.506,-0.84,0.762,0.597,0.184,0.519,0.716,-0.136,-0.129,1.0,0.35,-0.084,0.109,-0.903,-0.625,0.213,0.859,0.473,-0.456,0.894,0.895,-0.121,0.385,-0.176,-0.625,-0.459,-0.489,0.74,0.78,0.726,-0.608,0.893,0.569,0.903,0.464,0.777,0.62,0.816,0.736,0.817,-0.437,0.532,0.592,-0.709,-0.135,-0.08,0.801,0.24,0.512,0.244,-0.736,0.115,0.371,-0.033,0.918,0.542,-0.254,0.701,0.247,0.012,0.897,0.684,-0.612,0.837,0.419,-0.585,-0.694,-0.301,-0.51,-0.033,0.152,-0.172,0.514,0.82,0.487,0.818,0.074,0.19,-0.049,0.828,0.585,0.743,0.808,0.891,0.562,0.074,0.862,0.69,0.875,0.772,0.9,0.725,0.876,0.593,0.556,0.842,0.074,0.494,0.654,0.458,0.745,0.725,0.841,0.713,-0.152,0.505,0.468,0.713,0.402,0.712,0.735,0.653,0.432,-0.268,0.735,0.901,0.4,-0.763,0.39,-0.711,-0.276,0.596,0.578,0.121,0.612,0.794,0.291,0.798,-0.545,0.789,0.809,0.872,0.859,-0.792,0.111,-0.246,0.232,0.036,-0.791,0.483,0.654,0.822,0.597,0.384,0.178,0.676,0.169,0.263,-0.315,0.72,0.688
300628SZ,0.095,0.59,-0.129,-0.389,0.79,0.061,-0.004,0.534,0.711,-0.248,0.181,0.508,0.537,-0.226,-0.136,-0.454,-0.36,0.282,0.027,-0.596,0.636,0.251,0.467,-0.054,0.454,0.564,0.137,-0.416,0.476,0.489,-0.264,0.358,0.08,0.088,0.571,-0.413,0.019,0.454,0.136,0.755,-0.358,0.229,0.294,0.313,-0.207,-0.184,-0.227,0.639,-0.296,-0.081,0.158,-0.472,-0.765,-0.669,0.53,0.311,0.512,0.727,0.115,0.515,-0.268,-0.183,0.014,0.205,0.639,0.467,-0.111,-0.196,-0.034,0.547,0.462,-0.365,-0.019,-0.539,0.488,0.35,1.0,0.165,0.3,-0.361,0.151,0.348,0.174,-0.263,0.285,0.226,0.22,-0.501,-0.381,-0.16,-0.028,0.242,-0.275,0.363,0.167,0.322,0.052,0.129,-0.056,0.274,-0.075,-0.061,-0.259,0.43,0.078,0.054,-0.687,-0.062,-0.224,0.029,0.488,-0.513,0.167,-0.57,-0.336,-0.026,-0.136,-0.457,-0.484,0.41,0.302,-0.324,0.449,0.649,-0.497,0.499,0.461,0.021,-0.027,0.357,-0.113,-0.083,-0.012,-0.315,0.239,0.584,0.186,-0.669,0.068,0.215,0.181,0.435,0.551,0.059,-0.437,0.228,-0.14,0.362,0.335,0.27,-0.2,-0.476,0.394,-0.029,0.16,0.547,0.266,0.231,0.474,-0.228,-0.199,0.337,-0.581,0.531,-0.033,-0.318,0.322,-0.077,0.165,-0.012,-0.29,-0.103,0.481,0.024,-0.433,0.009,-0.016,0.232,-0.261,0.315,0.302,0.318,0.021,-0.111,-0.22,-0.42,-0.171,0.013,-0.107,0.507,-0.194,0.04,-0.438,0.023,-0.262,0.314,0.071,0.23,0.537,-0.172,-0.536,0.474,0.667,0.325,-0.698,-0.147,-0.036,0.366,0.123,-0.45,0.761,-0.116,-0.11,0.578,0.425,0.244,0.284
300661SZ,0.162,0.375,-0.08,0.057,0.077,-0.308,0.442,0.329,0.326,-0.03,-0.257,0.008,0.18,-0.193,-0.257,0.331,0.028,-0.013,-0.015,-0.091,0.3,0.28,0.275,-0.006,-0.08,0.262,0.163,-0.366,-0.174,0.128,-0.007,-0.332,-0.199,-0.196,0.313,0.545,-0.193,0.071,0.008,0.177,0.246,0.395,-0.059,0.013,-0.151,-0.106,-0.031,0.338,-0.129,-0.156,-0.24,-0.286,-0.029,-0.013,0.175,0.258,0.168,-0.067,0.409,-0.039,-0.045,0.293,-0.091,-0.14,0.358,-0.353,-0.129,0.215,-0.229,0.208,0.204,-0.18,-0.193,-0.128,0.2,-0.084,0.165,1.0,0.27,0.118,0.165,0.201,0.008,-0.188,0.268,0.025,-0.086,0.011,-0.123,0.308,0.266,0.453,0.326,0.011,-0.25,0.206,0.435,-0.179,-0.212,-0.191,-0.25,-0.218,-0.138,0.114,-0.314,-0.202,0.05,-0.166,-0.123,0.362,0.201,0.042,0.017,-0.132,0.103,0.289,0.07,0.251,-0.173,0.232,-0.041,0.051,0.314,-0.035,-0.047,0.027,-0.064,-0.298,0.239,-0.038,-0.1,0.16,0.313,0.055,0.288,0.263,0.446,-0.248,0.362,-0.064,-0.222,-0.176,0.16,-0.142,0.303,-0.163,-0.247,0.053,0.082,-0.026,-0.113,-0.099,0.079,-0.354,-0.089,0.019,-0.036,0.239,0.01,-0.19,-0.13,0.032,-0.028,0.183,-0.033,-0.112,0.087,-0.229,-0.04,-0.077,0.13,0.03,0.057,-0.235,-0.007,-0.231,-0.144,-0.237,-0.075,0.432,0.109,0.043,0.32,0.283,-0.087,0.33,-0.018,-0.197,-0.06,0.356,0.206,-0.161,-0.095,0.121,0.392,0.075,0.022,-0.093,0.058,0.041,-0.077,0.268,0.173,0.161,0.04,-0.256,-0.113,-0.16,0.055,-0.01,0.256,-0.204,0.045,0.165,0.328,-0.281,0.042
300750SZ,0.235,0.352,-0.137,-0.317,0.294,-0.224,0.303,0.449,0.49,-0.188,0.035,0.207,0.459,-0.184,-0.158,-0.335,-0.29,0.014,-0.082,-0.289,0.488,0.194,0.281,-0.185,0.366,0.218,-0.265,-0.294,0.145,0.323,-0.393,-0.039,0.136,-0.365,0.425,0.038,-0.15,0.324,0.374,0.544,-0.13,0.542,-0.033,0.286,-0.08,-0.21,-0.08,0.42,-0.077,-0.057,0.231,-0.175,-0.27,-0.169,0.458,0.148,0.569,0.247,0.028,0.536,-0.372,0.036,-0.355,-0.001,0.501,0.171,-0.199,0.012,-0.189,0.498,0.535,-0.094,-0.105,0.179,0.358,0.109,0.3,0.27,1.0,-0.146,0.093,0.133,0.035,-0.261,-0.034,0.085,0.012,-0.192,-0.294,-0.317,0.023,0.364,-0.043,0.24,-0.045,0.226,0.15,-0.017,-0.197,0.06,-0.269,-0.191,-0.182,0.174,-0.206,-0.031,-0.336,-0.246,-0.251,0.032,0.382,0.016,-0.031,-0.127,-0.107,-0.229,-0.084,-0.041,-0.252,0.537,0.085,-0.092,0.37,0.405,-0.338,0.306,0.222,0.048,-0.168,0.164,-0.264,-0.209,0.126,-0.386,-0.063,0.427,-0.098,-0.391,-0.081,0.062,0.159,0.198,0.534,-0.285,-0.206,-0.05,-0.271,0.09,0.198,0.065,-0.302,-0.245,0.295,-0.105,-0.066,0.389,0.178,0.305,0.189,-0.057,-0.289,0.135,-0.469,0.473,-0.166,-0.377,0.24,0.089,0.086,-0.201,-0.437,-0.179,0.421,-0.253,-0.254,-0.213,-0.151,0.109,-0.34,0.401,0.139,0.167,0.054,0.165,-0.218,-0.102,0.049,-0.195,-0.239,0.506,-0.007,-0.2,-0.338,0.042,-0.315,-0.019,0.052,-0.081,0.297,-0.065,-0.295,0.334,0.369,-0.159,-0.216,-0.251,0.196,0.124,-0.091,-0.218,0.536,-0.294,-0.328,0.099,0.566,0.002,-0.033
300759SZ,-0.759,-0.257,-0.534,-0.266,-0.752,-0.5,0.699,0.025,-0.245,-0.361,-0.867,-0.888,-0.18,-0.539,-0.619,0.375,-0.207,-0.829,-0.652,-0.076,-0.25,0.458,0.202,-0.174,-0.609,0.022,-0.206,-0.251,-0.882,-0.513,0.701,-0.812,-0.345,-0.067,-0.033,0.043,-0.463,-0.874,-0.32,-0.242,0.756,-0.012,-0.85,-0.659,-0.468,-0.421,-0.475,-0.257,-0.555,-0.164,-0.815,-0.324,0.191,0.644,-0.109,0.281,-0.583,-0.229,0.666,-0.705,-0.272,-0.275,0.125,-0.552,-0.142,-0.548,-0.36,0.848,-0.645,-0.598,-0.156,-0.567,-0.593,0.157,0.002,-0.903,-0.361,0.118,-0.146,1.0,0.561,-0.009,-0.85,-0.345,0.524,-0.915,-0.857,0.259,-0.268,0.365,0.691,0.395,0.531,-0.82,-0.736,-0.821,0.5,-0.878,-0.492,-0.838,-0.332,-0.716,-0.516,-0.858,-0.632,-0.731,0.437,-0.416,-0.49,0.69,0.012,0.027,-0.721,-0.167,-0.453,-0.207,0.777,-0.089,-0.284,-0.108,-0.869,-0.488,0.17,-0.767,-0.213,-0.092,-0.879,-0.712,0.716,-0.909,-0.251,0.629,0.62,0.49,0.561,-0.07,-0.195,0.252,-0.517,-0.916,-0.36,-0.85,-0.238,-0.042,0.14,-0.734,-0.455,-0.767,-0.906,-0.92,-0.443,-0.033,-0.926,-0.657,-0.866,-0.872,-0.948,-0.815,-0.939,-0.517,-0.444,-0.92,0.049,-0.642,-0.549,-0.34,-0.862,-0.735,-0.836,-0.603,0.341,-0.401,-0.62,-0.601,-0.304,-0.596,-0.662,-0.759,-0.298,0.225,-0.794,-0.921,-0.516,0.749,-0.239,0.792,0.442,-0.493,-0.463,-0.207,-0.603,-0.693,-0.2,-0.789,0.654,-0.843,-0.803,-0.794,-0.834,0.862,0.023,0.159,-0.304,0.143,0.856,-0.374,-0.573,-0.788,-0.452,-0.332,-0.265,-0.587,0.052,-0.315,0.295,-0.638,-0.548
300760SZ,-0.634,0.51,-0.868,-0.752,-0.117,-0.725,0.684,0.703,0.366,-0.844,-0.755,-0.603,0.591,-0.913,-0.895,-0.302,-0.752,-0.718,-0.8,-0.777,0.491,0.854,0.769,0.019,0.198,0.327,0.032,-0.792,-0.35,0.237,0.371,-0.525,-0.395,-0.32,0.648,-0.24,-0.729,-0.602,0.208,0.451,0.196,0.331,-0.467,-0.566,-0.871,-0.86,-0.895,0.402,-0.928,0.243,-0.618,-0.849,-0.485,-0.057,0.597,0.484,0.142,0.415,0.666,-0.018,-0.743,-0.649,-0.266,-0.722,0.403,-0.178,-0.759,0.809,-0.804,0.062,-0.096,-0.683,-0.863,-0.26,0.662,-0.625,0.151,0.165,0.093,0.561,1.0,-0.292,-0.804,-0.806,0.651,-0.688,-0.819,-0.376,-0.843,0.088,0.685,0.683,0.304,-0.19,-0.786,-0.496,0.837,-0.757,-0.774,-0.684,-0.642,-0.813,-0.88,-0.242,-0.729,-0.804,-0.137,-0.782,-0.879,0.842,0.724,-0.478,-0.642,-0.801,-0.846,-0.164,0.657,-0.525,-0.797,0.609,-0.602,-0.866,0.772,-0.196,-0.709,0.601,-0.554,-0.543,0.608,-0.428,-0.672,0.607,0.886,0.085,0.724,0.665,0.183,-0.468,-0.307,-0.552,-0.473,-0.28,0.457,-0.335,-0.228,-0.81,-0.835,-0.436,-0.589,-0.699,-0.797,-0.566,-0.504,-0.77,-0.803,-0.288,-0.605,-0.496,-0.487,-0.921,-0.818,-0.581,-0.623,-0.005,-0.767,-0.801,-0.444,-0.766,-0.84,-0.819,-0.166,-0.798,0.155,-0.796,-0.835,-0.796,-0.844,-0.251,-0.759,0.467,-0.324,-0.709,-0.339,0.737,-0.639,0.232,0.057,-0.741,-0.807,0.497,-0.776,-0.814,-0.726,-0.788,0.416,-0.512,-0.857,-0.655,-0.559,0.812,-0.674,0.772,0.485,0.208,0.314,-0.652,-0.814,-0.745,-0.738,-0.817,0.396,-0.811,-0.429,0.217,0.573,-0.711,-0.589
300782SZ,-0.138,-0.247,0.413,0.331,0.202,0.545,0.047,-0.254,-0.036,0.437,0.219,0.367,-0.372,0.318,0.284,0.368,0.412,0.406,0.38,0.186,-0.18,-0.239,-0.167,0.127,-0.42,0.544,0.181,0.25,0.093,-0.196,0.217,0.3,0.442,0.596,-0.084,-0.008,0.582,0.325,-0.632,0.034,0.334,-0.424,0.044,0.441,0.387,0.457,0.393,0.082,0.171,-0.471,0.141,0.114,-0.073,0.176,-0.301,0.384,-0.264,0.226,0.188,-0.104,0.43,0.415,0.71,0.659,0.21,0.275,0.542,-0.301,0.352,0.015,0.58,-0.245,0.472,-0.078,-0.323,0.213,0.348,0.201,0.133,-0.009,-0.292,1.0,0.238,0.482,0.36,0.108,0.326,0.313,0.37,0.295,0.068,-0.164,-0.162,-0.237,0.428,-0.09,-0.388,0.168,0.458,0.326,0.543,0.229,0.334,-0.095,0.396,0.386,-0.327,0.504,0.362,-0.087,-0.335,-0.026,0.379,0.12,0.197,0.299,0.049,0.101,0.185,-0.421,0.241,0.159,-0.289,0.258,0.134,-0.066,0.266,-0.152,0.139,-0.042,0.612,0.077,-0.355,0.41,0.145,-0.223,-0.265,0.088,0.049,-0.2,0.589,-0.11,-0.349,0.708,-0.044,0.469,0.462,0.265,0.015,0.124,0.423,0.036,-0.011,0.242,0.198,-0.064,-0.013,-0.094,0.049,0.291,0.437,-0.014,0.242,-0.257,0.458,0.384,-0.166,0.054,0.22,0.469,0.565,0.55,-0.4,0.448,0.199,0.478,0.384,-0.431,0.466,-0.15,-0.162,0.153,-0.327,-0.267,0.484,0.18,0.579,0.545,0.519,-0.198,0.039,0.398,0.307,0.059,0.093,0.064,0.21,0.345,0.454,-0.08,0.295,-0.253,-0.166,0.625,-0.208,0.427,0.3,0.46,0.615,0.146,0.005,0.345,0.726,0.135,0.17,0.567,0.658
600000SS,0.816,-0.075,0.823,0.642,0.559,0.698,-0.717,-0.37,-0.037,0.691,0.91,0.875,-0.226,0.817,0.844,0.003,0.605,0.932,0.879,0.465,-0.089,-0.72,-0.519,0.135,0.229,-0.081,0.197,0.558,0.711,0.231,-0.517,0.745,0.431,0.267,-0.296,0.18,0.683,0.867,0.048,-0.086,-0.488,-0.157,0.758,0.696,0.755,0.734,0.786,-0.043,0.811,-0.112,0.801,0.621,0.163,-0.294,-0.278,-0.336,0.277,-0.072,-0.673,0.395,0.633,0.624,0.156,0.747,-0.095,0.379,0.667,-0.897,0.813,0.344,0.168,0.66,0.82,0.061,-0.368,0.859,0.174,0.008,0.035,-0.85,-0.804,0.238,1.0,0.644,-0.573,0.941,0.97,0.074,0.638,-0.156,-0.694,-0.558,-0.396,0.595,0.868,0.802,-0.677,0.936,0.767,0.857,0.589,0.866,0.799,0.67,0.762,0.875,-0.177,0.696,0.797,-0.807,-0.385,0.266,0.811,0.512,0.767,0.344,-0.699,0.382,0.62,-0.261,0.875,0.776,-0.498,0.59,0.552,-0.22,0.839,0.652,-0.655,0.8,0.548,-0.635,-0.79,-0.26,-0.641,-0.299,0.165,0.104,0.612,0.842,0.471,0.647,-0.124,0.324,0.077,0.869,0.723,0.745,0.896,0.954,0.746,0.306,0.839,0.791,0.972,0.68,0.901,0.775,0.83,0.795,0.749,0.884,0.358,0.379,0.775,0.679,0.769,0.828,0.954,0.842,-0.013,0.757,0.266,0.801,0.653,0.805,0.897,0.546,0.645,-0.355,0.676,0.948,0.547,-0.823,0.549,-0.534,-0.249,0.754,0.767,-0.083,0.825,0.884,0.552,0.909,-0.507,0.867,0.964,0.875,0.814,-0.883,0.368,-0.513,-0.071,-0.082,-0.665,0.613,0.772,0.85,0.751,0.668,-0.068,0.804,0.269,0.095,-0.485,0.762,0.736
600010SS,0.267,-0.628,0.881,0.867,-0.07,0.877,-0.526,-0.865,-0.656,0.932,0.668,0.444,-0.795,0.914,0.857,0.53,0.899,0.684,0.807,0.824,-0.724,-0.861,-0.852,0.261,-0.387,-0.092,0.258,0.875,0.281,-0.384,0.049,0.575,0.578,0.667,-0.713,0.215,0.891,0.448,-0.544,-0.618,0.124,-0.716,0.395,0.48,0.916,0.946,0.905,-0.484,0.831,-0.194,0.554,0.856,0.575,0.303,-0.813,-0.12,-0.345,-0.329,-0.42,-0.212,0.896,0.695,0.628,0.801,-0.504,0.188,0.892,-0.709,0.872,-0.199,0.065,0.551,0.898,0.314,-0.859,0.473,-0.263,-0.188,-0.261,-0.345,-0.806,0.482,0.644,1.0,-0.293,0.523,0.701,0.595,0.933,0.205,-0.426,-0.77,-0.168,-0.005,0.783,0.126,-0.772,0.681,0.89,0.63,0.885,0.802,0.935,0.088,0.816,0.817,0.152,0.879,0.923,-0.636,-0.839,0.43,0.702,0.788,0.813,0.453,-0.34,0.602,0.87,-0.815,0.509,0.789,-0.916,0.103,0.81,-0.491,0.401,0.406,-0.327,0.245,0.913,-0.212,-0.801,0.394,-0.471,-0.788,-0.338,0.634,0.344,0.263,0.579,0.052,-0.726,0.694,0.303,0.741,0.93,0.436,0.31,0.496,0.944,0.662,0.21,0.795,0.655,-0.007,0.389,0.2,0.243,0.841,0.955,0.286,0.811,-0.351,0.873,0.951,0.083,0.668,0.626,0.905,0.589,0.91,-0.46,0.872,0.839,0.895,0.861,-0.003,0.939,-0.653,0.092,0.464,0.01,-0.685,0.879,0.001,0.352,0.881,0.938,-0.689,0.62,0.845,0.906,0.545,-0.095,0.386,0.667,0.683,0.442,-0.523,0.808,-0.877,-0.652,0.138,-0.102,0.888,0.642,0.64,0.799,0.835,-0.612,0.912,0.753,-0.22,-0.617,0.755,0.725
600011SS,-0.743,0.28,-0.527,-0.391,-0.097,-0.26,0.664,0.34,0.177,-0.335,-0.578,-0.366,0.162,-0.583,-0.637,0.177,-0.288,-0.401,-0.483,-0.502,0.16,0.598,0.514,0.203,-0.19,0.682,0.394,-0.534,-0.361,-0.011,0.674,-0.264,-0.13,0.193,0.484,-0.114,-0.208,-0.436,-0.437,0.27,0.524,-0.156,-0.32,-0.31,-0.508,-0.395,-0.527,0.396,-0.676,0.105,-0.553,-0.646,-0.393,0.127,0.22,0.813,-0.169,0.492,0.872,-0.228,-0.265,-0.237,0.3,-0.239,0.41,-0.049,-0.318,0.539,-0.445,-0.001,0.217,-0.65,-0.445,-0.293,0.296,-0.456,0.285,0.268,-0.034,0.524,0.651,0.36,-0.573,-0.293,1.0,-0.522,-0.537,0.058,-0.453,0.504,0.726,0.465,0.37,-0.37,-0.469,-0.582,0.542,-0.554,-0.377,-0.454,-0.15,-0.561,-0.535,-0.294,-0.362,-0.496,-0.21,-0.327,-0.52,0.797,0.366,-0.45,-0.289,-0.594,-0.601,0.255,0.579,-0.266,-0.529,0.107,-0.451,-0.652,0.399,-0.133,-0.493,0.442,-0.458,-0.582,0.757,-0.455,-0.082,0.826,0.52,0.58,0.869,0.362,0.02,-0.262,-0.125,-0.674,-0.11,-0.441,0.027,0.218,-0.052,-0.446,-0.395,-0.156,-0.593,-0.57,-0.353,-0.304,-0.54,-0.554,-0.586,-0.408,-0.597,-0.526,-0.449,-0.637,-0.372,-0.597,-0.275,-0.264,-0.298,-0.363,-0.575,-0.712,-0.656,-0.349,0.453,-0.289,-0.243,-0.369,-0.522,-0.352,-0.498,-0.592,-0.28,0.322,-0.436,-0.562,-0.555,0.554,-0.192,0.477,0.508,-0.273,-0.317,0.119,-0.68,-0.422,-0.329,-0.641,0.66,-0.372,-0.657,-0.342,-0.265,0.653,-0.31,0.477,0.21,0.624,0.248,-0.223,-0.683,-0.42,-0.261,-0.59,0.216,-0.402,0.207,0.244,0.562,-0.324,-0.106
600015SS,0.824,0.117,0.691,0.487,0.619,0.574,-0.664,-0.198,0.082,0.586,0.88,0.858,-0.014,0.676,0.726,-0.084,0.443,0.873,0.773,0.304,0.072,-0.562,-0.352,0.244,0.449,-0.006,0.298,0.395,0.781,0.398,-0.583,0.752,0.379,0.16,-0.093,0.2,0.556,0.852,0.191,0.029,-0.549,-0.061,0.876,0.64,0.62,0.617,0.643,0.166,0.707,0.124,0.801,0.487,0.047,-0.466,-0.089,-0.232,0.459,0.037,-0.616,0.525,0.48,0.518,-0.037,0.627,0.025,0.411,0.512,-0.844,0.746,0.521,0.176,0.67,0.705,0.027,-0.176,0.894,0.226,0.025,0.085,-0.915,-0.688,0.108,0.941,0.523,-0.522,1.0,0.92,-0.033,0.462,-0.19,-0.679,-0.449,-0.345,0.754,0.786,0.822,-0.54,0.929,0.635,0.831,0.435,0.796,0.68,0.818,0.675,0.806,-0.258,0.535,0.646,-0.7,-0.169,0.119,0.809,0.377,0.657,0.384,-0.747,0.348,0.472,-0.07,0.873,0.674,-0.34,0.636,0.418,-0.025,0.825,0.709,-0.686,0.864,0.433,-0.556,-0.667,-0.323,-0.589,-0.088,0.23,-0.055,0.66,0.895,0.352,0.736,0.041,0.155,0.048,0.771,0.573,0.824,0.907,0.973,0.623,0.213,0.913,0.694,0.926,0.797,0.959,0.87,0.917,0.655,0.613,0.922,0.193,0.562,0.714,0.531,0.844,0.769,0.895,0.741,-0.123,0.6,0.454,0.694,0.513,0.7,0.783,0.657,0.498,-0.227,0.815,0.958,0.591,-0.728,0.424,-0.596,-0.347,0.608,0.641,0.061,0.78,0.8,0.417,0.898,-0.484,0.9,0.91,0.854,0.804,-0.882,0.187,-0.325,0.112,-0.143,-0.708,0.509,0.64,0.774,0.63,0.547,0.074,0.73,0.172,0.223,-0.378,0.659,0.656
600016SS,0.728,-0.122,0.855,0.623,0.576,0.795,-0.762,-0.411,-0.069,0.705,0.95,0.903,-0.259,0.834,0.875,-0.015,0.593,0.957,0.885,0.451,-0.128,-0.746,-0.541,0.181,0.199,-0.047,0.219,0.607,0.759,0.18,-0.504,0.839,0.504,0.379,-0.323,0.068,0.758,0.887,-0.042,-0.074,-0.48,-0.277,0.762,0.746,0.791,0.764,0.8,-0.054,0.796,-0.137,0.842,0.626,0.106,-0.31,-0.302,-0.289,0.25,0.006,-0.686,0.41,0.634,0.575,0.247,0.821,-0.101,0.477,0.719,-0.947,0.874,0.335,0.205,0.587,0.87,0.023,-0.404,0.895,0.22,-0.086,0.012,-0.857,-0.819,0.326,0.97,0.701,-0.537,0.92,1.0,0.072,0.653,-0.156,-0.694,-0.623,-0.488,0.57,0.937,0.723,-0.755,0.96,0.809,0.918,0.673,0.901,0.819,0.655,0.847,0.923,-0.265,0.74,0.817,-0.832,-0.428,0.18,0.844,0.489,0.732,0.321,-0.697,0.308,0.611,-0.314,0.902,0.743,-0.544,0.623,0.534,-0.205,0.867,0.656,-0.656,0.767,0.621,-0.62,-0.857,-0.203,-0.623,-0.325,0.042,0.109,0.545,0.798,0.56,0.663,-0.159,0.402,0.017,0.935,0.795,0.749,0.848,0.935,0.782,0.282,0.805,0.84,0.977,0.652,0.878,0.706,0.817,0.793,0.789,0.851,0.352,0.313,0.808,0.703,0.697,0.84,0.954,0.886,0.022,0.761,0.216,0.869,0.62,0.875,0.921,0.526,0.681,-0.442,0.644,0.931,0.422,-0.891,0.602,-0.577,-0.179,0.811,0.811,-0.144,0.758,0.926,0.552,0.862,-0.539,0.824,0.943,0.909,0.848,-0.87,0.364,-0.54,-0.084,0.004,-0.707,0.675,0.783,0.91,0.778,0.637,-0.056,0.853,0.347,0.136,-0.484,0.85,0.801
600018SS,-0.151,-0.629,0.404,0.571,-0.507,0.334,0.001,-0.662,-0.662,0.641,-0.021,-0.163,-0.741,0.427,0.353,0.683,0.663,0.061,0.213,0.669,-0.732,-0.353,-0.555,0.249,-0.63,-0.009,0.243,0.54,-0.408,-0.531,0.521,-0.085,0.094,0.328,-0.539,0.544,0.475,-0.17,-0.585,-0.643,0.505,-0.432,-0.147,-0.173,0.427,0.515,0.454,-0.423,0.453,-0.102,-0.087,0.539,0.663,0.674,-0.664,0.13,-0.588,-0.392,0.197,-0.545,0.617,0.652,0.404,0.28,-0.556,-0.222,0.372,-0.006,0.298,-0.461,0.143,0.32,0.353,0.465,-0.618,-0.121,-0.501,0.011,-0.192,0.259,-0.376,0.313,0.074,0.595,0.058,-0.033,0.072,1.0,0.593,0.621,0.231,-0.224,0.468,-0.335,0.149,-0.336,-0.253,0.074,0.413,-0.078,0.43,0.219,0.447,-0.326,0.256,0.219,0.464,0.375,0.465,-0.028,-0.577,0.58,0.137,0.633,0.461,0.387,0.204,0.623,0.664,-0.647,-0.189,0.431,-0.647,-0.331,0.577,-0.427,-0.26,-0.189,0.289,-0.359,0.553,0.327,-0.262,0.677,0.022,-0.632,-0.24,0.766,0.168,-0.298,0.021,-0.428,-0.68,0.458,0.522,0.049,0.462,0.047,-0.254,-0.062,0.524,0.635,-0.281,0.13,0.071,-0.424,-0.153,-0.134,-0.304,0.454,0.514,-0.226,0.743,-0.549,0.386,0.592,-0.319,0.048,0.06,0.399,0.692,0.537,-0.686,0.319,0.591,0.383,0.303,-0.478,0.603,-0.169,-0.258,-0.071,-0.247,0.031,0.418,0.6,0.422,0.416,0.495,-0.61,0.216,0.307,0.609,0.136,0.476,-0.055,0.122,0.081,-0.15,0.059,0.664,-0.604,-0.727,0.123,0.458,0.42,0.098,-0.041,0.403,0.495,-0.659,0.425,0.575,-0.504,-0.258,0.091,0.208
600019SS,0.35,-0.718,0.891,0.94,-0.175,0.786,-0.509,-0.904,-0.685,0.929,0.609,0.359,-0.857,0.944,0.876,0.59,0.946,0.623,0.818,0.936,-0.76,-0.905,-0.906,0.103,-0.466,-0.269,0.101,0.915,0.16,-0.437,-0.003,0.404,0.479,0.531,-0.82,0.302,0.797,0.373,-0.446,-0.723,0.117,-0.592,0.283,0.389,0.914,0.939,0.928,-0.641,0.881,-0.313,0.485,0.918,0.727,0.388,-0.882,-0.321,-0.44,-0.562,-0.488,-0.331,0.924,0.71,0.566,0.721,-0.618,0.007,0.879,-0.644,0.81,-0.326,-0.046,0.583,0.864,0.371,-0.905,0.385,-0.381,-0.123,-0.294,-0.268,-0.843,0.37,0.638,0.933,-0.453,0.462,0.653,0.593,1.0,0.169,-0.486,-0.772,-0.101,-0.076,0.709,0.174,-0.762,0.619,0.854,0.548,0.796,0.787,0.938,-0.006,0.728,0.763,0.359,0.884,0.953,-0.671,-0.903,0.591,0.624,0.904,0.9,0.383,-0.328,0.69,0.94,-0.841,0.431,0.881,-0.925,-0.035,0.909,-0.654,0.35,0.383,-0.352,0.187,0.847,-0.342,-0.77,0.278,-0.575,-0.882,-0.281,0.726,0.343,0.265,0.47,-0.016,-0.776,0.602,0.404,0.685,0.913,0.307,0.317,0.463,0.929,0.736,0.17,0.761,0.632,-0.069,0.347,0.193,0.183,0.882,0.943,0.272,0.897,-0.372,0.828,0.961,0.111,0.673,0.635,0.86,0.509,0.904,-0.507,0.825,0.94,0.822,0.844,-0.016,0.94,-0.614,0.061,0.431,0.154,-0.637,0.823,0.047,0.247,0.816,0.903,-0.712,0.727,0.785,0.934,0.576,-0.09,0.326,0.691,0.603,0.336,-0.532,0.906,-0.948,-0.74,-0.0,-0.003,0.801,0.696,0.564,0.761,0.931,-0.721,0.856,0.67,-0.349,-0.726,0.661,0.61
600023SS,-0.388,-0.146,0.022,0.24,-0.265,0.044,0.255,-0.201,-0.256,0.283,-0.298,-0.204,-0.376,0.013,-0.068,0.589,0.325,-0.078,-0.071,0.205,-0.329,0.082,-0.077,0.431,-0.485,0.357,0.587,0.014,-0.433,-0.269,0.678,-0.188,-0.173,0.215,-0.077,0.499,0.172,-0.296,-0.631,-0.289,0.495,-0.329,-0.097,-0.302,-0.005,0.102,0.077,-0.079,-0.012,-0.04,-0.398,-0.03,0.21,0.423,-0.289,0.455,-0.43,-0.044,0.647,-0.417,0.342,0.458,0.356,-0.038,-0.149,-0.26,0.002,0.29,0.011,-0.27,0.099,-0.084,-0.017,-0.067,-0.193,-0.176,-0.16,0.308,-0.317,0.365,0.088,0.295,-0.156,0.205,0.504,-0.19,-0.156,0.621,0.169,1.0,0.626,0.169,0.598,-0.247,-0.152,-0.382,0.197,-0.126,0.048,-0.263,0.184,-0.077,0.05,-0.171,0.048,-0.11,0.237,0.047,0.114,0.417,-0.162,0.127,-0.001,0.062,0.088,0.551,0.37,0.282,0.213,-0.332,-0.262,0.053,-0.186,-0.33,0.161,-0.119,-0.369,-0.508,0.73,-0.384,0.298,0.678,0.066,0.818,0.582,-0.175,0.188,0.353,0.362,-0.411,-0.246,-0.413,-0.412,0.335,0.599,-0.174,0.149,0.018,-0.396,-0.23,0.252,0.256,-0.356,-0.274,-0.133,-0.439,-0.332,-0.234,-0.351,-0.055,0.202,-0.316,0.441,-0.449,0.12,0.28,-0.421,-0.361,-0.206,0.185,0.741,0.211,-0.479,0.069,0.215,0.124,-0.04,-0.573,0.345,0.133,-0.17,-0.213,-0.311,0.263,0.11,0.588,0.296,0.105,0.193,-0.269,-0.065,0.079,0.206,-0.04,0.839,-0.08,-0.183,-0.043,-0.225,0.344,0.231,-0.111,-0.305,0.464,0.348,0.063,-0.345,-0.291,0.185,0.041,-0.324,0.166,0.469,-0.298,-0.007,-0.196,0.097
600025SS,-0.682,0.198,-0.544,-0.411,-0.294,-0.503,0.588,0.334,0.068,-0.428,-0.778,-0.568,0.123,-0.644,-0.681,0.11,-0.352,-0.623,-0.675,-0.39,0.069,0.655,0.445,0.156,-0.299,0.405,0.24,-0.49,-0.648,-0.154,0.684,-0.552,-0.465,-0.103,0.305,0.101,-0.401,-0.596,-0.317,0.191,0.464,0.107,-0.59,-0.57,-0.6,-0.568,-0.559,0.174,-0.646,-0.054,-0.748,-0.561,-0.193,0.353,0.264,0.543,-0.179,0.289,0.878,-0.267,-0.39,-0.125,0.004,-0.525,0.146,-0.304,-0.565,0.783,-0.652,-0.198,0.163,-0.579,-0.65,-0.102,0.334,-0.625,-0.028,0.266,0.023,0.691,0.685,0.068,-0.694,-0.426,0.726,-0.679,-0.694,0.231,-0.486,0.626,1.0,0.698,0.562,-0.391,-0.633,-0.612,0.685,-0.673,-0.498,-0.736,-0.322,-0.708,-0.594,-0.421,-0.548,-0.682,0.064,-0.596,-0.556,0.807,0.338,-0.1,-0.632,-0.462,-0.549,0.02,0.778,-0.253,-0.404,0.205,-0.668,-0.578,0.363,-0.336,-0.412,0.236,-0.704,-0.859,0.923,-0.666,-0.332,0.817,0.59,0.566,0.889,0.3,0.173,0.002,-0.142,-0.713,-0.458,-0.516,0.131,-0.031,0.181,-0.687,-0.506,-0.375,-0.698,-0.684,-0.449,-0.198,-0.603,-0.772,-0.68,-0.504,-0.693,-0.52,-0.658,-0.606,-0.474,-0.634,-0.174,-0.342,-0.59,-0.427,-0.638,-0.809,-0.693,-0.512,0.311,-0.429,-0.269,-0.591,-0.464,-0.493,-0.644,-0.647,-0.342,0.452,-0.435,-0.644,-0.57,0.706,-0.426,0.646,0.25,-0.436,-0.459,0.143,-0.658,-0.566,-0.451,-0.609,0.719,-0.494,-0.726,-0.63,-0.58,0.829,-0.348,0.433,0.026,0.356,0.463,-0.473,-0.733,-0.713,-0.399,-0.577,0.12,-0.515,-0.057,-0.16,0.56,-0.637,-0.38
600026SS,-0.248,0.631,-0.706,-0.662,0.034,-0.832,0.59,0.777,0.597,-0.663,-0.719,-0.386,0.629,-0.812,-0.815,-0.203,-0.673,-0.614,-0.729,-0.662,0.592,0.852,0.778,-0.152,0.14,0.364,-0.022,-0.829,-0.442,0.224,0.123,-0.62,-0.638,-0.576,0.656,0.118,-0.762,-0.364,0.234,0.587,0.071,0.694,-0.448,-0.433,-0.798,-0.788,-0.721,0.535,-0.702,0.048,-0.656,-0.762,-0.475,-0.143,0.729,0.268,0.273,0.326,0.703,0.13,-0.738,-0.302,-0.554,-0.71,0.538,-0.358,-0.832,0.728,-0.854,0.143,0.184,-0.517,-0.831,-0.247,0.77,-0.459,0.242,0.453,0.364,0.395,0.683,-0.164,-0.558,-0.77,0.465,-0.449,-0.623,-0.224,-0.772,0.169,0.698,1.0,0.436,-0.037,-0.732,-0.134,0.833,-0.636,-0.76,-0.685,-0.767,-0.809,-0.792,-0.102,-0.803,-0.781,-0.077,-0.868,-0.784,0.737,0.715,-0.179,-0.678,-0.628,-0.607,-0.23,0.414,-0.349,-0.713,0.694,-0.518,-0.601,0.77,-0.12,-0.684,0.348,-0.487,-0.679,0.551,-0.329,-0.73,0.431,0.717,-0.07,0.687,0.711,0.435,-0.439,-0.107,-0.35,-0.585,-0.223,0.662,-0.547,0.034,-0.708,-0.814,-0.31,-0.318,-0.45,-0.764,-0.438,-0.182,-0.889,-0.591,-0.031,-0.392,-0.062,-0.286,-0.699,-0.782,-0.285,-0.595,0.28,-0.767,-0.78,-0.144,-0.756,-0.521,-0.726,-0.262,-0.682,0.286,-0.824,-0.646,-0.763,-0.78,-0.291,-0.712,0.845,-0.07,-0.364,-0.104,0.765,-0.773,0.378,-0.211,-0.744,-0.726,0.624,-0.512,-0.742,-0.802,-0.388,0.372,-0.31,-0.557,-0.694,-0.4,0.527,-0.711,0.809,0.474,-0.02,0.152,-0.85,-0.627,-0.644,-0.59,-0.715,0.576,-0.762,-0.513,0.021,0.814,-0.756,-0.588
600028SS,-0.301,0.026,-0.319,-0.05,-0.51,-0.417,0.536,0.03,-0.162,0.039,-0.563,-0.544,-0.096,-0.284,-0.373,0.487,0.04,-0.479,-0.362,0.066,-0.178,0.321,0.102,0.059,-0.235,0.182,0.314,-0.213,-0.65,-0.202,0.55,-0.574,-0.344,-0.172,0.077,0.462,-0.302,-0.544,-0.171,-0.242,0.479,0.125,-0.336,-0.65,-0.293,-0.171,-0.256,-0.021,-0.177,0.19,-0.545,-0.115,0.335,0.355,-0.061,0.353,-0.219,-0.241,0.654,-0.444,-0.033,0.154,-0.143,-0.427,-0.174,-0.558,-0.337,0.6,-0.384,-0.244,-0.008,-0.061,-0.376,0.248,0.05,-0.489,-0.275,0.326,-0.043,0.531,0.304,-0.162,-0.396,-0.168,0.37,-0.345,-0.488,0.468,-0.101,0.598,0.562,0.436,1.0,-0.24,-0.529,-0.385,0.535,-0.406,-0.27,-0.595,-0.3,-0.404,-0.259,-0.291,-0.449,-0.431,0.571,-0.325,-0.254,0.595,0.14,0.257,-0.339,0.074,-0.083,0.303,0.443,0.411,0.01,-0.013,-0.6,-0.096,0.08,-0.543,0.025,-0.003,-0.632,-0.423,0.589,-0.485,-0.087,0.626,0.41,0.417,0.47,0.026,0.166,0.295,0.195,-0.463,-0.568,-0.533,-0.106,-0.129,0.597,-0.581,-0.291,-0.184,-0.45,-0.41,-0.151,0.369,-0.411,-0.516,-0.438,-0.385,-0.412,-0.197,-0.434,-0.255,-0.193,-0.452,0.185,-0.16,-0.2,-0.127,-0.361,-0.483,-0.418,-0.252,0.287,-0.142,-0.276,-0.382,0.028,-0.332,-0.388,-0.416,-0.073,0.549,-0.217,-0.403,-0.119,0.736,-0.243,0.718,0.148,-0.32,-0.223,-0.129,-0.116,-0.383,-0.043,-0.231,0.764,-0.28,-0.374,-0.418,-0.538,0.42,0.079,0.105,-0.216,-0.072,0.592,-0.275,-0.5,-0.636,-0.21,-0.064,-0.228,-0.24,0.039,-0.339,0.162,-0.593,-0.385
600029SS,0.633,0.533,0.195,-0.015,0.729,0.14,-0.454,0.304,0.443,0.081,0.595,0.668,0.485,0.188,0.293,-0.479,-0.063,0.557,0.306,-0.21,0.494,-0.088,0.116,0.316,0.804,0.096,0.332,-0.069,0.746,0.699,-0.618,0.574,0.128,-0.192,0.332,0.037,0.097,0.646,0.516,0.422,-0.724,0.271,0.766,0.366,0.119,0.081,0.13,0.466,0.256,0.387,0.617,0.028,-0.312,-0.67,0.417,-0.094,0.77,0.332,-0.402,0.816,-0.019,0.135,-0.435,0.196,0.276,0.397,-0.024,-0.482,0.337,0.765,0.118,0.415,0.227,-0.126,0.331,0.74,0.363,0.011,0.24,-0.82,-0.19,-0.237,0.595,-0.005,-0.37,0.754,0.57,-0.335,-0.076,-0.247,-0.391,-0.037,-0.24,1.0,0.407,0.711,-0.104,0.668,0.169,0.555,-0.009,0.445,0.198,0.96,0.292,0.426,-0.419,0.016,0.142,-0.344,0.366,-0.149,0.488,-0.087,0.19,0.216,-0.559,0.008,0.032,0.452,0.654,0.226,0.162,0.681,-0.029,0.403,0.669,0.562,-0.497,0.808,-0.044,-0.394,-0.238,-0.486,-0.313,0.409,0.416,-0.411,0.572,0.805,-0.002,0.881,0.503,-0.22,-0.115,0.352,0.115,0.666,0.742,0.745,0.155,-0.154,0.861,0.3,0.619,0.875,0.835,0.794,0.843,0.151,0.128,0.801,-0.288,0.784,0.267,0.024,0.803,0.462,0.57,0.296,-0.472,0.074,0.82,0.256,0.012,0.286,0.333,0.768,0.017,0.119,0.899,0.735,0.513,-0.387,-0.076,-0.69,-0.579,0.163,0.147,0.489,0.409,0.385,-0.105,0.613,-0.435,0.752,0.521,0.574,0.585,-0.562,-0.314,0.173,0.546,-0.177,-0.704,0.072,0.227,0.406,0.202,0.049,0.425,0.296,-0.29,0.357,-0.094,0.266,0.275
600031SS,0.531,-0.292,0.901,0.645,0.47,0.919,-0.754,-0.547,-0.248,0.719,0.925,0.821,-0.398,0.853,0.9,0.012,0.636,0.911,0.877,0.489,-0.292,-0.795,-0.63,0.223,0.082,-0.02,0.213,0.743,0.711,0.039,-0.349,0.869,0.605,0.579,-0.44,-0.095,0.855,0.802,-0.164,-0.161,-0.366,-0.454,0.65,0.681,0.823,0.81,0.794,-0.169,0.746,-0.216,0.826,0.68,0.16,-0.175,-0.422,-0.2,0.11,0.047,-0.674,0.274,0.675,0.52,0.438,0.916,-0.244,0.543,0.812,-0.927,0.904,0.196,0.254,0.484,0.908,0.127,-0.524,0.78,0.167,-0.25,-0.045,-0.736,-0.786,0.428,0.868,0.783,-0.469,0.786,0.937,0.149,0.709,-0.152,-0.633,-0.732,-0.529,0.407,1.0,0.506,-0.842,0.905,0.901,0.898,0.808,0.894,0.84,0.476,0.901,0.947,-0.271,0.815,0.843,-0.823,-0.528,0.193,0.813,0.514,0.675,0.311,-0.515,0.273,0.659,-0.45,0.814,0.681,-0.666,0.59,0.587,-0.174,0.799,0.592,-0.597,0.619,0.741,-0.528,-0.879,-0.071,-0.597,-0.442,-0.18,0.247,0.399,0.631,0.65,0.56,-0.289,0.596,-0.079,0.93,0.866,0.69,0.697,0.819,0.833,0.322,0.626,0.894,0.888,0.501,0.742,0.481,0.669,0.803,0.848,0.693,0.417,0.112,0.821,0.755,0.5,0.811,0.858,0.893,0.133,0.798,0.033,0.915,0.593,0.935,0.939,0.412,0.75,-0.59,0.472,0.78,0.191,-0.912,0.688,-0.525,-0.004,0.904,0.861,-0.298,0.634,0.927,0.62,0.678,-0.531,0.686,0.839,0.883,0.773,-0.739,0.438,-0.656,-0.222,0.105,-0.619,0.798,0.753,0.901,0.818,0.635,-0.164,0.885,0.488,0.124,-0.516,0.936,0.861
600036SS,0.916,0.371,0.425,0.226,0.687,0.209,-0.538,0.125,0.395,0.229,0.65,0.771,0.26,0.408,0.443,-0.31,0.14,0.664,0.539,0.068,0.367,-0.324,-0.099,-0.141,0.507,-0.146,0.002,0.087,0.662,0.462,-0.767,0.477,0.057,-0.198,0.068,0.138,0.189,0.792,0.445,0.275,-0.702,0.362,0.635,0.567,0.319,0.257,0.396,0.218,0.487,-0.008,0.588,0.23,-0.142,-0.587,0.201,-0.462,0.604,0.023,-0.583,0.613,0.155,0.321,-0.299,0.322,0.212,0.232,0.197,-0.64,0.386,0.517,0.084,0.52,0.375,-0.157,0.106,0.726,0.322,0.206,0.226,-0.821,-0.496,-0.09,0.802,0.126,-0.582,0.822,0.723,-0.336,0.174,-0.382,-0.612,-0.134,-0.385,0.711,0.506,1.0,-0.268,0.68,0.303,0.605,0.078,0.504,0.37,0.745,0.345,0.493,-0.231,0.239,0.369,-0.601,0.037,0.134,0.485,0.152,0.462,0.046,-0.731,0.112,0.177,0.226,0.725,0.49,-0.0,0.592,0.163,-0.082,0.741,0.538,-0.64,0.82,0.007,-0.703,-0.432,-0.647,-0.513,0.133,0.49,-0.295,0.503,0.919,0.163,0.698,0.372,-0.183,-0.026,0.575,0.233,0.566,0.947,0.84,0.254,-0.018,0.917,0.429,0.772,0.827,0.85,0.885,0.849,0.438,0.258,0.922,-0.079,0.717,0.333,0.185,0.919,0.601,0.798,0.404,-0.448,0.309,0.643,0.358,0.287,0.338,0.506,0.694,0.137,0.001,0.751,0.889,0.778,-0.561,0.082,-0.625,-0.618,0.276,0.288,0.355,0.669,0.484,0.076,0.825,-0.594,0.796,0.793,0.547,0.69,-0.805,-0.075,-0.046,0.319,-0.308,-0.727,0.09,0.55,0.612,0.348,0.32,0.336,0.35,-0.248,0.231,-0.194,0.383,0.343
600048SS,-0.367,0.643,-0.799,-0.625,-0.181,-0.858,0.688,0.686,0.375,-0.701,-0.784,-0.565,0.559,-0.845,-0.888,-0.099,-0.628,-0.696,-0.75,-0.623,0.463,0.809,0.687,-0.107,0.155,0.235,0.092,-0.819,-0.472,0.157,0.277,-0.657,-0.603,-0.502,0.586,0.105,-0.794,-0.521,0.212,0.371,0.21,0.537,-0.443,-0.565,-0.818,-0.813,-0.764,0.375,-0.761,0.231,-0.685,-0.736,-0.309,-0.064,0.579,0.355,0.233,0.189,0.708,-0.054,-0.699,-0.413,-0.454,-0.824,0.368,-0.456,-0.811,0.802,-0.846,0.069,-0.118,-0.463,-0.884,-0.217,0.641,-0.608,0.052,0.435,0.15,0.5,0.837,-0.388,-0.677,-0.772,0.542,-0.54,-0.755,-0.253,-0.762,0.197,0.685,0.833,0.535,-0.104,-0.842,-0.268,1.0,-0.704,-0.806,-0.764,-0.724,-0.817,-0.8,-0.159,-0.829,-0.847,0.107,-0.829,-0.807,0.846,0.679,-0.205,-0.665,-0.629,-0.612,-0.054,0.489,-0.234,-0.695,0.601,-0.603,-0.626,0.73,-0.302,-0.557,0.39,-0.621,-0.563,0.591,-0.399,-0.701,0.571,0.842,0.046,0.7,0.625,0.408,-0.392,-0.06,-0.41,-0.656,-0.347,0.508,-0.533,0.122,-0.827,-0.854,-0.388,-0.426,-0.591,-0.759,-0.34,-0.362,-0.847,-0.703,-0.234,-0.505,-0.224,-0.421,-0.829,-0.78,-0.448,-0.496,0.116,-0.741,-0.745,-0.296,-0.724,-0.693,-0.764,-0.161,-0.715,0.195,-0.857,-0.63,-0.827,-0.833,-0.254,-0.708,0.645,-0.207,-0.541,-0.063,0.809,-0.655,0.413,-0.106,-0.801,-0.773,0.484,-0.509,-0.813,-0.662,-0.52,0.52,-0.399,-0.686,-0.703,-0.557,0.628,-0.586,0.742,0.386,-0.033,0.344,-0.747,-0.782,-0.788,-0.706,-0.635,0.373,-0.786,-0.511,0.077,0.577,-0.857,-0.665
600050SS,0.701,-0.093,0.802,0.594,0.541,0.765,-0.768,-0.407,-0.117,0.691,0.953,0.859,-0.217,0.815,0.856,-0.055,0.571,0.926,0.843,0.43,-0.138,-0.726,-0.537,0.28,0.31,-0.065,0.327,0.599,0.778,0.244,-0.476,0.864,0.508,0.338,-0.296,0.073,0.719,0.832,0.026,-0.105,-0.52,-0.299,0.83,0.656,0.758,0.727,0.753,-0.056,0.788,0.028,0.866,0.639,0.137,-0.319,-0.275,-0.251,0.305,0.012,-0.689,0.453,0.61,0.545,0.167,0.748,-0.159,0.491,0.648,-0.909,0.879,0.364,0.131,0.66,0.83,0.071,-0.373,0.893,0.129,-0.179,-0.017,-0.878,-0.757,0.168,0.936,0.681,-0.554,0.929,0.96,0.074,0.619,-0.126,-0.673,-0.636,-0.406,0.668,0.905,0.68,-0.704,1.0,0.787,0.906,0.645,0.914,0.808,0.722,0.842,0.918,-0.236,0.683,0.788,-0.792,-0.361,0.171,0.849,0.481,0.71,0.393,-0.681,0.334,0.635,-0.263,0.883,0.726,-0.539,0.604,0.54,-0.117,0.837,0.71,-0.65,0.801,0.597,-0.553,-0.809,-0.173,-0.622,-0.288,0.051,0.133,0.614,0.818,0.472,0.707,-0.14,0.351,0.062,0.86,0.773,0.782,0.818,0.931,0.781,0.315,0.802,0.838,0.957,0.665,0.901,0.707,0.82,0.749,0.776,0.836,0.344,0.338,0.797,0.692,0.698,0.857,0.913,0.87,-0.001,0.702,0.288,0.845,0.602,0.863,0.889,0.601,0.669,-0.438,0.71,0.901,0.407,-0.85,0.565,-0.613,-0.211,0.777,0.774,-0.144,0.75,0.906,0.549,0.845,-0.498,0.838,0.894,0.917,0.786,-0.834,0.336,-0.524,-0.061,-0.049,-0.665,0.68,0.709,0.831,0.708,0.626,-0.103,0.87,0.289,0.102,-0.548,0.789,0.735
600061SS,0.392,-0.503,0.921,0.803,0.176,0.929,-0.629,-0.751,-0.505,0.847,0.776,0.601,-0.65,0.897,0.895,0.278,0.824,0.792,0.859,0.679,-0.559,-0.845,-0.768,0.22,-0.19,-0.057,0.257,0.859,0.451,-0.173,-0.052,0.696,0.644,0.706,-0.615,0.036,0.901,0.586,-0.357,-0.422,-0.11,-0.586,0.483,0.513,0.886,0.902,0.843,-0.384,0.784,-0.263,0.654,0.805,0.418,0.098,-0.659,-0.151,-0.168,-0.155,-0.528,-0.051,0.834,0.657,0.582,0.884,-0.442,0.353,0.879,-0.786,0.882,-0.076,0.192,0.511,0.901,0.266,-0.723,0.569,-0.056,-0.212,-0.197,-0.492,-0.774,0.458,0.767,0.89,-0.377,0.635,0.809,0.413,0.854,0.048,-0.498,-0.76,-0.27,0.169,0.901,0.303,-0.806,0.787,1.0,0.744,0.886,0.854,0.89,0.237,0.853,0.898,-0.01,0.866,0.912,-0.722,-0.708,0.376,0.742,0.68,0.756,0.409,-0.301,0.457,0.823,-0.67,0.632,0.749,-0.83,0.336,0.753,-0.328,0.581,0.451,-0.418,0.412,0.851,-0.334,-0.831,0.182,-0.515,-0.655,-0.236,0.539,0.397,0.423,0.615,0.285,-0.538,0.753,0.103,0.812,0.913,0.59,0.506,0.667,0.924,0.53,0.392,0.856,0.77,0.23,0.546,0.301,0.441,0.843,0.938,0.476,0.663,-0.141,0.842,0.888,0.287,0.725,0.742,0.909,0.384,0.915,-0.26,0.898,0.724,0.939,0.944,0.187,0.883,-0.619,0.267,0.597,0.102,-0.773,0.806,-0.23,0.205,0.968,0.938,-0.542,0.636,0.907,0.794,0.58,-0.278,0.558,0.743,0.781,0.562,-0.589,0.657,-0.826,-0.497,0.147,-0.321,0.884,0.709,0.737,0.853,0.762,-0.429,0.913,0.65,-0.063,-0.634,0.849,0.834
600085SS,0.594,-0.102,0.723,0.483,0.603,0.799,-0.647,-0.327,-0.005,0.587,0.961,0.875,-0.155,0.748,0.807,-0.132,0.474,0.921,0.836,0.315,-0.028,-0.694,-0.44,0.246,0.296,0.011,0.186,0.528,0.864,0.304,-0.486,0.903,0.697,0.412,-0.206,-0.123,0.745,0.852,0.011,0.002,-0.469,-0.349,0.786,0.793,0.743,0.684,0.695,0.009,0.676,-0.035,0.91,0.52,-0.022,-0.377,-0.24,-0.175,0.271,0.129,-0.687,0.493,0.55,0.395,0.299,0.815,0.027,0.638,0.712,-0.928,0.875,0.42,0.166,0.479,0.844,-0.056,-0.353,0.903,0.274,-0.191,0.06,-0.838,-0.684,0.326,0.857,0.63,-0.454,0.831,0.918,-0.078,0.548,-0.263,-0.736,-0.685,-0.595,0.555,0.898,0.605,-0.764,0.906,0.744,1.0,0.663,0.882,0.736,0.646,0.86,0.929,-0.42,0.733,0.715,-0.789,-0.336,-0.019,0.889,0.351,0.569,0.28,-0.682,0.167,0.485,-0.23,0.917,0.582,-0.433,0.673,0.384,-0.049,0.93,0.741,-0.676,0.8,0.599,-0.612,-0.774,-0.222,-0.608,-0.233,-0.109,-0.025,0.402,0.719,0.706,0.704,-0.135,0.422,-0.148,0.917,0.739,0.694,0.752,0.837,0.693,0.141,0.725,0.877,0.86,0.629,0.815,0.558,0.781,0.683,0.703,0.733,0.205,0.294,0.774,0.599,0.614,0.84,0.836,0.807,-0.032,0.646,0.266,0.844,0.465,0.823,0.855,0.567,0.572,-0.509,0.555,0.815,0.304,-0.876,0.599,-0.7,-0.042,0.764,0.715,-0.08,0.603,0.863,0.481,0.694,-0.607,0.704,0.815,0.922,0.862,-0.774,0.304,-0.447,0.052,0.147,-0.713,0.689,0.761,0.918,0.691,0.503,0.007,0.771,0.33,0.228,-0.462,0.901,0.811
600089SS,0.151,-0.523,0.8,0.727,0.061,0.923,-0.525,-0.77,-0.582,0.761,0.668,0.488,-0.716,0.805,0.773,0.328,0.777,0.692,0.747,0.617,-0.624,-0.812,-0.766,0.259,-0.333,0.007,0.307,0.791,0.355,-0.305,0.156,0.693,0.666,0.814,-0.628,-0.081,0.91,0.462,-0.589,-0.442,0.102,-0.787,0.363,0.529,0.837,0.815,0.78,-0.452,0.647,-0.309,0.564,0.698,0.367,0.247,-0.719,0.017,-0.271,-0.068,-0.375,-0.123,0.79,0.534,0.766,0.831,-0.403,0.382,0.894,-0.694,0.826,-0.134,0.095,0.322,0.843,0.156,-0.788,0.464,-0.075,-0.25,-0.269,-0.332,-0.642,0.543,0.589,0.885,-0.15,0.435,0.673,0.43,0.796,0.184,-0.322,-0.767,-0.3,-0.009,0.808,0.078,-0.724,0.645,0.886,0.663,1.0,0.762,0.818,0.085,0.835,0.796,-0.019,0.853,0.827,-0.577,-0.748,0.228,0.654,0.553,0.613,0.426,-0.176,0.329,0.725,-0.762,0.554,0.592,-0.822,0.221,0.669,-0.334,0.451,0.351,-0.199,0.239,0.88,-0.16,-0.79,0.416,-0.312,-0.695,-0.328,0.508,0.286,0.22,0.715,0.161,-0.639,0.84,0.132,0.764,0.901,0.439,0.284,0.438,0.875,0.487,0.16,0.807,0.608,0.005,0.338,0.041,0.227,0.695,0.891,0.246,0.655,-0.382,0.772,0.854,0.006,0.62,0.55,0.858,0.567,0.838,-0.414,0.86,0.644,0.898,0.823,0.033,0.865,-0.745,0.016,0.399,-0.13,-0.728,0.885,-0.131,0.441,0.92,0.867,-0.64,0.43,0.816,0.774,0.379,-0.147,0.348,0.543,0.707,0.473,-0.391,0.686,-0.801,-0.542,0.353,-0.215,0.915,0.583,0.664,0.78,0.645,-0.478,0.832,0.733,-0.058,-0.589,0.818,0.827
600104SS,0.576,-0.368,0.859,0.758,0.311,0.851,-0.713,-0.62,-0.337,0.797,0.921,0.716,-0.46,0.913,0.935,0.152,0.741,0.879,0.879,0.619,-0.359,-0.848,-0.694,0.293,0.066,-0.18,0.246,0.765,0.664,0.069,-0.32,0.793,0.591,0.469,-0.505,0.089,0.804,0.686,-0.119,-0.358,-0.321,-0.503,0.711,0.6,0.854,0.859,0.836,-0.281,0.85,-0.045,0.829,0.754,0.338,-0.097,-0.533,-0.281,0.014,-0.19,-0.713,0.209,0.787,0.569,0.362,0.803,-0.34,0.389,0.804,-0.887,0.95,0.163,0.0,0.648,0.913,0.154,-0.606,0.777,-0.061,-0.218,-0.191,-0.716,-0.813,0.229,0.866,0.802,-0.561,0.796,0.901,0.219,0.787,-0.077,-0.708,-0.809,-0.404,0.445,0.894,0.504,-0.817,0.914,0.854,0.882,0.762,1.0,0.906,0.512,0.883,0.947,-0.071,0.838,0.886,-0.807,-0.584,0.234,0.878,0.632,0.773,0.405,-0.623,0.449,0.769,-0.496,0.785,0.773,-0.698,0.398,0.702,-0.276,0.752,0.725,-0.615,0.664,0.736,-0.538,-0.829,-0.03,-0.672,-0.526,-0.082,0.313,0.498,0.668,0.544,0.534,-0.425,0.494,0.091,0.858,0.89,0.65,0.661,0.806,0.884,0.414,0.592,0.917,0.89,0.42,0.743,0.502,0.649,0.828,0.882,0.667,0.551,0.069,0.89,0.836,0.511,0.864,0.827,0.915,0.179,0.807,0.02,0.923,0.718,0.914,0.942,0.456,0.808,-0.621,0.499,0.747,0.368,-0.868,0.719,-0.488,-0.037,0.849,0.87,-0.365,0.746,0.933,0.734,0.761,-0.412,0.685,0.842,0.903,0.669,-0.756,0.582,-0.718,-0.275,0.06,-0.446,0.805,0.734,0.796,0.776,0.751,-0.359,0.913,0.464,-0.007,-0.722,0.831,0.762
600111SS,0.527,-0.551,0.936,0.901,0.06,0.836,-0.64,-0.794,-0.548,0.916,0.801,0.573,-0.69,0.978,0.944,0.402,0.895,0.792,0.897,0.833,-0.593,-0.927,-0.86,0.213,-0.216,-0.243,0.162,0.874,0.419,-0.226,-0.188,0.614,0.565,0.497,-0.7,0.263,0.837,0.594,-0.315,-0.562,-0.067,-0.546,0.513,0.572,0.955,0.941,0.964,-0.473,0.933,-0.203,0.696,0.899,0.578,0.186,-0.737,-0.312,-0.174,-0.402,-0.623,-0.036,0.885,0.726,0.451,0.786,-0.467,0.182,0.887,-0.801,0.916,-0.052,0.003,0.677,0.934,0.323,-0.802,0.62,-0.259,-0.138,-0.182,-0.516,-0.88,0.334,0.799,0.935,-0.535,0.68,0.819,0.447,0.938,0.05,-0.594,-0.792,-0.259,0.198,0.84,0.37,-0.8,0.808,0.89,0.736,0.818,0.906,1.0,0.274,0.823,0.892,0.145,0.879,0.97,-0.78,-0.788,0.463,0.767,0.827,0.916,0.403,-0.509,0.622,0.901,-0.688,0.663,0.902,-0.865,0.194,0.855,-0.507,0.562,0.563,-0.516,0.44,0.822,-0.455,-0.841,0.15,-0.659,-0.738,-0.181,0.542,0.445,0.498,0.546,0.254,-0.61,0.548,0.285,0.808,0.927,0.496,0.521,0.666,0.948,0.609,0.422,0.867,0.797,0.186,0.584,0.399,0.423,0.914,0.955,0.499,0.765,-0.162,0.89,0.944,0.314,0.824,0.777,0.93,0.38,0.915,-0.249,0.887,0.89,0.903,0.932,0.215,0.916,-0.637,0.296,0.638,0.27,-0.787,0.843,-0.188,0.136,0.868,0.934,-0.543,0.803,0.898,0.886,0.727,-0.267,0.525,0.819,0.772,0.542,-0.675,0.782,-0.869,-0.551,-0.026,-0.222,0.846,0.782,0.711,0.821,0.909,-0.549,0.924,0.596,-0.21,-0.701,0.772,0.727
600115SS,0.639,0.526,0.269,0.061,0.788,0.237,-0.458,0.265,0.448,0.162,0.653,0.757,0.429,0.251,0.344,-0.386,0.02,0.668,0.419,-0.176,0.482,-0.137,0.095,0.352,0.743,0.164,0.406,-0.055,0.807,0.695,-0.589,0.65,0.197,-0.09,0.331,0.076,0.206,0.726,0.393,0.402,-0.68,0.168,0.839,0.474,0.199,0.172,0.219,0.498,0.297,0.349,0.648,0.025,-0.341,-0.688,0.352,-0.034,0.729,0.354,-0.382,0.788,0.086,0.211,-0.294,0.296,0.339,0.437,0.083,-0.561,0.435,0.771,0.143,0.392,0.324,-0.234,0.269,0.816,0.43,0.114,0.174,-0.858,-0.242,-0.095,0.67,0.088,-0.294,0.818,0.655,-0.326,-0.006,-0.171,-0.421,-0.102,-0.291,0.96,0.476,0.745,-0.159,0.722,0.237,0.646,0.085,0.512,0.274,1.0,0.397,0.501,-0.491,0.134,0.228,-0.363,0.301,-0.229,0.614,-0.097,0.252,0.32,-0.622,0.023,0.051,0.37,0.753,0.271,0.124,0.712,0.002,0.363,0.741,0.577,-0.488,0.857,0.068,-0.384,-0.304,-0.402,-0.284,0.374,0.435,-0.449,0.641,0.819,0.091,0.866,0.415,-0.111,-0.096,0.468,0.199,0.741,0.775,0.795,0.244,-0.166,0.885,0.358,0.687,0.867,0.862,0.806,0.884,0.191,0.217,0.832,-0.226,0.743,0.386,0.118,0.811,0.495,0.617,0.41,-0.346,0.181,0.768,0.365,0.07,0.372,0.417,0.729,0.105,0.052,0.906,0.792,0.525,-0.473,0.039,-0.694,-0.505,0.257,0.254,0.467,0.464,0.49,-0.026,0.67,-0.387,0.821,0.584,0.68,0.697,-0.616,-0.26,0.143,0.546,-0.039,-0.762,0.167,0.272,0.506,0.298,0.096,0.425,0.382,-0.156,0.427,-0.114,0.358,0.414
600161SS,0.366,-0.381,0.807,0.638,0.351,0.924,-0.679,-0.619,-0.342,0.729,0.856,0.718,-0.486,0.841,0.875,0.089,0.663,0.861,0.833,0.532,-0.386,-0.805,-0.662,0.315,-0.019,-0.016,0.261,0.723,0.643,-0.018,-0.181,0.845,0.616,0.602,-0.462,-0.041,0.907,0.672,-0.317,-0.288,-0.278,-0.617,0.649,0.629,0.823,0.791,0.794,-0.257,0.741,-0.097,0.751,0.667,0.19,-0.087,-0.531,-0.138,-0.059,0.004,-0.57,0.163,0.757,0.531,0.553,0.847,-0.289,0.543,0.793,-0.858,0.937,0.091,0.128,0.507,0.913,-0.001,-0.605,0.736,0.078,-0.314,-0.206,-0.632,-0.729,0.396,0.762,0.816,-0.362,0.675,0.847,0.256,0.728,0.048,-0.548,-0.803,-0.449,0.292,0.901,0.345,-0.829,0.842,0.853,0.86,0.835,0.883,0.823,0.397,1.0,0.905,-0.234,0.862,0.855,-0.756,-0.583,0.142,0.836,0.502,0.637,0.373,-0.498,0.268,0.699,-0.548,0.738,0.642,-0.701,0.459,0.571,-0.234,0.714,0.554,-0.431,0.525,0.773,-0.398,-0.861,0.128,-0.497,-0.518,-0.209,0.298,0.354,0.508,0.633,0.441,-0.447,0.641,0.015,0.885,0.894,0.601,0.524,0.687,0.851,0.347,0.467,0.874,0.808,0.321,0.606,0.319,0.533,0.761,0.855,0.541,0.509,-0.071,0.834,0.806,0.34,0.758,0.741,0.901,0.279,0.777,-0.094,0.947,0.623,0.933,0.892,0.309,0.775,-0.678,0.327,0.655,0.093,-0.87,0.711,-0.464,0.102,0.88,0.839,-0.403,0.546,0.933,0.681,0.608,-0.368,0.593,0.732,0.865,0.697,-0.634,0.515,-0.682,-0.286,0.236,-0.493,0.81,0.654,0.834,0.758,0.614,-0.296,0.895,0.525,0.019,-0.628,0.885,0.815
600183SS,0.56,-0.348,0.877,0.701,0.388,0.898,-0.676,-0.574,-0.275,0.791,0.941,0.783,-0.423,0.899,0.932,0.097,0.704,0.913,0.904,0.567,-0.305,-0.827,-0.653,0.29,0.087,-0.062,0.228,0.748,0.699,0.096,-0.326,0.836,0.701,0.525,-0.429,0.041,0.872,0.764,-0.134,-0.252,-0.303,-0.48,0.707,0.681,0.878,0.862,0.841,-0.177,0.828,-0.096,0.865,0.728,0.265,-0.123,-0.481,-0.185,0.073,-0.063,-0.67,0.265,0.754,0.586,0.416,0.898,-0.235,0.526,0.841,-0.915,0.956,0.225,0.186,0.588,0.951,0.175,-0.571,0.817,0.054,-0.202,-0.031,-0.731,-0.804,0.386,0.875,0.817,-0.496,0.806,0.923,0.219,0.763,-0.11,-0.682,-0.781,-0.431,0.426,0.947,0.493,-0.847,0.918,0.898,0.929,0.796,0.947,0.892,0.501,0.905,1.0,-0.191,0.855,0.874,-0.813,-0.543,0.208,0.897,0.598,0.742,0.387,-0.572,0.401,0.733,-0.463,0.826,0.744,-0.671,0.515,0.63,-0.204,0.81,0.687,-0.616,0.654,0.773,-0.533,-0.847,-0.041,-0.649,-0.474,-0.173,0.272,0.455,0.627,0.67,0.549,-0.373,0.562,0.029,0.907,0.882,0.699,0.671,0.815,0.866,0.392,0.622,0.923,0.878,0.475,0.758,0.493,0.669,0.84,0.872,0.659,0.478,0.109,0.893,0.8,0.508,0.859,0.846,0.917,0.171,0.828,0.03,0.934,0.679,0.935,0.957,0.425,0.778,-0.578,0.471,0.767,0.258,-0.862,0.738,-0.495,0.066,0.894,0.873,-0.315,0.711,0.941,0.7,0.725,-0.463,0.673,0.849,0.928,0.764,-0.754,0.54,-0.686,-0.228,0.113,-0.526,0.836,0.8,0.872,0.821,0.707,-0.25,0.902,0.513,0.072,-0.589,0.912,0.848
600188SS,-0.026,-0.438,0.051,0.36,-0.772,-0.178,0.087,-0.457,-0.582,0.256,-0.294,-0.527,-0.511,0.159,0.036,0.591,0.343,-0.344,-0.044,0.579,-0.593,-0.221,-0.442,-0.269,-0.502,-0.463,-0.135,0.289,-0.607,-0.588,0.27,-0.503,-0.264,-0.095,-0.582,0.387,-0.129,-0.46,-0.159,-0.705,0.414,-0.061,-0.383,-0.445,0.107,0.155,0.149,-0.663,0.237,-0.094,-0.324,0.404,0.802,0.566,-0.527,-0.331,-0.477,-0.807,0.047,-0.685,0.239,0.166,-0.035,-0.267,-0.655,-0.714,0.062,0.27,-0.119,-0.62,-0.469,0.26,-0.067,0.451,-0.456,-0.437,-0.687,0.05,-0.336,0.437,-0.137,-0.327,-0.177,0.152,-0.21,-0.258,-0.265,0.464,0.359,0.237,0.064,-0.077,0.571,-0.419,-0.271,-0.231,0.107,-0.236,-0.01,-0.42,-0.019,-0.071,0.145,-0.491,-0.234,-0.191,1.0,0.038,0.16,0.05,-0.446,0.612,-0.279,0.567,0.339,0.025,0.191,0.556,0.408,-0.441,-0.446,0.333,-0.373,-0.761,0.503,-0.628,-0.521,-0.107,0.17,-0.474,0.067,0.109,0.045,0.211,-0.102,-0.559,-0.048,0.666,0.004,-0.221,-0.342,-0.556,-0.448,-0.115,0.681,-0.282,0.063,-0.388,-0.271,-0.298,0.127,0.703,-0.409,-0.085,-0.191,-0.517,-0.311,-0.201,-0.45,0.16,0.127,-0.336,0.588,-0.411,-0.027,0.235,-0.305,-0.053,-0.134,-0.044,0.243,0.098,-0.518,-0.111,0.483,-0.118,-0.074,-0.256,0.224,-0.009,-0.357,-0.295,0.119,0.292,0.114,0.592,0.036,-0.125,0.026,-0.562,0.25,-0.171,0.358,-0.022,0.386,-0.33,-0.057,-0.331,-0.579,0.103,0.541,-0.424,-0.674,-0.413,0.674,-0.018,-0.051,-0.41,-0.085,0.448,-0.679,-0.001,0.073,-0.556,-0.388,-0.351,-0.364
600196SS,0.319,-0.577,0.836,0.803,0.097,0.908,-0.491,-0.772,-0.491,0.838,0.742,0.555,-0.697,0.9,0.873,0.399,0.846,0.779,0.873,0.725,-0.56,-0.878,-0.774,0.144,-0.279,-0.106,0.13,0.814,0.424,-0.228,-0.07,0.629,0.626,0.645,-0.62,0.063,0.905,0.535,-0.41,-0.507,0.017,-0.654,0.453,0.552,0.882,0.912,0.863,-0.424,0.787,-0.235,0.635,0.758,0.451,0.154,-0.764,-0.154,-0.301,-0.279,-0.523,-0.151,0.899,0.582,0.711,0.875,-0.407,0.297,0.931,-0.782,0.896,-0.093,0.051,0.49,0.946,0.161,-0.8,0.532,-0.062,-0.166,-0.246,-0.416,-0.782,0.504,0.696,0.879,-0.327,0.535,0.74,0.375,0.884,0.047,-0.596,-0.868,-0.325,0.016,0.815,0.239,-0.829,0.683,0.866,0.733,0.853,0.838,0.879,0.134,0.862,0.855,0.038,1.0,0.901,-0.704,-0.762,0.313,0.8,0.68,0.742,0.414,-0.429,0.508,0.779,-0.757,0.576,0.722,-0.79,0.231,0.744,-0.416,0.583,0.532,-0.415,0.344,0.877,-0.396,-0.794,0.183,-0.553,-0.723,-0.318,0.435,0.283,0.336,0.658,0.156,-0.684,0.707,0.116,0.827,0.909,0.451,0.417,0.541,0.884,0.511,0.264,0.868,0.692,0.078,0.43,0.173,0.354,0.811,0.899,0.359,0.689,-0.258,0.904,0.888,0.196,0.723,0.647,0.886,0.444,0.902,-0.365,0.922,0.77,0.872,0.888,0.102,0.854,-0.696,0.087,0.501,0.157,-0.765,0.838,-0.209,0.295,0.873,0.884,-0.576,0.618,0.852,0.866,0.527,-0.237,0.419,0.696,0.781,0.593,-0.593,0.788,-0.827,-0.485,0.204,-0.245,0.873,0.694,0.776,0.82,0.782,-0.512,0.839,0.68,-0.053,-0.678,0.853,0.776
600219SS,0.492,-0.567,0.952,0.905,0.079,0.855,-0.658,-0.808,-0.546,0.907,0.766,0.574,-0.724,0.977,0.951,0.4,0.895,0.795,0.908,0.845,-0.609,-0.922,-0.856,0.184,-0.28,-0.222,0.161,0.883,0.382,-0.252,-0.155,0.591,0.511,0.52,-0.722,0.261,0.864,0.578,-0.35,-0.564,-0.106,-0.537,0.478,0.532,0.94,0.931,0.96,-0.508,0.916,-0.281,0.633,0.886,0.565,0.181,-0.754,-0.345,-0.245,-0.399,-0.589,-0.106,0.905,0.74,0.512,0.795,-0.509,0.179,0.879,-0.79,0.901,-0.142,0.015,0.643,0.926,0.248,-0.807,0.592,-0.224,-0.123,-0.251,-0.49,-0.879,0.362,0.797,0.923,-0.52,0.646,0.817,0.465,0.953,0.114,-0.556,-0.784,-0.254,0.142,0.843,0.369,-0.807,0.788,0.912,0.715,0.827,0.886,0.97,0.228,0.855,0.874,0.16,0.901,1.0,-0.783,-0.816,0.512,0.746,0.816,0.914,0.396,-0.449,0.584,0.918,-0.722,0.631,0.903,-0.873,0.197,0.861,-0.554,0.553,0.472,-0.445,0.392,0.819,-0.445,-0.859,0.166,-0.613,-0.765,-0.168,0.59,0.449,0.475,0.517,0.221,-0.628,0.592,0.304,0.819,0.944,0.48,0.518,0.657,0.959,0.62,0.394,0.842,0.804,0.157,0.548,0.369,0.398,0.92,0.971,0.495,0.803,-0.198,0.867,0.962,0.31,0.778,0.788,0.941,0.395,0.924,-0.304,0.908,0.905,0.912,0.94,0.172,0.929,-0.643,0.262,0.631,0.243,-0.794,0.806,-0.177,0.094,0.884,0.942,-0.562,0.789,0.914,0.876,0.718,-0.234,0.53,0.824,0.756,0.527,-0.665,0.781,-0.887,-0.58,0.027,-0.249,0.819,0.762,0.714,0.826,0.9,-0.562,0.933,0.597,-0.227,-0.731,0.768,0.733
600233SS,-0.693,0.368,-0.781,-0.557,-0.315,-0.694,0.823,0.522,0.226,-0.581,-0.861,-0.666,0.351,-0.826,-0.878,0.117,-0.515,-0.748,-0.784,-0.569,0.276,0.832,0.673,0.057,-0.078,0.429,0.228,-0.722,-0.609,0.026,0.575,-0.66,-0.464,-0.258,0.562,0.082,-0.65,-0.711,-0.078,0.245,0.493,0.225,-0.517,-0.659,-0.793,-0.687,-0.77,0.377,-0.815,0.192,-0.791,-0.755,-0.277,0.149,0.411,0.63,-0.089,0.247,0.892,-0.261,-0.553,-0.402,-0.151,-0.671,0.332,-0.357,-0.682,0.868,-0.777,-0.074,0.04,-0.645,-0.804,-0.173,0.521,-0.709,0.029,0.362,0.032,0.69,0.842,-0.087,-0.807,-0.636,0.797,-0.7,-0.832,-0.028,-0.671,0.417,0.807,0.737,0.595,-0.344,-0.823,-0.601,0.846,-0.792,-0.722,-0.789,-0.577,-0.807,-0.78,-0.363,-0.756,-0.813,0.05,-0.704,-0.783,1.0,0.58,-0.333,-0.606,-0.623,-0.695,0.105,0.662,-0.22,-0.654,0.378,-0.727,-0.718,0.614,-0.414,-0.554,0.439,-0.729,-0.693,0.771,-0.603,-0.465,0.816,0.848,0.365,0.846,0.514,0.19,-0.272,-0.145,-0.72,-0.563,-0.536,0.219,-0.247,0.081,-0.834,-0.727,-0.387,-0.708,-0.742,-0.647,-0.341,-0.616,-0.867,-0.823,-0.46,-0.712,-0.502,-0.592,-0.847,-0.679,-0.689,-0.383,-0.135,-0.615,-0.631,-0.562,-0.876,-0.855,-0.693,0.166,-0.624,-0.093,-0.751,-0.641,-0.724,-0.821,-0.553,-0.557,0.58,-0.388,-0.741,-0.372,0.868,-0.542,0.573,0.229,-0.675,-0.653,0.279,-0.681,-0.777,-0.548,-0.711,0.745,-0.555,-0.842,-0.678,-0.612,0.798,-0.456,0.654,0.267,0.27,0.49,-0.592,-0.869,-0.814,-0.615,-0.678,0.223,-0.706,-0.154,0.081,0.615,-0.768,-0.547
600276SS,-0.137,0.801,-0.739,-0.821,0.387,-0.673,0.431,0.923,0.779,-0.763,-0.388,-0.117,0.933,-0.794,-0.705,-0.592,-0.827,-0.381,-0.611,-0.898,0.868,0.837,0.908,0.056,0.697,0.394,0.091,-0.867,0.061,0.695,-0.131,-0.23,-0.376,-0.549,0.926,-0.166,-0.682,-0.159,0.592,0.785,-0.268,0.639,0.013,-0.296,-0.802,-0.779,-0.802,0.819,-0.716,0.428,-0.274,-0.84,-0.719,-0.527,0.929,0.373,0.607,0.612,0.399,0.503,-0.79,-0.541,-0.613,-0.553,0.677,0.118,-0.79,0.469,-0.627,0.55,0.193,-0.41,-0.695,-0.326,0.952,-0.135,0.488,0.201,0.382,0.012,0.724,-0.335,-0.385,-0.839,0.366,-0.169,-0.428,-0.577,-0.903,-0.162,0.338,0.715,0.14,0.366,-0.528,0.037,0.679,-0.361,-0.708,-0.336,-0.748,-0.584,-0.788,0.301,-0.583,-0.543,-0.446,-0.762,-0.816,0.58,1.0,-0.57,-0.35,-0.824,-0.733,-0.137,0.165,-0.511,-0.82,0.911,-0.214,-0.71,0.916,0.247,-0.809,0.802,-0.109,-0.195,0.195,0.082,-0.722,0.25,0.684,-0.367,0.449,0.964,0.392,-0.781,-0.043,-0.044,-0.464,0.246,0.816,-0.573,-0.348,-0.541,-0.799,0.015,-0.075,-0.171,-0.766,-0.671,0.109,-0.632,-0.404,0.352,-0.056,0.079,0.114,-0.744,-0.796,-0.02,-0.878,0.625,-0.597,-0.846,0.172,-0.517,-0.423,-0.666,-0.55,-0.753,0.705,-0.657,-0.817,-0.653,-0.655,0.191,-0.816,0.695,0.252,-0.173,0.031,0.535,-0.781,-0.189,-0.349,-0.678,-0.747,0.832,-0.496,-0.594,-0.842,-0.337,0.051,-0.042,-0.464,-0.333,-0.106,0.319,-0.888,0.926,0.868,-0.009,-0.189,-0.689,-0.585,-0.404,-0.596,-0.807,0.765,-0.667,-0.623,0.455,0.674,-0.525,-0.443
600309SS,0.301,-0.42,0.468,0.573,-0.371,0.174,-0.165,-0.541,-0.518,0.508,0.093,-0.014,-0.551,0.497,0.411,0.406,0.564,0.128,0.341,0.71,-0.553,-0.481,-0.614,-0.198,-0.407,-0.35,-0.15,0.539,-0.255,-0.466,-0.021,-0.152,-0.064,-0.02,-0.633,0.474,0.28,0.082,-0.106,-0.543,0.076,0.057,-0.16,-0.048,0.433,0.42,0.525,-0.581,0.57,-0.263,0.051,0.674,0.728,0.441,-0.529,-0.436,-0.284,-0.642,-0.202,-0.375,0.444,0.586,0.058,0.159,-0.62,-0.374,0.282,-0.154,0.197,-0.415,-0.032,0.555,0.289,0.478,-0.538,-0.08,-0.513,0.042,0.016,0.027,-0.478,-0.026,0.266,0.43,-0.45,0.119,0.18,0.58,0.591,0.127,-0.1,-0.179,0.257,-0.149,0.193,0.134,-0.205,0.171,0.376,-0.019,0.228,0.234,0.463,-0.229,0.142,0.208,0.612,0.313,0.512,-0.333,-0.57,1.0,0.033,0.756,0.645,0.084,-0.028,0.66,0.669,-0.422,-0.087,0.652,-0.559,-0.199,0.665,-0.607,-0.065,-0.029,-0.092,-0.111,0.252,-0.193,-0.294,0.066,-0.362,-0.599,-0.091,0.701,0.162,0.093,-0.054,-0.282,-0.343,0.091,0.499,0.115,0.34,-0.045,0.157,0.131,0.405,0.678,0.012,0.237,0.232,-0.16,0.075,0.187,-0.117,0.578,0.427,0.079,0.649,-0.245,0.233,0.475,0.043,0.306,0.346,0.302,0.178,0.46,-0.389,0.196,0.67,0.242,0.333,-0.137,0.448,-0.14,-0.114,0.168,0.194,-0.114,0.25,0.355,-0.037,0.266,0.358,-0.402,0.506,0.228,0.526,0.364,0.025,0.047,0.398,-0.004,-0.074,-0.239,0.604,-0.604,-0.654,-0.374,0.256,0.187,0.34,0.086,0.298,0.653,-0.53,0.314,0.096,-0.575,-0.367,0.076,0.012
600332SS,0.496,-0.151,0.722,0.623,0.452,0.787,-0.453,-0.406,-0.121,0.718,0.862,0.765,-0.264,0.754,0.788,0.164,0.636,0.897,0.845,0.42,-0.133,-0.661,-0.456,0.412,0.206,0.119,0.38,0.528,0.74,0.274,-0.307,0.793,0.641,0.445,-0.189,0.156,0.776,0.732,-0.098,-0.167,-0.24,-0.435,0.799,0.632,0.736,0.778,0.721,0.056,0.696,0.092,0.815,0.522,0.147,-0.24,-0.372,0.033,0.139,0.007,-0.492,0.29,0.714,0.544,0.395,0.811,-0.048,0.467,0.729,-0.83,0.9,0.388,0.158,0.528,0.859,0.019,-0.428,0.801,0.167,0.017,-0.031,-0.721,-0.642,0.379,0.811,0.702,-0.289,0.809,0.844,0.137,0.624,-0.001,-0.632,-0.678,-0.339,0.488,0.813,0.485,-0.665,0.849,0.742,0.889,0.654,0.878,0.767,0.614,0.836,0.897,-0.279,0.8,0.746,-0.606,-0.35,0.033,1.0,0.426,0.646,0.582,-0.622,0.449,0.573,-0.333,0.797,0.633,-0.476,0.526,0.525,-0.022,0.807,0.698,-0.532,0.688,0.721,-0.387,-0.662,0.008,-0.502,-0.289,-0.05,0.051,0.567,0.597,0.554,0.519,-0.323,0.49,0.028,0.805,0.746,0.764,0.644,0.776,0.776,0.261,0.614,0.8,0.802,0.488,0.732,0.528,0.709,0.657,0.763,0.63,0.377,0.199,0.92,0.705,0.532,0.755,0.723,0.859,0.217,0.747,0.118,0.864,0.565,0.822,0.849,0.397,0.68,-0.457,0.522,0.725,0.356,-0.746,0.658,-0.474,0.073,0.757,0.791,-0.16,0.671,0.864,0.641,0.688,-0.281,0.704,0.765,0.944,0.806,-0.707,0.445,-0.488,-0.031,0.247,-0.524,0.754,0.608,0.806,0.747,0.601,-0.157,0.814,0.506,0.21,-0.502,0.81,0.821
600346SS,0.411,-0.719,0.761,0.837,-0.365,0.539,-0.404,-0.84,-0.693,0.841,0.461,0.162,-0.775,0.834,0.769,0.565,0.831,0.4,0.645,0.961,-0.747,-0.814,-0.877,-0.006,-0.416,-0.436,-0.091,0.856,-0.013,-0.466,-0.083,0.164,0.333,0.258,-0.819,0.431,0.581,0.23,-0.239,-0.758,0.134,-0.347,0.145,0.222,0.815,0.814,0.832,-0.675,0.874,-0.213,0.4,0.946,0.869,0.449,-0.801,-0.444,-0.38,-0.741,-0.491,-0.346,0.762,0.66,0.263,0.491,-0.69,-0.173,0.691,-0.477,0.63,-0.354,-0.092,0.685,0.7,0.595,-0.822,0.24,-0.57,-0.132,-0.127,-0.167,-0.801,0.12,0.512,0.788,-0.594,0.377,0.489,0.633,0.904,0.062,-0.462,-0.628,0.074,-0.087,0.514,0.152,-0.629,0.481,0.68,0.351,0.553,0.632,0.827,-0.097,0.502,0.598,0.567,0.68,0.816,-0.623,-0.824,0.756,0.426,1.0,0.879,0.206,-0.302,0.788,0.921,-0.702,0.239,0.878,-0.854,-0.186,0.885,-0.697,0.178,0.374,-0.395,0.074,0.639,-0.366,-0.633,0.14,-0.656,-0.844,-0.309,0.789,0.231,0.231,0.276,-0.099,-0.662,0.313,0.474,0.466,0.725,0.154,0.253,0.359,0.753,0.813,0.133,0.616,0.489,-0.09,0.294,0.237,0.091,0.849,0.768,0.206,0.845,-0.289,0.653,0.804,0.119,0.624,0.548,0.651,0.314,0.732,-0.453,0.597,0.92,0.609,0.673,0.009,0.768,-0.443,0.03,0.343,0.23,-0.42,0.648,0.162,0.144,0.586,0.711,-0.673,0.735,0.581,0.844,0.546,-0.104,0.187,0.621,0.376,0.142,-0.486,0.874,-0.888,-0.779,-0.312,0.183,0.606,0.654,0.369,0.565,0.926,-0.74,0.681,0.449,-0.511,-0.641,0.427,0.333
600362SS,0.64,-0.455,0.878,0.906,-0.022,0.618,-0.537,-0.705,-0.489,0.87,0.656,0.477,-0.63,0.904,0.845,0.487,0.862,0.682,0.848,0.873,-0.533,-0.84,-0.803,0.082,-0.231,-0.312,0.087,0.768,0.263,-0.241,-0.265,0.374,0.37,0.271,-0.669,0.509,0.657,0.54,-0.185,-0.572,-0.067,-0.279,0.424,0.473,0.876,0.851,0.937,-0.479,0.926,-0.233,0.559,0.878,0.684,0.198,-0.675,-0.427,-0.135,-0.59,-0.553,-0.114,0.807,0.783,0.255,0.602,-0.473,-0.056,0.751,-0.675,0.757,-0.111,-0.04,0.725,0.793,0.354,-0.725,0.512,-0.336,0.103,-0.107,-0.453,-0.846,0.197,0.767,0.813,-0.601,0.657,0.732,0.461,0.9,0.088,-0.549,-0.607,-0.083,0.19,0.675,0.462,-0.612,0.71,0.756,0.569,0.613,0.773,0.916,0.252,0.637,0.742,0.339,0.742,0.914,-0.695,-0.733,0.645,0.646,0.879,1.0,0.389,-0.488,0.753,0.884,-0.585,0.559,0.985,-0.771,0.084,0.882,-0.61,0.449,0.455,-0.492,0.375,0.669,-0.47,-0.711,0.059,-0.659,-0.694,-0.045,0.563,0.538,0.51,0.334,0.15,-0.522,0.328,0.481,0.664,0.787,0.409,0.553,0.631,0.85,0.679,0.439,0.701,0.738,0.176,0.564,0.52,0.384,0.869,0.859,0.507,0.788,-0.066,0.782,0.869,0.386,0.755,0.768,0.823,0.293,0.839,-0.215,0.721,0.946,0.73,0.821,0.184,0.832,-0.443,0.332,0.633,0.441,-0.627,0.715,-0.044,-0.01,0.691,0.831,-0.454,0.931,0.763,0.835,0.795,-0.163,0.499,0.835,0.622,0.433,-0.694,0.763,-0.8,-0.564,-0.214,-0.138,0.653,0.747,0.565,0.708,0.961,-0.54,0.807,0.449,-0.295,-0.649,0.552,0.548
600377SS,0.04,0.0,0.354,0.498,0.07,0.397,0.029,-0.29,-0.258,0.534,0.257,0.264,-0.289,0.341,0.287,0.49,0.541,0.431,0.409,0.27,-0.225,-0.231,-0.216,0.527,-0.012,0.421,0.803,0.219,0.178,0.093,0.283,0.315,0.224,0.376,-0.032,0.416,0.44,0.185,-0.321,-0.27,0.219,-0.408,0.461,0.032,0.297,0.451,0.341,0.104,0.279,0.144,0.185,0.203,0.241,0.048,-0.327,0.471,-0.069,-0.004,0.186,-0.12,0.54,0.488,0.401,0.382,-0.12,0.054,0.366,-0.234,0.43,0.144,0.12,0.236,0.378,0.005,-0.276,0.244,-0.026,0.289,-0.229,-0.207,-0.164,0.299,0.344,0.453,0.255,0.384,0.321,0.387,0.383,0.551,0.02,-0.23,0.303,0.216,0.311,0.046,-0.054,0.393,0.409,0.28,0.426,0.405,0.403,0.32,0.373,0.387,0.025,0.414,0.396,0.105,-0.137,0.084,0.582,0.206,0.389,1.0,-0.067,0.562,0.376,-0.31,0.245,0.351,-0.305,0.103,0.437,0.145,0.175,0.125,0.125,0.198,0.574,0.335,-0.163,0.481,0.114,-0.149,0.162,0.176,0.744,0.094,0.015,0.028,-0.39,0.468,0.403,0.226,0.4,0.568,0.154,0.312,0.568,0.299,0.13,0.231,0.321,0.053,0.236,0.193,0.238,0.191,0.519,0.153,0.431,-0.045,0.614,0.514,0.085,0.167,0.209,0.556,0.588,0.523,-0.136,0.439,0.374,0.472,0.4,-0.094,0.56,-0.125,0.264,0.242,0.116,-0.15,0.411,0.12,0.244,0.434,0.521,-0.187,0.362,0.441,0.503,0.3,0.464,0.394,0.277,0.526,0.269,-0.161,0.344,-0.265,-0.127,0.376,-0.072,0.469,-0.039,0.171,0.441,0.367,-0.289,0.529,0.578,0.113,-0.272,0.253,0.486
600406SS,-0.728,-0.08,-0.413,-0.282,-0.449,-0.346,0.521,0.115,-0.191,-0.403,-0.713,-0.684,-0.055,-0.534,-0.544,0.111,-0.254,-0.647,-0.546,-0.248,-0.131,0.475,0.256,0.044,-0.369,0.256,0.037,-0.235,-0.641,-0.255,0.733,-0.55,-0.214,0.115,0.085,-0.103,-0.321,-0.679,-0.238,0.0,0.525,-0.012,-0.671,-0.633,-0.462,-0.423,-0.515,-0.074,-0.623,-0.177,-0.663,-0.371,0.009,0.453,0.05,0.448,-0.337,0.148,0.652,-0.5,-0.297,-0.255,0.165,-0.387,-0.103,-0.231,-0.33,0.737,-0.564,-0.417,0.069,-0.614,-0.544,0.146,0.122,-0.736,-0.136,0.07,-0.084,0.777,0.657,0.049,-0.699,-0.34,0.579,-0.747,-0.697,0.204,-0.328,0.37,0.778,0.414,0.443,-0.559,-0.515,-0.731,0.489,-0.681,-0.301,-0.682,-0.176,-0.623,-0.509,-0.622,-0.498,-0.572,0.191,-0.429,-0.449,0.662,0.165,-0.028,-0.622,-0.302,-0.488,-0.067,1.0,-0.235,-0.272,0.035,-0.685,-0.518,0.185,-0.375,-0.228,0.211,-0.696,-0.743,0.735,-0.736,-0.2,0.689,0.558,0.473,0.641,0.084,-0.124,0.214,-0.299,-0.774,-0.295,-0.55,-0.055,0.183,-0.004,-0.645,-0.399,-0.462,-0.724,-0.711,-0.351,-0.097,-0.725,-0.565,-0.714,-0.599,-0.732,-0.694,-0.726,-0.51,-0.358,-0.725,-0.055,-0.469,-0.519,-0.321,-0.701,-0.687,-0.72,-0.497,0.272,-0.343,-0.43,-0.502,-0.403,-0.432,-0.516,-0.582,-0.247,0.196,-0.561,-0.765,-0.626,0.619,-0.245,0.572,0.377,-0.292,-0.36,-0.063,-0.606,-0.535,-0.275,-0.764,0.572,-0.591,-0.726,-0.594,-0.679,0.845,-0.167,0.188,-0.173,0.296,0.553,-0.247,-0.567,-0.679,-0.354,-0.408,-0.091,-0.453,0.066,-0.119,0.338,-0.497,-0.305
600415SS,0.324,-0.391,0.528,0.731,-0.346,0.31,-0.016,-0.588,-0.525,0.752,0.26,0.084,-0.56,0.588,0.494,0.715,0.757,0.305,0.507,0.758,-0.536,-0.525,-0.601,0.126,-0.265,-0.127,0.214,0.537,-0.078,-0.291,0.036,0.007,0.191,0.14,-0.481,0.667,0.403,0.142,-0.178,-0.651,0.291,-0.201,0.199,0.019,0.556,0.664,0.623,-0.351,0.664,0.012,0.222,0.669,0.781,0.332,-0.621,-0.063,-0.225,-0.65,-0.129,-0.364,0.668,0.668,0.182,0.325,-0.493,-0.355,0.477,-0.261,0.448,-0.149,-0.019,0.604,0.488,0.508,-0.586,0.115,-0.457,0.251,-0.041,-0.089,-0.525,0.101,0.382,0.602,-0.266,0.348,0.308,0.623,0.69,0.282,-0.253,-0.349,0.411,0.008,0.273,0.112,-0.234,0.334,0.457,0.167,0.329,0.449,0.622,0.023,0.268,0.401,0.556,0.508,0.584,-0.22,-0.511,0.66,0.449,0.788,0.753,0.562,-0.235,1.0,0.713,-0.502,0.078,0.737,-0.583,-0.221,0.778,-0.395,0.059,0.277,-0.193,0.054,0.549,-0.046,-0.296,0.24,-0.362,-0.55,-0.072,0.558,0.476,0.129,-0.004,-0.222,-0.538,0.209,0.59,0.21,0.464,0.28,0.192,0.276,0.6,0.735,0.1,0.352,0.325,-0.089,0.219,0.291,0.092,0.574,0.586,0.128,0.724,-0.137,0.63,0.637,0.108,0.403,0.342,0.519,0.409,0.63,-0.344,0.395,0.76,0.401,0.464,-0.1,0.627,-0.143,0.093,0.249,0.36,-0.117,0.492,0.355,0.163,0.373,0.562,-0.462,0.686,0.388,0.743,0.479,0.252,0.22,0.463,0.317,0.112,-0.359,0.736,-0.611,-0.555,-0.218,0.262,0.443,0.309,0.162,0.465,0.783,-0.598,0.507,0.432,-0.347,-0.441,0.187,0.246
600426SS,0.378,-0.692,0.846,0.889,-0.204,0.709,-0.529,-0.875,-0.708,0.891,0.582,0.306,-0.803,0.906,0.866,0.488,0.907,0.57,0.744,0.924,-0.753,-0.863,-0.898,0.198,-0.363,-0.332,0.132,0.909,0.129,-0.359,0.017,0.375,0.398,0.413,-0.801,0.382,0.754,0.325,-0.326,-0.722,0.041,-0.501,0.297,0.259,0.861,0.868,0.875,-0.629,0.897,-0.185,0.484,0.937,0.773,0.401,-0.816,-0.326,-0.363,-0.554,-0.486,-0.265,0.881,0.753,0.411,0.623,-0.702,0.006,0.753,-0.575,0.773,-0.293,-0.044,0.695,0.799,0.482,-0.84,0.371,-0.484,-0.173,-0.252,-0.284,-0.797,0.185,0.62,0.87,-0.529,0.472,0.611,0.664,0.94,0.213,-0.404,-0.713,0.01,0.032,0.659,0.177,-0.695,0.635,0.823,0.485,0.725,0.769,0.901,0.051,0.699,0.733,0.408,0.779,0.918,-0.654,-0.82,0.669,0.573,0.921,0.884,0.376,-0.272,0.713,1.0,-0.74,0.375,0.876,-0.911,-0.033,0.911,-0.592,0.3,0.377,-0.313,0.187,0.748,-0.298,-0.725,0.267,-0.574,-0.84,-0.208,0.788,0.384,0.304,0.322,0.047,-0.701,0.515,0.442,0.574,0.856,0.333,0.312,0.476,0.892,0.762,0.206,0.71,0.623,-0.023,0.384,0.242,0.186,0.882,0.893,0.303,0.888,-0.319,0.759,0.923,0.158,0.674,0.618,0.806,0.425,0.845,-0.42,0.761,0.922,0.787,0.807,0.059,0.889,-0.567,0.132,0.431,0.178,-0.571,0.715,0.033,0.136,0.768,0.84,-0.666,0.73,0.76,0.892,0.599,-0.069,0.362,0.663,0.565,0.26,-0.49,0.854,-0.931,-0.735,-0.1,0.046,0.749,0.634,0.463,0.699,0.91,-0.733,0.836,0.538,-0.438,-0.751,0.551,0.525
600436SS,0.087,0.8,-0.625,-0.755,0.44,-0.679,0.309,0.935,0.82,-0.749,-0.273,-0.028,0.96,-0.694,-0.592,-0.691,-0.811,-0.3,-0.511,-0.816,0.913,0.726,0.825,-0.015,0.727,0.199,-0.11,-0.794,0.156,0.722,-0.363,-0.209,-0.347,-0.679,0.832,-0.121,-0.687,0.002,0.742,0.817,-0.431,0.789,0.003,-0.129,-0.686,-0.749,-0.674,0.734,-0.582,0.329,-0.122,-0.72,-0.68,-0.56,0.945,0.125,0.713,0.504,0.192,0.646,-0.803,-0.472,-0.75,-0.549,0.669,0.089,-0.758,0.357,-0.581,0.586,0.129,-0.294,-0.636,-0.267,0.917,-0.033,0.41,0.232,0.537,-0.108,0.609,-0.421,-0.261,-0.815,0.107,-0.07,-0.314,-0.647,-0.841,-0.332,0.205,0.694,-0.013,0.452,-0.45,0.226,0.601,-0.263,-0.67,-0.23,-0.762,-0.496,-0.688,0.37,-0.548,-0.463,-0.441,-0.757,-0.722,0.378,0.911,-0.422,-0.333,-0.702,-0.585,-0.31,0.035,-0.502,-0.74,1.0,-0.082,-0.561,0.891,0.337,-0.747,0.661,0.023,-0.12,0.009,0.207,-0.792,-0.007,0.594,-0.552,0.249,0.918,0.397,-0.766,-0.049,0.123,-0.386,0.357,0.909,-0.687,-0.361,-0.45,-0.759,-0.036,0.096,-0.067,-0.74,-0.673,0.261,-0.532,-0.288,0.461,0.082,0.256,0.192,-0.6,-0.759,0.129,-0.869,0.697,-0.61,-0.821,0.316,-0.335,-0.253,-0.632,-0.725,-0.729,0.797,-0.635,-0.73,-0.629,-0.565,0.318,-0.809,0.635,0.338,-0.029,0.171,0.403,-0.759,-0.303,-0.475,-0.663,-0.711,0.917,-0.338,-0.534,-0.837,-0.176,-0.167,0.015,-0.294,-0.317,-0.034,0.187,-0.878,0.872,0.852,-0.15,-0.264,-0.715,-0.361,-0.302,-0.585,-0.696,0.793,-0.636,-0.762,0.329,0.635,-0.476,-0.437
600438SS,0.699,0.077,0.664,0.431,0.681,0.642,-0.68,-0.167,0.126,0.468,0.908,0.88,-0.015,0.651,0.706,-0.197,0.376,0.894,0.785,0.21,0.121,-0.586,-0.318,0.243,0.376,-0.018,0.175,0.37,0.847,0.396,-0.553,0.831,0.571,0.278,-0.085,-0.03,0.588,0.878,0.088,0.127,-0.528,-0.196,0.799,0.848,0.658,0.555,0.642,0.109,0.604,-0.044,0.855,0.403,-0.109,-0.424,-0.088,-0.225,0.411,0.16,-0.655,0.592,0.437,0.386,0.133,0.671,0.178,0.562,0.605,-0.871,0.764,0.506,0.103,0.45,0.726,-0.127,-0.21,0.918,0.302,-0.041,0.085,-0.869,-0.602,0.241,0.875,0.509,-0.451,0.873,0.902,-0.189,0.431,-0.262,-0.668,-0.518,-0.6,0.654,0.814,0.725,-0.603,0.883,0.632,0.917,0.554,0.785,0.663,0.753,0.738,0.826,-0.446,0.576,0.631,-0.727,-0.214,-0.087,0.797,0.239,0.559,0.245,-0.685,0.078,0.375,-0.082,1.0,0.566,-0.297,0.69,0.308,-0.024,0.897,0.672,-0.656,0.85,0.445,-0.621,-0.691,-0.28,-0.549,-0.104,0.111,-0.158,0.504,0.807,0.623,0.772,0.011,0.271,-0.107,0.861,0.612,0.689,0.827,0.865,0.595,0.037,0.821,0.752,0.866,0.709,0.871,0.681,0.824,0.578,0.603,0.818,0.111,0.412,0.66,0.505,0.702,0.784,0.831,0.733,-0.1,0.558,0.414,0.724,0.416,0.716,0.776,0.618,0.474,-0.4,0.677,0.868,0.413,-0.842,0.539,-0.704,-0.165,0.654,0.628,0.09,0.645,0.8,0.361,0.753,-0.58,0.77,0.811,0.875,0.844,-0.772,0.159,-0.301,0.164,0.066,-0.764,0.574,0.736,0.837,0.617,0.45,0.127,0.686,0.201,0.285,-0.37,0.77,0.75
600489SS,0.674,-0.439,0.864,0.868,-0.004,0.607,-0.565,-0.693,-0.466,0.855,0.671,0.498,-0.599,0.901,0.85,0.433,0.826,0.679,0.835,0.857,-0.512,-0.845,-0.802,0.047,-0.186,-0.333,0.063,0.759,0.278,-0.229,-0.309,0.383,0.377,0.238,-0.66,0.483,0.644,0.552,-0.147,-0.552,-0.119,-0.24,0.449,0.478,0.871,0.833,0.928,-0.475,0.936,-0.222,0.563,0.887,0.667,0.143,-0.642,-0.466,-0.098,-0.583,-0.582,-0.08,0.775,0.754,0.205,0.588,-0.467,-0.026,0.73,-0.687,0.755,-0.093,-0.025,0.756,0.788,0.331,-0.694,0.542,-0.324,0.051,-0.092,-0.488,-0.866,0.159,0.776,0.789,-0.652,0.674,0.743,0.431,0.881,0.053,-0.578,-0.601,-0.096,0.226,0.681,0.49,-0.626,0.726,0.749,0.582,0.592,0.773,0.902,0.271,0.642,0.744,0.333,0.722,0.903,-0.718,-0.71,0.652,0.633,0.878,0.985,0.351,-0.518,0.737,0.876,-0.561,0.566,1.0,-0.761,0.095,0.863,-0.609,0.467,0.476,-0.518,0.388,0.639,-0.507,-0.733,-0.001,-0.68,-0.676,-0.045,0.552,0.519,0.545,0.324,0.186,-0.476,0.285,0.477,0.675,0.777,0.421,0.582,0.656,0.83,0.686,0.474,0.705,0.752,0.221,0.592,0.546,0.415,0.874,0.841,0.536,0.752,-0.012,0.759,0.844,0.421,0.768,0.792,0.81,0.226,0.808,-0.167,0.707,0.934,0.725,0.813,0.225,0.804,-0.431,0.357,0.658,0.457,-0.631,0.675,-0.086,-0.056,0.675,0.803,-0.451,0.934,0.759,0.804,0.814,-0.211,0.506,0.848,0.618,0.444,-0.724,0.741,-0.792,-0.546,-0.269,-0.173,0.622,0.759,0.576,0.685,0.947,-0.507,0.798,0.397,-0.296,-0.653,0.553,0.53
600519SS,-0.192,0.765,-0.823,-0.842,0.295,-0.777,0.543,0.971,0.837,-0.852,-0.521,-0.227,0.908,-0.859,-0.801,-0.525,-0.867,-0.487,-0.671,-0.895,0.894,0.88,0.956,-0.106,0.504,0.291,-0.116,-0.942,-0.069,0.582,-0.13,-0.397,-0.427,-0.614,0.889,-0.174,-0.782,-0.242,0.535,0.78,-0.178,0.689,-0.188,-0.253,-0.851,-0.856,-0.83,0.723,-0.787,0.273,-0.403,-0.917,-0.729,-0.444,0.899,0.267,0.474,0.496,0.449,0.4,-0.835,-0.603,-0.564,-0.647,0.748,-0.036,-0.808,0.557,-0.747,0.432,0.054,-0.543,-0.777,-0.431,0.925,-0.254,0.449,0.314,0.37,0.17,0.772,-0.289,-0.498,-0.916,0.399,-0.34,-0.544,-0.647,-0.925,-0.186,0.363,0.77,0.08,0.162,-0.666,-0.0,0.73,-0.539,-0.83,-0.433,-0.822,-0.698,-0.865,0.124,-0.701,-0.671,-0.373,-0.79,-0.873,0.614,0.916,-0.559,-0.476,-0.854,-0.771,-0.305,0.185,-0.583,-0.911,0.891,-0.297,-0.761,1.0,0.112,-0.872,0.631,-0.184,-0.312,0.263,-0.036,-0.812,0.189,0.763,-0.386,0.494,0.916,0.384,-0.816,-0.198,-0.158,-0.411,0.087,0.781,-0.631,-0.336,-0.585,-0.871,-0.235,-0.162,-0.341,-0.872,-0.741,-0.031,-0.718,-0.526,0.183,-0.227,-0.039,-0.051,-0.801,-0.886,-0.155,-0.88,0.492,-0.715,-0.915,0.055,-0.606,-0.508,-0.773,-0.535,-0.817,0.585,-0.751,-0.836,-0.786,-0.755,0.049,-0.892,0.688,0.05,-0.295,0.037,0.586,-0.794,-0.093,-0.295,-0.792,-0.837,0.846,-0.559,-0.714,-0.895,-0.423,0.068,-0.217,-0.538,-0.484,-0.192,0.399,-0.861,0.969,0.847,0.042,-0.092,-0.815,-0.563,-0.458,-0.679,-0.844,0.759,-0.814,-0.659,0.387,0.715,-0.596,-0.542
600570SS,0.438,0.42,0.313,-0.032,0.884,0.393,-0.39,0.265,0.468,0.061,0.627,0.795,0.38,0.209,0.334,-0.556,-0.052,0.672,0.429,-0.285,0.474,-0.138,0.113,0.23,0.597,0.341,0.169,-0.004,0.813,0.628,-0.499,0.707,0.332,0.12,0.335,-0.241,0.375,0.795,0.274,0.602,-0.634,0.123,0.605,0.597,0.211,0.148,0.183,0.517,0.156,0.062,0.656,-0.032,-0.523,-0.623,0.354,0.081,0.638,0.638,-0.34,0.756,0.033,0.13,-0.002,0.502,0.405,0.692,0.184,-0.604,0.388,0.701,0.444,0.16,0.378,-0.226,0.235,0.701,0.649,-0.035,0.405,-0.767,-0.196,0.258,0.59,0.103,-0.133,0.636,0.623,-0.331,-0.035,-0.33,-0.336,-0.12,-0.543,0.681,0.59,0.592,-0.302,0.604,0.336,0.673,0.221,0.398,0.194,0.712,0.459,0.515,-0.761,0.231,0.197,-0.414,0.247,-0.199,0.526,-0.186,0.084,0.103,-0.375,-0.221,-0.033,0.337,0.69,0.095,0.112,1.0,-0.135,0.446,0.794,0.381,-0.433,0.732,0.112,-0.398,-0.351,-0.399,-0.227,0.345,0.086,-0.465,0.305,0.603,0.42,0.768,0.435,0.181,-0.465,0.545,0.208,0.653,0.693,0.672,0.187,-0.305,0.741,0.415,0.579,0.802,0.705,0.582,0.763,0.234,0.192,0.697,-0.35,0.601,0.296,0.051,0.658,0.428,0.558,0.359,-0.332,0.227,0.593,0.382,-0.082,0.398,0.442,0.524,0.047,-0.071,0.598,0.684,0.18,-0.535,0.064,-0.707,-0.23,0.385,0.26,0.476,0.191,0.478,-0.087,0.417,-0.581,0.67,0.506,0.618,0.796,-0.494,-0.302,0.122,0.51,0.166,-0.865,0.23,0.363,0.686,0.357,-0.049,0.54,0.313,-0.074,0.453,0.129,0.573,0.556
600585SS,0.369,-0.624,0.815,0.923,-0.275,0.632,-0.452,-0.858,-0.759,0.831,0.497,0.227,-0.794,0.837,0.779,0.582,0.89,0.507,0.713,0.909,-0.755,-0.824,-0.883,0.098,-0.377,-0.355,0.143,0.861,0.098,-0.421,-0.002,0.283,0.32,0.419,-0.821,0.387,0.639,0.274,-0.295,-0.769,0.128,-0.476,0.233,0.183,0.791,0.828,0.82,-0.654,0.807,-0.249,0.4,0.89,0.821,0.371,-0.834,-0.327,-0.353,-0.647,-0.467,-0.394,0.832,0.653,0.417,0.546,-0.733,-0.16,0.74,-0.511,0.69,-0.344,-0.171,0.621,0.709,0.438,-0.839,0.247,-0.497,-0.047,-0.338,-0.213,-0.709,0.134,0.552,0.81,-0.493,0.418,0.534,0.577,0.909,0.161,-0.412,-0.684,0.025,-0.029,0.587,0.163,-0.557,0.54,0.753,0.384,0.669,0.702,0.855,0.002,0.571,0.63,0.503,0.744,0.861,-0.554,-0.809,0.665,0.525,0.885,0.882,0.437,-0.228,0.778,0.911,-0.747,0.308,0.863,-0.872,-0.135,1.0,-0.593,0.222,0.357,-0.32,0.111,0.714,-0.251,-0.604,0.249,-0.541,-0.83,-0.157,0.742,0.423,0.281,0.219,-0.064,-0.7,0.464,0.447,0.491,0.769,0.288,0.302,0.412,0.844,0.757,0.134,0.656,0.554,-0.098,0.32,0.215,0.141,0.776,0.85,0.258,0.898,-0.337,0.729,0.89,0.114,0.625,0.528,0.741,0.44,0.81,-0.457,0.671,0.891,0.691,0.742,0.034,0.863,-0.585,0.093,0.352,0.284,-0.528,0.731,0.104,0.121,0.681,0.804,-0.667,0.757,0.659,0.901,0.534,0.005,0.314,0.61,0.498,0.187,-0.453,0.854,-0.908,-0.748,-0.137,0.109,0.716,0.535,0.376,0.642,0.942,-0.76,0.765,0.537,-0.346,-0.761,0.464,0.47
600588SS,-0.249,0.602,-0.454,-0.595,0.442,-0.231,0.311,0.65,0.529,-0.499,-0.121,0.041,0.702,-0.54,-0.427,-0.509,-0.557,-0.114,-0.349,-0.759,0.645,0.597,0.681,0.377,0.66,0.539,0.316,-0.538,0.289,0.664,0.017,0.11,0.017,-0.096,0.792,-0.296,-0.286,-0.022,0.392,0.654,-0.189,0.238,0.209,-0.147,-0.528,-0.451,-0.588,0.76,-0.578,0.44,0.003,-0.631,-0.638,-0.435,0.675,0.619,0.524,0.739,0.29,0.474,-0.495,-0.412,-0.213,-0.15,0.522,0.406,-0.421,0.217,-0.269,0.603,0.328,-0.361,-0.361,-0.16,0.677,0.012,0.499,0.027,0.306,-0.092,0.601,-0.066,-0.22,-0.491,0.442,-0.025,-0.205,-0.427,-0.654,-0.119,0.236,0.348,-0.003,0.403,-0.174,-0.082,0.39,-0.117,-0.328,-0.049,-0.334,-0.276,-0.507,0.363,-0.234,-0.204,-0.628,-0.416,-0.554,0.439,0.802,-0.607,-0.022,-0.697,-0.61,0.145,0.211,-0.395,-0.592,0.661,-0.024,-0.609,0.631,0.446,-0.593,1.0,0.079,-0.008,0.099,0.183,-0.314,0.314,0.473,-0.144,0.347,0.783,0.13,-0.632,0.03,-0.045,-0.151,0.345,0.547,-0.116,-0.531,-0.293,-0.468,0.247,-0.038,-0.03,-0.424,-0.611,0.117,-0.292,-0.227,0.345,0.048,0.011,0.199,-0.555,-0.455,0.012,-0.687,0.457,-0.242,-0.536,0.11,-0.307,-0.317,-0.35,-0.291,-0.438,0.544,-0.306,-0.714,-0.284,-0.331,0.203,-0.497,0.343,0.269,-0.104,-0.138,0.263,-0.409,-0.293,-0.045,-0.279,-0.394,0.631,-0.455,-0.272,-0.526,-0.335,0.008,0.092,-0.343,0.008,0.084,0.274,-0.671,0.654,0.743,0.26,-0.263,-0.236,-0.457,-0.152,-0.266,-0.632,0.596,-0.33,-0.241,0.587,0.485,-0.136,-0.052
600600SS,0.679,0.114,0.584,0.319,0.78,0.625,-0.569,-0.066,0.263,0.397,0.902,0.929,0.098,0.592,0.675,-0.314,0.291,0.894,0.74,0.114,0.247,-0.526,-0.225,0.136,0.469,0.064,0.087,0.317,0.918,0.486,-0.648,0.832,0.552,0.206,-0.004,-0.141,0.572,0.914,0.237,0.251,-0.614,-0.076,0.77,0.785,0.562,0.501,0.546,0.191,0.551,-0.051,0.871,0.331,-0.208,-0.54,0.003,-0.205,0.467,0.228,-0.653,0.647,0.375,0.317,0.131,0.707,0.207,0.604,0.523,-0.862,0.713,0.562,0.22,0.404,0.698,-0.175,-0.109,0.897,0.461,-0.064,0.222,-0.879,-0.554,0.266,0.839,0.401,-0.458,0.825,0.867,-0.26,0.35,-0.369,-0.704,-0.487,-0.632,0.669,0.799,0.741,-0.621,0.837,0.581,0.93,0.451,0.752,0.562,0.741,0.714,0.81,-0.521,0.583,0.553,-0.729,-0.109,-0.065,0.807,0.178,0.449,0.175,-0.696,0.059,0.3,0.023,0.897,0.467,-0.184,0.794,0.222,0.079,1.0,0.694,-0.678,0.861,0.373,-0.686,-0.618,-0.429,-0.56,0.003,0.058,-0.254,0.387,0.789,0.591,0.793,0.123,0.248,-0.262,0.827,0.545,0.694,0.848,0.857,0.499,-0.048,0.832,0.745,0.829,0.78,0.857,0.657,0.871,0.557,0.508,0.823,-0.013,0.509,0.626,0.394,0.752,0.764,0.819,0.653,-0.239,0.508,0.475,0.691,0.304,0.655,0.733,0.633,0.37,-0.325,0.639,0.854,0.45,-0.803,0.388,-0.776,-0.228,0.6,0.539,0.194,0.56,0.73,0.271,0.691,-0.68,0.747,0.789,0.85,0.919,-0.769,0.089,-0.229,0.294,0.102,-0.826,0.473,0.7,0.891,0.595,0.348,0.237,0.587,0.1,0.321,-0.3,0.802,0.704
600660SS,0.595,-0.067,0.434,0.312,0.304,0.487,-0.503,-0.268,-0.073,0.41,0.8,0.551,-0.023,0.575,0.619,-0.165,0.305,0.617,0.598,0.286,-0.028,-0.595,-0.409,0.067,0.474,-0.276,0.002,0.417,0.729,0.282,-0.578,0.653,0.533,0.122,-0.179,-0.104,0.416,0.577,0.306,-0.147,-0.417,-0.197,0.72,0.527,0.553,0.513,0.481,-0.061,0.601,0.338,0.849,0.497,0.171,-0.333,-0.198,-0.288,0.361,-0.145,-0.772,0.414,0.361,0.121,-0.037,0.485,-0.11,0.395,0.49,-0.729,0.681,0.421,-0.152,0.631,0.618,0.164,-0.283,0.684,0.021,-0.298,0.048,-0.712,-0.543,-0.152,0.652,0.406,-0.582,0.709,0.656,-0.189,0.383,-0.508,-0.859,-0.679,-0.423,0.562,0.592,0.538,-0.563,0.71,0.451,0.741,0.351,0.725,0.563,0.577,0.554,0.687,-0.107,0.532,0.472,-0.693,-0.195,-0.029,0.698,0.374,0.455,0.125,-0.743,0.277,0.377,-0.12,0.672,0.476,-0.312,0.381,0.357,-0.008,0.694,1.0,-0.816,0.713,0.334,-0.623,-0.524,-0.427,-0.766,-0.185,-0.13,-0.08,0.232,0.725,0.433,0.619,-0.073,0.031,-0.152,0.6,0.461,0.503,0.641,0.672,0.429,0.203,0.613,0.771,0.653,0.543,0.737,0.511,0.684,0.506,0.433,0.607,0.102,0.379,0.612,0.384,0.601,0.829,0.603,0.502,-0.268,0.377,0.375,0.565,0.379,0.495,0.6,0.757,0.304,-0.429,0.497,0.619,0.507,-0.625,0.44,-0.655,-0.161,0.415,0.411,-0.103,0.578,0.56,0.425,0.569,-0.613,0.529,0.632,0.699,0.584,-0.726,0.298,-0.359,0.07,-0.279,-0.415,0.535,0.574,0.637,0.376,0.488,-0.096,0.507,0.031,0.248,-0.541,0.594,0.397
600674SS,-0.723,0.09,-0.508,-0.299,-0.347,-0.393,0.589,0.2,-0.015,-0.31,-0.738,-0.561,-0.032,-0.536,-0.598,0.252,-0.22,-0.555,-0.579,-0.28,-0.044,0.529,0.338,0.106,-0.429,0.402,0.281,-0.42,-0.664,-0.226,0.779,-0.511,-0.409,0.003,0.193,0.084,-0.288,-0.623,-0.465,0.045,0.545,-0.069,-0.56,-0.569,-0.521,-0.456,-0.483,0.052,-0.57,-0.091,-0.757,-0.503,-0.12,0.389,0.077,0.523,-0.362,0.199,0.889,-0.414,-0.216,-0.085,0.198,-0.442,0.082,-0.344,-0.437,0.727,-0.556,-0.316,0.037,-0.555,-0.539,-0.219,0.178,-0.612,-0.027,0.239,-0.168,0.716,0.608,0.139,-0.655,-0.327,0.757,-0.686,-0.656,0.289,-0.352,0.73,0.923,0.551,0.589,-0.497,-0.597,-0.64,0.591,-0.65,-0.418,-0.676,-0.199,-0.615,-0.516,-0.488,-0.431,-0.616,0.17,-0.415,-0.445,0.771,0.195,-0.092,-0.532,-0.395,-0.492,0.125,0.735,-0.193,-0.313,0.009,-0.656,-0.518,0.263,-0.433,-0.32,0.099,-0.678,-0.816,1.0,-0.691,-0.198,0.808,0.502,0.649,0.905,0.148,0.149,0.071,-0.115,-0.743,-0.378,-0.597,-0.062,0.109,0.292,-0.594,-0.375,-0.382,-0.714,-0.693,-0.335,-0.093,-0.681,-0.679,-0.641,-0.601,-0.737,-0.606,-0.678,-0.543,-0.361,-0.682,-0.03,-0.463,-0.469,-0.297,-0.687,-0.777,-0.669,-0.396,0.451,-0.314,-0.409,-0.458,-0.34,-0.402,-0.561,-0.713,-0.218,0.353,-0.539,-0.652,-0.548,0.651,-0.318,0.661,0.329,-0.345,-0.368,-0.026,-0.621,-0.482,-0.318,-0.589,0.8,-0.497,-0.693,-0.547,-0.557,0.792,-0.175,0.312,-0.069,0.479,0.488,-0.38,-0.696,-0.646,-0.313,-0.496,-0.031,-0.429,0.073,-0.212,0.38,-0.55,-0.314
600741SS,0.744,0.312,0.424,0.22,0.755,0.396,-0.548,0.089,0.335,0.277,0.803,0.818,0.274,0.451,0.512,-0.377,0.171,0.766,0.608,-0.007,0.36,-0.355,-0.08,0.182,0.642,-0.002,0.198,0.142,0.87,0.636,-0.636,0.728,0.37,0.013,0.152,-0.041,0.343,0.802,0.4,0.277,-0.708,0.067,0.831,0.641,0.388,0.347,0.388,0.299,0.46,0.231,0.774,0.22,-0.245,-0.613,0.168,-0.222,0.588,0.23,-0.611,0.724,0.236,0.249,-0.157,0.455,0.254,0.495,0.296,-0.739,0.569,0.637,0.082,0.502,0.494,-0.171,0.075,0.837,0.357,-0.038,0.164,-0.909,-0.428,-0.042,0.8,0.245,-0.455,0.864,0.767,-0.359,0.187,-0.384,-0.666,-0.329,-0.485,0.808,0.619,0.82,-0.399,0.801,0.412,0.8,0.239,0.664,0.44,0.857,0.525,0.654,-0.474,0.344,0.392,-0.603,0.082,-0.111,0.688,0.074,0.375,0.198,-0.736,0.054,0.187,0.207,0.85,0.388,-0.036,0.732,0.111,0.183,0.861,0.713,-0.691,1.0,0.169,-0.599,-0.451,-0.494,-0.517,0.175,0.291,-0.35,0.52,0.877,0.358,0.831,0.267,0.01,-0.199,0.639,0.34,0.71,0.863,0.869,0.358,-0.102,0.892,0.598,0.774,0.846,0.892,0.782,0.899,0.424,0.35,0.865,-0.12,0.659,0.491,0.257,0.851,0.672,0.738,0.509,-0.335,0.343,0.676,0.51,0.213,0.483,0.59,0.758,0.216,-0.151,0.796,0.848,0.577,-0.655,0.216,-0.775,-0.41,0.417,0.38,0.331,0.546,0.606,0.148,0.725,-0.608,0.839,0.722,0.75,0.774,-0.751,-0.076,-0.051,0.414,-0.078,-0.762,0.318,0.529,0.697,0.403,0.259,0.293,0.487,-0.098,0.326,-0.259,0.564,0.499
600760SS,0.102,-0.577,0.795,0.785,-0.036,0.881,-0.368,-0.788,-0.575,0.875,0.59,0.42,-0.749,0.806,0.751,0.587,0.857,0.643,0.744,0.69,-0.654,-0.744,-0.726,0.32,-0.383,0.085,0.394,0.788,0.259,-0.329,0.186,0.567,0.631,0.797,-0.586,0.115,0.882,0.38,-0.615,-0.525,0.224,-0.761,0.373,0.403,0.821,0.9,0.78,-0.354,0.672,-0.189,0.487,0.696,0.473,0.275,-0.756,0.117,-0.359,-0.189,-0.259,-0.252,0.864,0.613,0.756,0.843,-0.418,0.261,0.883,-0.621,0.822,-0.142,0.188,0.336,0.853,0.264,-0.783,0.419,-0.113,-0.1,-0.264,-0.251,-0.672,0.612,0.548,0.913,-0.082,0.433,0.621,0.553,0.847,0.298,-0.332,-0.73,-0.087,-0.044,0.741,0.007,-0.701,0.597,0.851,0.599,0.88,0.736,0.822,0.068,0.773,0.773,0.067,0.877,0.819,-0.465,-0.722,0.252,0.721,0.639,0.669,0.574,-0.2,0.549,0.748,-0.792,0.445,0.639,-0.812,0.112,0.714,-0.314,0.373,0.334,-0.198,0.169,1.0,-0.078,-0.719,0.463,-0.315,-0.692,-0.359,0.538,0.357,0.116,0.571,0.035,-0.726,0.802,0.263,0.698,0.894,0.454,0.21,0.413,0.9,0.59,0.115,0.714,0.55,-0.046,0.291,0.058,0.207,0.692,0.903,0.176,0.72,-0.36,0.883,0.879,-0.009,0.53,0.499,0.865,0.649,0.867,-0.483,0.855,0.706,0.868,0.791,-0.09,0.909,-0.555,0.059,0.354,-0.105,-0.578,0.846,0.023,0.467,0.872,0.896,-0.658,0.502,0.779,0.83,0.388,0.026,0.313,0.533,0.688,0.437,-0.408,0.749,-0.791,-0.563,0.344,-0.109,0.89,0.519,0.594,0.787,0.702,-0.528,0.842,0.858,-0.044,-0.528,0.751,0.775
600795SS,-0.748,0.091,-0.466,-0.261,-0.389,-0.3,0.595,0.128,-0.154,-0.226,-0.664,-0.578,-0.017,-0.519,-0.579,0.304,-0.173,-0.546,-0.548,-0.271,-0.12,0.538,0.318,0.326,-0.259,0.459,0.502,-0.351,-0.552,-0.182,0.806,-0.396,-0.269,0.144,0.267,0.124,-0.236,-0.644,-0.41,-0.058,0.601,-0.191,-0.354,-0.616,-0.481,-0.343,-0.486,0.165,-0.56,0.215,-0.649,-0.429,-0.059,0.311,0.055,0.738,-0.29,0.231,0.858,-0.423,-0.183,-0.108,0.162,-0.373,0.016,-0.225,-0.369,0.658,-0.429,-0.228,0.088,-0.421,-0.495,-0.023,0.164,-0.585,-0.083,0.16,-0.209,0.629,0.607,0.077,-0.635,-0.212,0.826,-0.556,-0.62,0.327,-0.342,0.678,0.817,0.431,0.626,-0.394,-0.528,-0.703,0.571,-0.553,-0.334,-0.612,-0.16,-0.538,-0.455,-0.384,-0.398,-0.533,0.109,-0.396,-0.445,0.816,0.25,-0.193,-0.387,-0.366,-0.47,0.335,0.689,-0.046,-0.298,-0.007,-0.621,-0.507,0.189,-0.398,-0.251,0.314,-0.686,-0.623,0.808,-0.599,-0.078,1.0,0.55,0.729,0.826,0.194,0.04,0.094,-0.037,-0.701,-0.398,-0.572,-0.114,0.135,0.182,-0.621,-0.368,-0.177,-0.713,-0.609,-0.258,-0.055,-0.646,-0.593,-0.619,-0.552,-0.645,-0.54,-0.585,-0.556,-0.297,-0.652,-0.02,-0.387,-0.313,-0.236,-0.655,-0.714,-0.705,-0.352,0.536,-0.275,-0.365,-0.408,-0.363,-0.341,-0.508,-0.584,-0.165,0.279,-0.413,-0.645,-0.548,0.644,-0.198,0.636,0.406,-0.294,-0.285,-0.092,-0.578,-0.426,-0.181,-0.598,0.845,-0.406,-0.686,-0.439,-0.54,0.721,-0.173,0.291,-0.053,0.404,0.527,-0.194,-0.787,-0.647,-0.284,-0.417,-0.074,-0.307,0.219,-0.004,0.346,-0.504,-0.247
600809SS,-0.499,0.41,-0.852,-0.641,-0.257,-0.839,0.785,0.667,0.341,-0.757,-0.821,-0.683,0.547,-0.873,-0.883,-0.125,-0.658,-0.787,-0.796,-0.621,0.458,0.861,0.75,-0.058,0.13,0.188,-0.092,-0.772,-0.483,0.203,0.289,-0.726,-0.494,-0.518,0.616,0.056,-0.829,-0.675,0.332,0.303,0.294,0.481,-0.497,-0.645,-0.862,-0.792,-0.837,0.372,-0.82,0.263,-0.696,-0.759,-0.29,0.029,0.535,0.374,0.057,0.138,0.642,-0.134,-0.679,-0.523,-0.405,-0.8,0.352,-0.381,-0.777,0.859,-0.837,-0.005,-0.141,-0.532,-0.884,-0.109,0.637,-0.694,-0.012,0.313,0.126,0.62,0.886,-0.355,-0.79,-0.801,0.52,-0.667,-0.857,-0.262,-0.77,0.066,0.59,0.717,0.41,-0.238,-0.879,-0.432,0.842,-0.809,-0.831,-0.774,-0.79,-0.829,-0.841,-0.304,-0.861,-0.847,0.045,-0.794,-0.859,0.848,0.684,-0.294,-0.662,-0.633,-0.711,-0.163,0.558,-0.296,-0.725,0.594,-0.691,-0.733,0.763,-0.351,-0.604,0.473,-0.618,-0.524,0.502,-0.451,-0.719,0.55,1.0,0.016,0.588,0.621,0.233,-0.397,-0.29,-0.548,-0.612,-0.413,0.389,-0.502,-0.139,-0.901,-0.889,-0.484,-0.577,-0.687,-0.807,-0.505,-0.497,-0.833,-0.825,-0.332,-0.616,-0.385,-0.507,-0.845,-0.832,-0.569,-0.522,0.041,-0.737,-0.772,-0.378,-0.774,-0.831,-0.861,-0.154,-0.757,0.116,-0.872,-0.708,-0.888,-0.863,-0.314,-0.75,0.55,-0.309,-0.706,-0.12,0.826,-0.656,0.371,-0.015,-0.834,-0.811,0.499,-0.617,-0.871,-0.624,-0.68,0.48,-0.524,-0.794,-0.726,-0.626,0.732,-0.552,0.737,0.429,0.03,0.476,-0.721,-0.772,-0.824,-0.72,-0.668,0.281,-0.84,-0.429,0.106,0.561,-0.823,-0.703
600875SS,-0.585,-0.4,0.085,0.307,-0.471,0.223,0.25,-0.431,-0.551,0.327,-0.26,-0.32,-0.577,0.077,-0.02,0.645,0.407,-0.12,-0.045,0.292,-0.577,-0.054,-0.245,0.43,-0.64,0.301,0.484,0.205,-0.432,-0.465,0.833,-0.093,0.1,0.496,-0.261,0.25,0.303,-0.377,-0.807,-0.458,0.706,-0.654,-0.225,-0.216,0.142,0.223,0.14,-0.269,-0.019,-0.079,-0.318,0.106,0.309,0.627,-0.504,0.529,-0.613,-0.057,0.551,-0.563,0.397,0.324,0.606,0.084,-0.265,-0.157,0.211,0.243,0.105,-0.424,0.016,-0.16,0.084,0.095,-0.429,-0.301,-0.315,0.055,-0.386,0.49,0.085,0.41,-0.26,0.394,0.58,-0.323,-0.203,0.677,0.278,0.818,0.566,-0.07,0.417,-0.486,-0.071,-0.647,0.046,-0.173,0.182,-0.222,0.416,-0.03,0.15,-0.402,0.128,-0.041,0.211,0.183,0.166,0.365,-0.367,0.066,0.008,0.14,0.059,0.481,0.473,0.24,0.267,-0.552,-0.28,-0.001,-0.386,-0.399,0.249,-0.144,-0.429,-0.427,0.649,-0.494,0.463,0.729,0.016,1.0,0.507,-0.385,-0.17,0.493,0.095,-0.586,0.045,-0.549,-0.639,0.561,0.392,-0.122,0.258,-0.073,-0.578,-0.377,0.326,0.288,-0.575,-0.095,-0.233,-0.658,-0.476,-0.503,-0.528,-0.022,0.301,-0.528,0.523,-0.734,0.189,0.376,-0.677,-0.279,-0.326,0.213,0.91,0.283,-0.721,0.143,0.2,0.205,0.02,-0.671,0.432,-0.209,-0.445,-0.406,-0.552,0.168,0.387,0.64,0.668,0.246,0.292,-0.523,-0.2,0.097,0.378,-0.269,0.753,-0.265,-0.296,-0.047,-0.278,0.461,0.396,-0.291,-0.506,0.56,0.507,0.336,-0.281,-0.246,0.206,0.109,-0.521,0.221,0.663,-0.291,-0.075,-0.036,0.19
600886SS,-0.675,0.388,-0.615,-0.495,-0.09,-0.457,0.607,0.459,0.255,-0.466,-0.703,-0.427,0.26,-0.694,-0.733,0.061,-0.429,-0.522,-0.639,-0.564,0.24,0.706,0.585,0.122,-0.17,0.562,0.373,-0.638,-0.467,0.005,0.644,-0.397,-0.403,-0.021,0.475,-0.059,-0.395,-0.497,-0.33,0.332,0.387,0.042,-0.423,-0.481,-0.662,-0.585,-0.639,0.354,-0.738,0.017,-0.711,-0.718,-0.437,0.065,0.362,0.643,-0.097,0.469,0.917,-0.178,-0.416,-0.249,0.077,-0.466,0.362,-0.205,-0.556,0.692,-0.617,-0.074,0.132,-0.668,-0.641,-0.389,0.445,-0.51,0.239,0.288,-0.063,0.561,0.724,0.145,-0.641,-0.471,0.869,-0.589,-0.623,0.022,-0.575,0.582,0.889,0.687,0.47,-0.313,-0.597,-0.513,0.7,-0.622,-0.515,-0.608,-0.312,-0.672,-0.659,-0.284,-0.497,-0.649,-0.102,-0.553,-0.613,0.846,0.449,-0.362,-0.502,-0.656,-0.659,0.114,0.641,-0.362,-0.574,0.249,-0.549,-0.68,0.494,-0.227,-0.541,0.347,-0.56,-0.766,0.905,-0.517,-0.315,0.826,0.588,0.507,1.0,0.448,0.256,-0.231,-0.077,-0.632,-0.367,-0.428,0.211,0.012,0.089,-0.584,-0.523,-0.226,-0.593,-0.602,-0.479,-0.314,-0.517,-0.737,-0.623,-0.382,-0.628,-0.474,-0.491,-0.704,-0.505,-0.554,-0.317,-0.202,-0.531,-0.487,-0.542,-0.827,-0.668,-0.475,0.302,-0.447,-0.143,-0.531,-0.58,-0.477,-0.633,-0.564,-0.392,0.463,-0.367,-0.563,-0.484,0.646,-0.431,0.494,0.231,-0.428,-0.469,0.212,-0.706,-0.536,-0.53,-0.597,0.703,-0.371,-0.709,-0.513,-0.417,0.733,-0.465,0.568,0.237,0.52,0.268,-0.47,-0.782,-0.593,-0.387,-0.693,0.285,-0.512,-0.03,0.07,0.576,-0.541,-0.284
600887SS,-0.071,0.852,-0.671,-0.797,0.506,-0.605,0.388,0.954,0.852,-0.726,-0.313,0.01,0.954,-0.749,-0.667,-0.606,-0.818,-0.277,-0.543,-0.91,0.921,0.808,0.912,0.049,0.689,0.445,0.104,-0.868,0.161,0.704,-0.212,-0.143,-0.322,-0.502,0.945,-0.177,-0.624,-0.027,0.553,0.85,-0.318,0.633,0.082,-0.15,-0.747,-0.737,-0.735,0.852,-0.688,0.351,-0.213,-0.842,-0.805,-0.609,0.95,0.358,0.663,0.664,0.37,0.586,-0.774,-0.486,-0.574,-0.476,0.77,0.166,-0.736,0.371,-0.569,0.61,0.256,-0.43,-0.64,-0.417,0.955,-0.033,0.584,0.263,0.427,-0.07,0.665,-0.223,-0.299,-0.788,0.362,-0.088,-0.325,-0.632,-0.882,-0.175,0.3,0.711,0.026,0.409,-0.442,0.133,0.625,-0.288,-0.655,-0.233,-0.695,-0.526,-0.738,0.374,-0.518,-0.474,-0.559,-0.723,-0.765,0.514,0.964,-0.599,-0.289,-0.844,-0.694,-0.149,0.084,-0.55,-0.84,0.918,-0.104,-0.676,0.916,0.345,-0.83,0.783,0.003,-0.185,0.148,0.175,-0.692,0.194,0.621,-0.385,0.448,1.0,0.407,-0.842,-0.017,0.022,-0.358,0.299,0.856,-0.538,-0.387,-0.427,-0.747,0.074,0.016,-0.089,-0.722,-0.737,0.2,-0.579,-0.317,0.419,0.009,0.163,0.195,-0.705,-0.748,0.071,-0.893,0.666,-0.555,-0.816,0.223,-0.468,-0.32,-0.595,-0.539,-0.697,0.737,-0.596,-0.812,-0.588,-0.588,0.207,-0.778,0.667,0.309,-0.067,0.053,0.432,-0.724,-0.244,-0.358,-0.617,-0.683,0.877,-0.459,-0.517,-0.842,-0.253,-0.016,0.035,-0.37,-0.268,0.014,0.241,-0.915,0.937,0.916,0.061,-0.304,-0.673,-0.502,-0.29,-0.507,-0.801,0.853,-0.615,-0.581,0.506,0.709,-0.426,-0.339
600926SS,0.328,0.539,-0.162,-0.085,0.365,-0.34,-0.056,0.426,0.427,-0.196,-0.073,0.159,0.386,-0.195,-0.203,-0.138,-0.154,0.051,-0.103,-0.281,0.445,0.305,0.355,0.069,0.304,0.049,0.262,-0.409,0.088,0.424,-0.127,-0.084,-0.492,-0.377,0.364,0.305,-0.322,0.095,0.266,0.292,-0.307,0.411,0.207,-0.118,-0.332,-0.275,-0.198,0.361,-0.112,0.126,-0.175,-0.334,-0.268,-0.338,0.406,-0.065,0.343,0.135,0.147,0.289,-0.132,0.112,-0.371,-0.285,0.295,-0.158,-0.361,0.145,-0.198,0.319,-0.104,0.075,-0.275,-0.307,0.441,0.152,0.186,0.446,-0.098,-0.195,0.183,-0.265,0.165,-0.338,0.02,0.23,0.042,-0.24,-0.281,0.188,0.173,0.435,0.166,0.416,-0.18,0.49,0.408,0.051,-0.236,-0.109,-0.328,-0.082,-0.181,0.435,-0.209,-0.173,-0.048,-0.318,-0.168,0.19,0.392,-0.091,-0.05,-0.309,-0.045,0.162,-0.124,-0.072,-0.208,0.397,0.111,-0.045,0.384,0.086,-0.157,0.13,0.058,-0.13,0.149,0.291,-0.359,0.04,0.233,-0.17,0.256,0.407,1.0,-0.35,0.469,0.368,-0.469,0.254,0.394,-0.312,0.173,-0.129,-0.285,0.222,0.305,0.24,-0.169,-0.252,0.366,-0.301,0.167,0.338,0.222,0.41,0.296,-0.193,-0.209,0.386,-0.183,0.431,-0.17,-0.182,0.409,-0.172,0.089,-0.102,-0.146,-0.128,0.462,-0.183,-0.123,-0.176,-0.106,0.203,-0.18,0.377,0.456,0.261,0.553,0.086,-0.356,-0.111,-0.565,-0.21,-0.166,0.488,0.139,-0.055,-0.294,0.315,0.166,0.428,0.094,0.011,0.067,-0.052,-0.374,0.376,0.421,-0.017,-0.22,-0.371,-0.234,-0.161,-0.073,-0.168,0.327,-0.133,-0.316,0.131,0.088,-0.323,-0.107
600989SS,-0.064,-0.796,0.528,0.65,-0.62,0.402,-0.244,-0.846,-0.854,0.625,0.062,-0.225,-0.862,0.547,0.476,0.596,0.687,0.029,0.297,0.826,-0.902,-0.554,-0.757,0.06,-0.661,-0.349,0.04,0.768,-0.383,-0.678,0.403,-0.072,0.139,0.391,-0.835,0.287,0.437,-0.202,-0.465,-0.824,0.354,-0.465,-0.205,-0.19,0.535,0.57,0.525,-0.783,0.521,-0.279,-0.03,0.753,0.832,0.676,-0.801,-0.229,-0.667,-0.624,-0.127,-0.658,0.604,0.488,0.386,0.262,-0.844,-0.268,0.471,-0.084,0.342,-0.703,-0.121,0.351,0.379,0.568,-0.769,-0.172,-0.669,-0.248,-0.391,0.252,-0.468,0.088,0.104,0.634,-0.262,-0.055,0.109,0.766,0.726,0.353,0.002,-0.439,0.295,-0.411,0.247,-0.295,-0.392,0.133,0.539,-0.025,0.508,0.313,0.542,-0.449,0.298,0.272,0.666,0.435,0.59,-0.272,-0.781,0.701,0.051,0.789,0.563,0.176,0.214,0.558,0.788,-0.766,-0.158,0.552,-0.816,-0.465,0.742,-0.632,-0.254,-0.08,0.071,-0.35,0.538,0.094,-0.397,0.493,-0.231,-0.842,-0.35,1.0,0.049,-0.192,0.06,-0.4,-0.741,0.435,0.493,0.125,0.559,-0.101,-0.197,-0.04,0.591,0.772,-0.308,0.298,0.122,-0.477,-0.15,-0.211,-0.345,0.554,0.601,-0.199,0.861,-0.637,0.342,0.665,-0.318,0.206,0.153,0.406,0.525,0.524,-0.734,0.369,0.68,0.427,0.386,-0.304,0.666,-0.406,-0.284,-0.093,-0.197,-0.134,0.483,0.449,0.281,0.456,0.527,-0.814,0.32,0.329,0.683,0.116,0.239,-0.125,0.189,0.037,-0.291,-0.012,0.753,-0.808,-0.912,-0.104,0.482,0.475,0.255,-0.024,0.361,0.658,-0.832,0.495,0.496,-0.608,-0.561,0.152,0.147
601006SS,0.479,0.226,0.458,0.489,0.357,0.291,-0.284,-0.107,0.005,0.486,0.433,0.5,-0.067,0.406,0.398,0.221,0.436,0.574,0.509,0.231,0.021,-0.255,-0.173,0.387,0.229,0.211,0.684,0.165,0.358,0.319,-0.118,0.376,0.071,0.083,0.005,0.493,0.311,0.454,-0.005,-0.052,-0.225,-0.067,0.603,0.184,0.328,0.397,0.406,0.168,0.418,0.078,0.343,0.236,0.142,-0.207,-0.087,0.09,0.265,-0.004,-0.081,0.222,0.426,0.538,0.016,0.297,-0.031,0.042,0.246,-0.377,0.434,0.328,0.039,0.395,0.366,-0.063,-0.085,0.514,0.068,0.362,-0.081,-0.517,-0.307,0.049,0.612,0.344,-0.125,0.66,0.545,0.168,0.343,0.362,-0.142,-0.107,0.195,0.572,0.399,0.503,-0.06,0.614,0.397,0.402,0.286,0.498,0.445,0.641,0.354,0.455,0.004,0.283,0.449,-0.145,-0.043,0.162,0.567,0.231,0.538,0.744,-0.299,0.476,0.384,-0.049,0.504,0.519,-0.198,0.305,0.423,0.03,0.387,0.232,-0.115,0.52,0.357,-0.037,-0.29,0.095,-0.077,-0.017,0.469,0.049,1.0,0.51,-0.07,0.379,-0.053,0.162,0.465,0.341,0.37,0.67,0.542,0.617,0.535,0.294,0.544,0.266,0.591,0.439,0.596,0.635,0.543,0.318,0.49,0.555,0.308,0.322,0.528,0.452,0.51,0.338,0.518,0.585,0.202,0.462,0.244,0.437,0.45,0.473,0.483,0.269,0.483,0.037,0.663,0.597,0.419,-0.291,0.254,-0.148,-0.232,0.392,0.501,0.074,0.618,0.527,0.326,0.66,0.174,0.712,0.55,0.599,0.409,-0.446,0.146,-0.18,0.038,0.078,-0.366,0.314,0.182,0.279,0.415,0.408,-0.075,0.565,0.228,0.038,-0.272,0.213,0.447
601009SS,0.876,0.259,0.506,0.292,0.649,0.362,-0.725,-0.03,0.209,0.308,0.796,0.779,0.178,0.522,0.587,-0.354,0.205,0.731,0.612,0.148,0.225,-0.462,-0.244,0.034,0.582,-0.226,0.082,0.251,0.787,0.449,-0.753,0.654,0.183,-0.071,-0.058,0.044,0.308,0.792,0.432,0.142,-0.761,0.152,0.773,0.57,0.428,0.361,0.461,0.116,0.579,0.147,0.742,0.369,-0.06,-0.579,0.088,-0.481,0.587,0.02,-0.735,0.625,0.244,0.276,-0.265,0.394,0.036,0.341,0.297,-0.752,0.56,0.509,-0.046,0.654,0.494,-0.083,-0.018,0.82,0.215,-0.064,0.062,-0.916,-0.552,-0.2,0.842,0.263,-0.674,0.895,0.798,-0.298,0.265,-0.411,-0.713,-0.35,-0.463,0.805,0.631,0.919,-0.41,0.818,0.423,0.719,0.22,0.668,0.498,0.819,0.508,0.627,-0.221,0.336,0.475,-0.72,-0.044,0.093,0.597,0.231,0.51,0.094,-0.774,0.129,0.304,0.123,0.807,0.545,-0.158,0.603,0.281,-0.045,0.789,0.725,-0.743,0.877,0.116,-0.701,-0.548,-0.586,-0.632,0.022,0.368,-0.192,0.51,1.0,0.208,0.811,0.266,-0.111,-0.062,0.64,0.37,0.632,0.941,0.902,0.384,0.074,0.925,0.604,0.856,0.834,0.936,0.855,0.893,0.515,0.385,0.947,0.009,0.649,0.448,0.313,0.906,0.74,0.827,0.511,-0.421,0.352,0.635,0.498,0.354,0.482,0.613,0.841,0.249,-0.199,0.806,0.906,0.714,-0.7,0.2,-0.742,-0.608,0.385,0.388,0.21,0.694,0.614,0.198,0.835,-0.654,0.837,0.82,0.682,0.687,-0.846,0.001,-0.18,0.247,-0.339,-0.728,0.275,0.567,0.661,0.391,0.408,0.188,0.51,-0.189,0.228,-0.397,0.491,0.402
601012SS,0.189,-0.299,0.519,0.359,0.256,0.693,-0.305,-0.367,-0.131,0.43,0.627,0.512,-0.312,0.552,0.545,0.005,0.395,0.584,0.6,0.273,-0.18,-0.593,-0.412,0.026,-0.119,0.067,-0.112,0.454,0.476,-0.034,-0.119,0.622,0.812,0.579,-0.259,-0.321,0.674,0.546,-0.306,-0.029,-0.002,-0.49,0.301,0.802,0.671,0.54,0.566,-0.166,0.423,-0.273,0.635,0.405,0.001,0.021,-0.357,-0.022,-0.041,0.129,-0.41,0.187,0.43,0.229,0.559,0.715,0.122,0.539,0.741,-0.656,0.614,0.133,0.186,0.121,0.682,0.014,-0.475,0.487,0.181,-0.222,0.159,-0.36,-0.473,0.589,0.471,0.579,-0.11,0.352,0.56,0.021,0.47,-0.246,-0.458,-0.585,-0.568,-0.002,0.65,0.163,-0.656,0.472,0.615,0.706,0.715,0.544,0.546,0.091,0.633,0.67,-0.342,0.658,0.517,-0.563,-0.464,-0.054,0.554,0.276,0.334,0.015,-0.295,-0.004,0.322,-0.386,0.623,0.324,-0.411,0.42,0.219,-0.151,0.591,0.433,-0.378,0.358,0.571,-0.398,-0.612,0.045,-0.367,-0.358,-0.469,0.06,-0.07,0.208,1.0,0.267,-0.295,0.587,-0.23,0.731,0.606,0.263,0.321,0.346,0.49,0.103,0.24,0.714,0.434,0.167,0.325,0.061,0.282,0.509,0.534,0.22,0.179,-0.119,0.528,0.455,0.102,0.577,0.46,0.559,0.192,0.542,-0.131,0.615,0.313,0.604,0.612,0.13,0.443,-0.558,-0.047,0.363,-0.121,-0.633,0.717,-0.314,0.504,0.658,0.553,-0.266,0.235,0.576,0.43,0.231,-0.472,0.189,0.439,0.566,0.597,-0.387,0.392,-0.43,-0.154,0.323,-0.36,0.658,0.708,0.733,0.557,0.34,-0.072,0.478,0.448,0.127,-0.217,0.817,0.699
601021SS,0.61,0.364,0.293,-0.024,0.796,0.309,-0.618,0.216,0.429,0.056,0.716,0.739,0.41,0.268,0.416,-0.611,-0.075,0.628,0.387,-0.201,0.461,-0.206,0.054,0.265,0.731,0.018,0.143,0.063,0.836,0.682,-0.634,0.71,0.283,-0.019,0.227,-0.223,0.232,0.705,0.471,0.46,-0.782,0.141,0.741,0.529,0.23,0.146,0.184,0.384,0.278,0.209,0.724,0.066,-0.392,-0.644,0.358,-0.186,0.676,0.418,-0.576,0.834,0.005,0.027,-0.266,0.362,0.268,0.627,0.145,-0.611,0.436,0.717,0.137,0.306,0.359,-0.161,0.242,0.818,0.435,-0.176,0.198,-0.85,-0.28,-0.11,0.647,0.052,-0.441,0.736,0.663,-0.428,-0.016,-0.413,-0.516,-0.223,-0.533,0.881,0.56,0.698,-0.347,0.707,0.285,0.704,0.161,0.534,0.254,0.866,0.441,0.549,-0.556,0.156,0.221,-0.536,0.246,-0.282,0.519,-0.099,0.15,0.028,-0.55,-0.222,0.047,0.357,0.772,0.186,0.087,0.768,-0.064,0.345,0.793,0.619,-0.597,0.831,0.035,-0.572,-0.413,-0.549,-0.428,0.299,0.254,-0.4,0.379,0.811,0.267,1.0,0.432,-0.06,-0.33,0.536,0.242,0.61,0.752,0.769,0.201,-0.237,0.849,0.46,0.677,0.882,0.846,0.667,0.854,0.253,0.192,0.815,-0.311,0.692,0.289,0.07,0.794,0.542,0.625,0.35,-0.516,0.114,0.76,0.398,-0.003,0.403,0.445,0.826,0.05,-0.09,0.814,0.745,0.384,-0.577,0.03,-0.864,-0.495,0.304,0.216,0.416,0.342,0.49,-0.099,0.553,-0.668,0.707,0.556,0.654,0.663,-0.588,-0.284,0.074,0.513,-0.06,-0.814,0.204,0.417,0.582,0.262,0.033,0.431,0.349,-0.22,0.412,-0.142,0.471,0.417
601058SS,0.198,0.856,-0.505,-0.73,0.551,-0.556,0.121,0.867,0.817,-0.679,-0.154,0.137,0.919,-0.594,-0.505,-0.745,-0.784,-0.185,-0.417,-0.792,0.86,0.597,0.706,-0.2,0.716,0.202,-0.108,-0.712,0.246,0.602,-0.47,-0.056,-0.344,-0.541,0.716,-0.264,-0.58,0.178,0.653,0.863,-0.552,0.775,0.049,-0.013,-0.594,-0.679,-0.584,0.67,-0.495,0.217,-0.046,-0.624,-0.721,-0.677,0.927,0.014,0.815,0.56,0.095,0.69,-0.79,-0.445,-0.709,-0.423,0.623,0.144,-0.679,0.194,-0.513,0.581,0.197,-0.241,-0.548,-0.336,0.859,0.074,0.551,0.16,0.534,-0.238,0.457,-0.349,-0.124,-0.726,0.027,0.041,-0.159,-0.68,-0.776,-0.412,0.131,0.662,-0.106,0.503,-0.289,0.372,0.508,-0.14,-0.538,-0.135,-0.639,-0.425,-0.61,0.415,-0.447,-0.373,-0.448,-0.684,-0.628,0.219,0.816,-0.343,-0.323,-0.662,-0.522,-0.39,-0.055,-0.538,-0.701,0.909,0.011,-0.476,0.781,0.435,-0.7,0.547,0.123,-0.073,-0.062,0.267,-0.726,-0.114,0.389,-0.639,0.211,0.856,0.394,-0.741,-0.053,0.266,-0.295,0.432,1.0,-0.624,-0.354,-0.281,-0.654,0.048,0.26,0.064,-0.673,-0.556,0.385,-0.413,-0.131,0.574,0.197,0.347,0.308,-0.492,-0.673,0.269,-0.865,0.754,-0.576,-0.768,0.397,-0.233,-0.069,-0.53,-0.781,-0.638,0.822,-0.541,-0.678,-0.511,-0.457,0.415,-0.745,0.603,0.376,0.133,0.176,0.26,-0.707,-0.367,-0.557,-0.541,-0.628,0.822,-0.276,-0.439,-0.831,-0.072,-0.33,0.122,-0.155,-0.26,0.091,0.02,-0.877,0.787,0.795,-0.224,-0.442,-0.662,-0.266,-0.136,-0.472,-0.647,0.881,-0.552,-0.773,0.381,0.61,-0.337,-0.342
601066SS,-0.184,-0.482,0.586,0.574,0.031,0.793,-0.205,-0.617,-0.49,0.582,0.378,0.282,-0.656,0.534,0.512,0.367,0.655,0.486,0.534,0.396,-0.544,-0.525,-0.515,0.282,-0.436,0.3,0.353,0.596,0.162,-0.28,0.449,0.488,0.563,0.865,-0.432,-0.144,0.784,0.226,-0.68,-0.326,0.287,-0.763,0.137,0.255,0.562,0.635,0.495,-0.288,0.323,-0.335,0.271,0.41,0.199,0.294,-0.621,0.303,-0.417,0.12,-0.025,-0.294,0.692,0.439,0.892,0.745,-0.279,0.308,0.727,-0.394,0.584,-0.215,0.253,0.001,0.624,0.094,-0.633,0.19,0.059,-0.142,-0.285,-0.042,-0.335,0.708,0.324,0.694,0.218,0.155,0.402,0.458,0.602,0.335,-0.031,-0.547,-0.129,-0.22,0.596,-0.183,-0.533,0.351,0.753,0.422,0.84,0.494,0.548,-0.111,0.641,0.562,-0.115,0.707,0.592,-0.247,-0.573,0.091,0.49,0.313,0.328,0.468,0.183,0.209,0.515,-0.687,0.271,0.285,-0.631,0.181,0.464,-0.116,0.248,0.031,0.109,0.01,0.802,0.135,-0.502,0.561,0.012,-0.538,-0.312,0.435,0.162,-0.111,0.587,-0.06,-0.624,1.0,-0.023,0.514,0.698,0.329,0.02,0.192,0.697,0.293,-0.092,0.533,0.325,-0.166,0.041,-0.221,0.024,0.447,0.702,-0.016,0.536,-0.485,0.608,0.674,-0.205,0.263,0.243,0.653,0.685,0.729,-0.539,0.675,0.375,0.711,0.622,-0.264,0.72,-0.553,-0.168,0.117,-0.331,-0.453,0.699,0.066,0.586,0.819,0.73,-0.54,0.123,0.609,0.606,0.053,0.104,0.199,0.244,0.512,0.309,-0.057,0.531,-0.61,-0.46,0.6,-0.084,0.765,0.294,0.445,0.681,0.377,-0.39,0.618,0.809,0.009,-0.348,0.664,0.755
601088SS,0.093,-0.171,0.191,0.429,-0.413,-0.032,0.027,-0.337,-0.35,0.446,-0.097,-0.131,-0.414,0.275,0.128,0.651,0.431,-0.004,0.151,0.515,-0.408,-0.222,-0.354,0.022,-0.381,-0.093,0.321,0.189,-0.37,-0.364,0.24,-0.217,-0.177,-0.03,-0.365,0.613,0.088,-0.119,-0.342,-0.477,0.303,-0.114,-0.04,-0.142,0.233,0.247,0.33,-0.353,0.36,-0.065,-0.179,0.329,0.583,0.38,-0.393,-0.097,-0.258,-0.524,0.208,-0.372,0.348,0.466,0.032,-0.083,-0.338,-0.48,0.109,0.077,0.075,-0.302,-0.175,0.286,0.104,0.159,-0.35,-0.049,-0.437,0.303,-0.206,0.14,-0.228,-0.044,0.077,0.303,-0.052,0.048,0.017,0.522,0.404,0.599,0.181,0.034,0.597,-0.115,-0.079,-0.026,0.122,0.062,0.103,-0.148,0.132,0.091,0.285,-0.096,0.015,0.029,0.681,0.116,0.304,0.081,-0.348,0.499,0.028,0.474,0.481,0.403,-0.004,0.59,0.442,-0.361,-0.107,0.477,-0.336,-0.465,0.447,-0.531,-0.262,-0.152,0.292,-0.199,0.263,0.182,-0.139,0.392,0.089,-0.387,0.173,0.493,0.465,-0.062,-0.23,-0.33,-0.354,-0.023,1.0,-0.03,0.24,-0.011,-0.071,-0.029,0.326,0.697,-0.108,-0.057,0.061,-0.26,-0.048,0.087,-0.175,0.224,0.307,-0.098,0.572,-0.228,0.195,0.366,-0.13,0.015,0.125,0.265,0.411,0.253,-0.33,0.093,0.581,0.138,0.081,-0.261,0.4,0.134,-0.034,0.034,0.089,0.155,0.184,0.513,0.046,0.056,0.221,-0.376,0.409,0.09,0.342,0.293,0.515,-0.04,0.155,-0.024,-0.208,-0.063,0.449,-0.318,-0.474,-0.118,0.324,0.045,0.033,-0.184,0.105,0.429,-0.457,0.237,0.221,-0.479,-0.246,-0.194,-0.065
601100SS,0.568,-0.244,0.828,0.599,0.494,0.859,-0.715,-0.487,-0.127,0.683,0.907,0.852,-0.363,0.833,0.852,0.043,0.591,0.915,0.876,0.467,-0.211,-0.787,-0.576,0.103,0.025,-0.051,0.107,0.635,0.698,0.03,-0.407,0.83,0.606,0.517,-0.395,-0.093,0.819,0.827,-0.218,-0.119,-0.354,-0.426,0.649,0.814,0.826,0.771,0.811,-0.158,0.747,-0.252,0.787,0.612,0.088,-0.222,-0.398,-0.276,0.091,0.005,-0.66,0.294,0.648,0.486,0.446,0.868,-0.087,0.527,0.815,-0.94,0.873,0.22,0.182,0.451,0.905,-0.042,-0.504,0.828,0.228,-0.163,-0.05,-0.734,-0.81,0.469,0.869,0.741,-0.446,0.771,0.935,0.049,0.685,-0.174,-0.687,-0.708,-0.581,0.352,0.93,0.575,-0.827,0.86,0.812,0.917,0.764,0.858,0.808,0.468,0.885,0.907,-0.282,0.827,0.819,-0.834,-0.541,0.115,0.805,0.466,0.664,0.226,-0.645,0.21,0.574,-0.45,0.861,0.675,-0.585,0.545,0.491,-0.293,0.827,0.6,-0.594,0.639,0.698,-0.621,-0.901,-0.122,-0.584,-0.427,-0.129,0.125,0.341,0.64,0.731,0.536,-0.281,0.514,-0.03,1.0,0.836,0.607,0.71,0.787,0.769,0.272,0.633,0.868,0.881,0.485,0.717,0.479,0.671,0.774,0.792,0.683,0.369,0.126,0.791,0.709,0.51,0.799,0.871,0.87,0.112,0.757,0.045,0.895,0.602,0.878,0.894,0.391,0.686,-0.561,0.413,0.798,0.252,-0.909,0.687,-0.532,0.013,0.834,0.802,-0.266,0.636,0.898,0.572,0.711,-0.554,0.642,0.85,0.86,0.824,-0.789,0.444,-0.587,-0.161,0.126,-0.657,0.722,0.811,0.948,0.768,0.602,-0.097,0.812,0.448,0.147,-0.485,0.926,0.826
601117SS,0.331,-0.598,0.904,0.832,0.092,0.925,-0.646,-0.813,-0.535,0.89,0.769,0.57,-0.733,0.941,0.918,0.382,0.856,0.774,0.84,0.758,-0.622,-0.894,-0.824,0.22,-0.297,-0.122,0.232,0.88,0.394,-0.279,-0.061,0.68,0.586,0.653,-0.696,0.079,0.899,0.534,-0.467,-0.505,-0.055,-0.684,0.455,0.54,0.915,0.917,0.895,-0.482,0.834,-0.28,0.643,0.822,0.464,0.187,-0.742,-0.212,-0.286,-0.257,-0.533,-0.078,0.877,0.637,0.619,0.852,-0.469,0.293,0.894,-0.786,0.91,-0.138,0.076,0.487,0.935,0.202,-0.798,0.585,-0.14,-0.247,-0.271,-0.455,-0.835,0.462,0.723,0.93,-0.395,0.573,0.795,0.462,0.913,0.149,-0.506,-0.814,-0.291,0.115,0.866,0.233,-0.854,0.773,0.913,0.739,0.901,0.89,0.927,0.199,0.894,0.882,0.063,0.909,0.944,-0.727,-0.799,0.34,0.746,0.725,0.787,0.4,-0.399,0.464,0.856,-0.759,0.612,0.777,-0.871,0.208,0.769,-0.468,0.545,0.461,-0.375,0.34,0.894,-0.368,-0.889,0.258,-0.523,-0.747,-0.285,0.559,0.37,0.37,0.606,0.242,-0.654,0.698,0.24,0.836,1.0,0.465,0.412,0.588,0.958,0.571,0.313,0.851,0.754,0.117,0.481,0.236,0.362,0.842,0.968,0.407,0.736,-0.26,0.875,0.937,0.194,0.73,0.724,0.947,0.448,0.889,-0.342,0.946,0.804,0.957,0.912,0.111,0.939,-0.659,0.206,0.556,0.06,-0.792,0.824,-0.198,0.223,0.923,0.941,-0.626,0.636,0.903,0.827,0.597,-0.226,0.453,0.722,0.77,0.531,-0.588,0.743,-0.863,-0.554,0.18,-0.268,0.862,0.713,0.727,0.823,0.783,-0.53,0.931,0.681,-0.174,-0.685,0.831,0.769
601138SS,0.511,0.182,0.543,0.348,0.632,0.568,-0.433,-0.11,0.096,0.496,0.709,0.783,0.04,0.483,0.536,-0.077,0.355,0.775,0.616,0.099,0.11,-0.34,-0.166,0.393,0.456,0.313,0.577,0.255,0.702,0.471,-0.275,0.741,0.377,0.308,0.107,0.126,0.562,0.707,0.057,0.133,-0.409,-0.177,0.817,0.419,0.431,0.519,0.431,0.363,0.46,0.19,0.629,0.268,-0.101,-0.45,0.007,0.173,0.43,0.313,-0.296,0.46,0.419,0.458,0.12,0.635,0.091,0.51,0.395,-0.661,0.637,0.534,0.407,0.43,0.571,-0.025,-0.038,0.743,0.362,0.053,0.09,-0.767,-0.436,0.265,0.745,0.436,-0.156,0.824,0.749,0.047,0.307,0.018,-0.375,-0.31,-0.184,0.666,0.69,0.566,-0.388,0.782,0.59,0.694,0.439,0.65,0.496,0.741,0.601,0.699,-0.388,0.451,0.48,-0.387,0.015,-0.045,0.764,0.154,0.409,0.568,-0.462,0.28,0.333,-0.036,0.689,0.421,-0.235,0.653,0.288,0.247,0.694,0.503,-0.382,0.71,0.454,-0.177,-0.484,-0.073,-0.226,0.074,0.222,-0.101,0.67,0.632,0.263,0.61,0.048,0.329,-0.011,0.607,0.465,1.0,0.686,0.824,0.544,0.138,0.733,0.521,0.74,0.704,0.769,0.648,0.814,0.446,0.52,0.735,0.102,0.506,0.657,0.43,0.659,0.506,0.652,0.659,0.057,0.538,0.387,0.613,0.29,0.648,0.648,0.468,0.441,-0.146,0.719,0.755,0.345,-0.542,0.326,-0.466,-0.161,0.599,0.575,0.079,0.507,0.695,0.302,0.644,-0.211,0.839,0.648,0.803,0.741,-0.622,0.063,-0.198,0.193,0.162,-0.64,0.508,0.334,0.631,0.59,0.311,0.154,0.646,0.29,0.38,-0.216,0.589,0.7
601166SS,0.896,0.271,0.584,0.351,0.71,0.428,-0.637,-0.025,0.26,0.373,0.804,0.861,0.144,0.555,0.606,-0.28,0.278,0.806,0.695,0.157,0.246,-0.481,-0.242,-0.04,0.506,-0.1,0.081,0.261,0.778,0.43,-0.735,0.656,0.261,0.019,-0.038,0.054,0.389,0.887,0.367,0.212,-0.697,0.182,0.724,0.65,0.481,0.43,0.519,0.165,0.584,-0.018,0.742,0.37,-0.084,-0.578,0.069,-0.4,0.577,0.064,-0.666,0.593,0.295,0.371,-0.137,0.524,0.11,0.339,0.386,-0.796,0.562,0.512,0.129,0.569,0.554,-0.084,-0.044,0.808,0.335,0.082,0.198,-0.906,-0.589,0.015,0.896,0.31,-0.593,0.907,0.848,-0.254,0.317,-0.396,-0.698,-0.318,-0.45,0.742,0.697,0.947,-0.426,0.818,0.506,0.752,0.284,0.661,0.521,0.775,0.524,0.671,-0.271,0.417,0.518,-0.708,-0.075,0.157,0.644,0.253,0.553,0.154,-0.724,0.192,0.312,0.096,0.827,0.582,-0.162,0.693,0.302,-0.038,0.848,0.641,-0.714,0.863,0.21,-0.713,-0.577,-0.578,-0.593,0.016,0.305,-0.197,0.542,0.941,0.321,0.752,0.26,0.02,-0.071,0.71,0.412,0.686,1.0,0.925,0.429,0.089,0.939,0.618,0.872,0.852,0.929,0.878,0.913,0.563,0.44,0.951,0.02,0.661,0.507,0.343,0.911,0.731,0.88,0.572,-0.364,0.465,0.573,0.536,0.375,0.528,0.673,0.72,0.303,-0.155,0.761,0.945,0.696,-0.702,0.261,-0.675,-0.496,0.475,0.467,0.223,0.724,0.644,0.228,0.839,-0.649,0.859,0.876,0.713,0.79,-0.877,0.039,-0.202,0.228,-0.24,-0.79,0.312,0.644,0.754,0.493,0.434,0.245,0.527,-0.093,0.259,-0.303,0.582,0.522
601169SS,0.824,0.083,0.715,0.48,0.672,0.6,-0.716,-0.2,0.106,0.556,0.89,0.889,-0.016,0.684,0.751,-0.162,0.429,0.886,0.774,0.286,0.083,-0.566,-0.346,0.189,0.439,-0.023,0.254,0.428,0.791,0.405,-0.605,0.761,0.359,0.172,-0.117,0.122,0.563,0.861,0.222,0.065,-0.624,-0.039,0.842,0.618,0.603,0.607,0.626,0.143,0.697,0.041,0.788,0.486,0.007,-0.482,-0.07,-0.294,0.438,0.068,-0.658,0.533,0.476,0.502,-0.018,0.662,-0.002,0.444,0.504,-0.853,0.736,0.474,0.22,0.632,0.701,-0.001,-0.156,0.891,0.27,-0.026,0.065,-0.92,-0.699,0.124,0.954,0.496,-0.57,0.973,0.935,-0.062,0.463,-0.23,-0.684,-0.45,-0.41,0.745,0.819,0.84,-0.591,0.931,0.667,0.837,0.438,0.806,0.666,0.795,0.687,0.815,-0.298,0.541,0.657,-0.742,-0.171,0.131,0.776,0.359,0.631,0.312,-0.711,0.276,0.476,-0.067,0.865,0.656,-0.341,0.672,0.412,-0.03,0.857,0.672,-0.693,0.869,0.413,-0.609,-0.687,-0.377,-0.602,-0.089,0.24,-0.04,0.617,0.902,0.346,0.769,0.064,0.192,-0.029,0.787,0.588,0.824,0.925,1.0,0.62,0.171,0.925,0.7,0.948,0.819,0.959,0.844,0.931,0.678,0.615,0.95,0.177,0.566,0.683,0.528,0.869,0.758,0.916,0.736,-0.17,0.606,0.463,0.703,0.484,0.717,0.805,0.666,0.499,-0.239,0.824,0.966,0.577,-0.767,0.378,-0.647,-0.41,0.646,0.648,0.075,0.751,0.812,0.38,0.887,-0.547,0.918,0.911,0.848,0.808,-0.877,0.156,-0.342,0.121,-0.128,-0.752,0.492,0.658,0.793,0.645,0.518,0.097,0.728,0.138,0.221,-0.392,0.687,0.663
601186SS,0.369,-0.547,0.923,0.906,0.064,0.885,-0.586,-0.809,-0.578,0.931,0.733,0.54,-0.736,0.933,0.904,0.472,0.916,0.777,0.864,0.792,-0.632,-0.862,-0.816,0.326,-0.275,-0.067,0.366,0.859,0.365,-0.232,-0.001,0.624,0.541,0.626,-0.66,0.249,0.878,0.51,-0.445,-0.565,0.004,-0.652,0.506,0.459,0.9,0.938,0.903,-0.438,0.841,-0.219,0.601,0.826,0.54,0.207,-0.756,-0.134,-0.268,-0.303,-0.457,-0.129,0.925,0.73,0.583,0.81,-0.496,0.207,0.879,-0.737,0.906,-0.113,0.061,0.557,0.908,0.252,-0.792,0.562,-0.2,-0.113,-0.302,-0.443,-0.797,0.423,0.746,0.944,-0.353,0.623,0.782,0.524,0.929,0.252,-0.449,-0.764,-0.151,0.155,0.833,0.254,-0.759,0.781,0.924,0.693,0.875,0.884,0.948,0.244,0.851,0.866,0.127,0.884,0.959,-0.647,-0.766,0.405,0.776,0.753,0.85,0.568,-0.351,0.6,0.892,-0.74,0.595,0.83,-0.872,0.187,0.844,-0.424,0.499,0.429,-0.335,0.358,0.9,-0.258,-0.807,0.326,-0.479,-0.722,-0.169,0.591,0.535,0.384,0.49,0.201,-0.673,0.697,0.326,0.769,0.958,0.544,0.429,0.62,1.0,0.612,0.328,0.805,0.759,0.12,0.505,0.308,0.374,0.837,0.994,0.425,0.804,-0.233,0.908,0.976,0.223,0.699,0.706,0.965,0.53,0.932,-0.34,0.918,0.849,0.946,0.921,0.1,0.979,-0.616,0.274,0.566,0.14,-0.729,0.832,-0.118,0.2,0.914,0.973,-0.59,0.712,0.913,0.885,0.641,-0.087,0.528,0.742,0.787,0.493,-0.568,0.761,-0.858,-0.565,0.161,-0.21,0.871,0.64,0.653,0.845,0.845,-0.579,0.966,0.724,-0.179,-0.695,0.757,0.784
601225SS,0.177,-0.515,0.543,0.65,-0.442,0.399,-0.268,-0.738,-0.68,0.719,0.244,0.01,-0.698,0.622,0.518,0.614,0.685,0.214,0.46,0.783,-0.738,-0.624,-0.751,-0.029,-0.408,-0.274,0.165,0.659,-0.159,-0.516,0.157,0.094,0.175,0.335,-0.722,0.325,0.465,0.06,-0.375,-0.694,0.205,-0.376,0.054,-0.014,0.601,0.637,0.597,-0.595,0.649,-0.073,0.177,0.756,0.8,0.413,-0.705,-0.229,-0.338,-0.58,-0.192,-0.458,0.612,0.499,0.272,0.323,-0.701,-0.244,0.499,-0.282,0.435,-0.411,-0.129,0.532,0.487,0.475,-0.704,0.074,-0.476,-0.099,-0.245,-0.033,-0.566,0.036,0.306,0.662,-0.304,0.213,0.282,0.635,0.736,0.256,-0.198,-0.438,0.369,-0.154,0.322,-0.018,-0.34,0.315,0.53,0.141,0.487,0.414,0.609,-0.166,0.347,0.392,0.703,0.511,0.62,-0.341,-0.671,0.678,0.261,0.813,0.679,0.299,-0.097,0.735,0.762,-0.673,0.037,0.686,-0.741,-0.305,0.757,-0.611,-0.048,0.203,-0.093,-0.102,0.59,-0.055,-0.505,0.288,-0.314,-0.737,-0.252,0.772,0.294,0.074,0.103,-0.237,-0.556,0.293,0.697,0.272,0.571,0.138,0.089,0.171,0.612,1.0,-0.032,0.414,0.299,-0.189,0.132,0.078,-0.052,0.608,0.624,0.013,0.758,-0.322,0.497,0.649,-0.054,0.373,0.343,0.516,0.38,0.559,-0.483,0.447,0.792,0.467,0.455,-0.067,0.648,-0.242,-0.086,0.165,0.032,-0.172,0.493,0.339,0.169,0.44,0.536,-0.727,0.541,0.384,0.677,0.341,0.147,0.088,0.39,0.221,-0.041,-0.323,0.738,-0.739,-0.756,-0.232,0.245,0.491,0.329,0.158,0.377,0.735,-0.665,0.545,0.386,-0.448,-0.53,0.223,0.204
601229SS,0.859,0.359,0.475,0.199,0.782,0.328,-0.598,0.124,0.396,0.29,0.765,0.858,0.301,0.436,0.52,-0.377,0.136,0.75,0.572,0.021,0.388,-0.326,-0.08,0.102,0.634,-0.002,0.134,0.132,0.795,0.574,-0.748,0.647,0.222,-0.094,0.145,0.091,0.304,0.864,0.433,0.343,-0.742,0.259,0.781,0.617,0.378,0.325,0.412,0.357,0.505,0.117,0.724,0.243,-0.213,-0.642,0.247,-0.3,0.681,0.201,-0.588,0.75,0.17,0.332,-0.289,0.439,0.253,0.435,0.236,-0.714,0.504,0.66,0.242,0.519,0.469,-0.086,0.141,0.862,0.394,0.079,0.295,-0.926,-0.504,-0.011,0.839,0.21,-0.54,0.913,0.805,-0.281,0.17,-0.356,-0.603,-0.182,-0.411,0.861,0.626,0.917,-0.362,0.802,0.392,0.725,0.16,0.592,0.422,0.885,0.467,0.622,-0.409,0.264,0.394,-0.616,0.109,0.012,0.614,0.133,0.439,0.13,-0.725,0.1,0.206,0.261,0.821,0.474,-0.031,0.741,0.134,0.117,0.832,0.613,-0.681,0.892,0.115,-0.646,-0.497,-0.575,-0.517,0.2,0.366,-0.308,0.544,0.925,0.24,0.849,0.385,-0.092,-0.108,0.633,0.313,0.733,0.939,0.925,0.328,-0.032,1.0,0.495,0.825,0.937,0.952,0.921,0.948,0.461,0.325,0.964,-0.124,0.776,0.436,0.221,0.939,0.644,0.824,0.492,-0.432,0.334,0.711,0.452,0.248,0.463,0.572,0.745,0.192,-0.003,0.881,0.941,0.632,-0.608,0.122,-0.703,-0.543,0.376,0.37,0.372,0.637,0.588,0.077,0.826,-0.619,0.865,0.799,0.686,0.788,-0.813,-0.126,-0.037,0.386,-0.22,-0.817,0.213,0.561,0.684,0.42,0.282,0.386,0.46,-0.155,0.3,-0.141,0.497,0.47
601238SS,0.511,-0.405,0.811,0.674,0.252,0.875,-0.684,-0.65,-0.4,0.712,0.915,0.667,-0.474,0.888,0.9,0.055,0.674,0.824,0.868,0.591,-0.404,-0.905,-0.753,0.101,0.051,-0.225,0.051,0.784,0.672,-0.043,-0.336,0.804,0.718,0.54,-0.559,-0.126,0.822,0.686,-0.121,-0.349,-0.283,-0.531,0.601,0.674,0.879,0.821,0.814,-0.38,0.8,-0.104,0.866,0.781,0.331,-0.073,-0.573,-0.306,0.026,-0.17,-0.78,0.162,0.712,0.43,0.438,0.822,-0.35,0.456,0.857,-0.907,0.92,0.089,-0.025,0.603,0.912,0.18,-0.675,0.69,-0.029,-0.354,-0.105,-0.657,-0.77,0.242,0.791,0.795,-0.554,0.694,0.84,0.13,0.761,-0.274,-0.772,-0.889,-0.516,0.3,0.894,0.429,-0.847,0.838,0.856,0.877,0.807,0.917,0.867,0.358,0.874,0.923,-0.085,0.868,0.842,-0.867,-0.632,0.237,0.8,0.616,0.701,0.231,-0.565,0.352,0.71,-0.532,0.752,0.705,-0.718,0.415,0.656,-0.292,0.745,0.771,-0.679,0.598,0.714,-0.593,-0.833,-0.095,-0.737,-0.579,-0.301,0.298,0.266,0.604,0.714,0.46,-0.413,0.533,-0.057,0.868,0.851,0.521,0.618,0.7,0.805,0.414,0.495,1.0,0.798,0.353,0.666,0.362,0.556,0.808,0.827,0.558,0.482,-0.005,0.818,0.771,0.408,0.921,0.767,0.834,0.115,0.767,-0.038,0.881,0.657,0.856,0.906,0.468,0.722,-0.739,0.295,0.654,0.255,-0.885,0.784,-0.513,0.106,0.838,0.796,-0.43,0.651,0.856,0.735,0.608,-0.565,0.544,0.775,0.832,0.669,-0.722,0.604,-0.749,-0.322,-0.007,-0.427,0.851,0.799,0.847,0.717,0.731,-0.347,0.826,0.418,0.03,-0.703,0.897,0.736
601288SS,0.762,-0.09,0.823,0.622,0.561,0.733,-0.803,-0.397,-0.071,0.679,0.919,0.875,-0.238,0.819,0.857,-0.034,0.581,0.93,0.846,0.454,-0.125,-0.724,-0.534,0.174,0.224,-0.115,0.234,0.587,0.731,0.19,-0.52,0.795,0.384,0.301,-0.332,0.116,0.698,0.847,0.014,-0.102,-0.544,-0.225,0.77,0.666,0.736,0.72,0.767,-0.076,0.803,-0.072,0.797,0.623,0.134,-0.318,-0.281,-0.367,0.26,-0.045,-0.695,0.403,0.626,0.576,0.168,0.741,-0.159,0.406,0.644,-0.911,0.837,0.317,0.116,0.665,0.817,0.015,-0.373,0.875,0.16,-0.089,-0.066,-0.866,-0.803,0.198,0.972,0.655,-0.586,0.926,0.977,0.071,0.632,-0.133,-0.68,-0.591,-0.438,0.619,0.888,0.772,-0.703,0.957,0.77,0.86,0.608,0.89,0.797,0.687,0.808,0.878,-0.191,0.692,0.804,-0.823,-0.404,0.232,0.802,0.489,0.738,0.321,-0.714,0.325,0.623,-0.288,0.866,0.752,-0.526,0.579,0.554,-0.227,0.829,0.653,-0.641,0.774,0.55,-0.619,-0.825,-0.233,-0.623,-0.317,0.167,0.122,0.591,0.856,0.434,0.677,-0.131,0.325,0.061,0.881,0.754,0.74,0.872,0.948,0.759,0.299,0.825,0.798,1.0,0.662,0.894,0.742,0.827,0.778,0.761,0.889,0.368,0.341,0.765,0.693,0.744,0.822,0.951,0.855,-0.013,0.729,0.258,0.833,0.632,0.836,0.897,0.577,0.658,-0.413,0.691,0.94,0.509,-0.87,0.531,-0.579,-0.303,0.762,0.774,-0.128,0.782,0.906,0.534,0.902,-0.512,0.867,0.945,0.878,0.791,-0.876,0.341,-0.527,-0.078,-0.069,-0.684,0.615,0.723,0.847,0.731,0.642,-0.082,0.835,0.258,0.102,-0.542,0.768,0.715
601318SS,0.727,0.505,0.267,-0.047,0.851,0.192,-0.474,0.328,0.558,0.069,0.65,0.786,0.511,0.213,0.333,-0.557,-0.108,0.608,0.388,-0.233,0.568,-0.112,0.145,0.086,0.79,0.139,0.135,-0.061,0.791,0.72,-0.727,0.603,0.169,-0.156,0.351,-0.091,0.148,0.768,0.557,0.554,-0.78,0.36,0.719,0.499,0.156,0.121,0.157,0.538,0.273,0.185,0.647,0.019,-0.41,-0.749,0.465,-0.172,0.784,0.406,-0.472,0.834,-0.057,0.109,-0.387,0.329,0.381,0.503,0.055,-0.583,0.323,0.74,0.318,0.337,0.289,-0.158,0.361,0.772,0.547,0.019,0.389,-0.872,-0.288,-0.064,0.68,-0.007,-0.408,0.797,0.652,-0.424,-0.069,-0.439,-0.504,-0.031,-0.385,0.875,0.501,0.827,-0.234,0.665,0.23,0.629,0.005,0.42,0.186,0.867,0.321,0.475,-0.517,0.078,0.157,-0.46,0.352,-0.16,0.488,-0.09,0.176,0.053,-0.599,-0.089,-0.023,0.461,0.709,0.221,0.183,0.802,-0.098,0.345,0.78,0.543,-0.601,0.846,-0.046,-0.552,-0.332,-0.658,-0.382,0.419,0.338,-0.477,0.439,0.834,0.167,0.882,0.574,-0.166,-0.26,0.485,0.117,0.704,0.852,0.819,0.12,-0.189,0.937,0.353,0.662,1.0,0.881,0.83,0.932,0.261,0.112,0.876,-0.373,0.891,0.253,-0.019,0.914,0.48,0.666,0.294,-0.576,0.115,0.831,0.289,-0.006,0.301,0.388,0.761,-0.027,0.154,0.851,0.822,0.518,-0.448,-0.085,-0.747,-0.563,0.22,0.162,0.526,0.409,0.406,-0.162,0.624,-0.631,0.773,0.619,0.57,0.717,-0.673,-0.353,0.18,0.574,-0.182,-0.847,0.057,0.392,0.58,0.241,0.027,0.563,0.274,-0.282,0.42,0.045,0.4,0.355
601319SS,0.841,0.193,0.606,0.359,0.681,0.49,-0.687,-0.083,0.184,0.44,0.872,0.853,0.123,0.594,0.679,-0.282,0.295,0.825,0.7,0.188,0.191,-0.498,-0.27,0.186,0.576,-0.057,0.203,0.327,0.828,0.487,-0.691,0.745,0.352,0.051,-0.03,0.092,0.457,0.856,0.351,0.16,-0.679,0.059,0.838,0.631,0.539,0.492,0.543,0.208,0.641,0.145,0.839,0.418,-0.04,-0.528,0.048,-0.302,0.582,0.104,-0.681,0.655,0.335,0.382,-0.169,0.555,0.066,0.466,0.409,-0.817,0.668,0.584,0.15,0.63,0.624,0.009,-0.062,0.9,0.266,-0.036,0.178,-0.948,-0.605,-0.013,0.901,0.389,-0.597,0.959,0.878,-0.153,0.347,-0.332,-0.693,-0.392,-0.412,0.835,0.742,0.85,-0.505,0.901,0.546,0.815,0.338,0.743,0.584,0.862,0.606,0.758,-0.311,0.43,0.548,-0.712,-0.056,0.075,0.732,0.294,0.564,0.236,-0.732,0.219,0.384,0.082,0.871,0.592,-0.227,0.705,0.32,0.048,0.857,0.737,-0.737,0.892,0.291,-0.645,-0.616,-0.476,-0.628,0.009,0.222,-0.15,0.596,0.936,0.325,0.846,0.197,0.041,-0.048,0.717,0.481,0.769,0.929,0.959,0.505,0.132,0.952,0.666,0.894,0.881,1.0,0.877,0.942,0.591,0.5,0.94,0.045,0.655,0.594,0.401,0.901,0.777,0.87,0.635,-0.317,0.464,0.589,0.608,0.405,0.615,0.711,0.775,0.364,-0.184,0.847,0.946,0.583,-0.706,0.301,-0.707,-0.445,0.52,0.52,0.188,0.719,0.716,0.275,0.85,-0.61,0.872,0.862,0.808,0.788,-0.856,0.061,-0.235,0.226,-0.218,-0.761,0.418,0.635,0.747,0.508,0.446,0.18,0.627,-0.015,0.253,-0.328,0.61,0.562
601328SS,0.873,0.364,0.444,0.269,0.606,0.182,-0.477,0.112,0.33,0.335,0.621,0.702,0.253,0.398,0.454,-0.187,0.181,0.632,0.511,0.12,0.319,-0.272,-0.094,0.084,0.535,-0.042,0.147,0.093,0.608,0.485,-0.711,0.442,0.064,-0.23,0.118,0.357,0.192,0.749,0.425,0.224,-0.612,0.352,0.684,0.482,0.338,0.318,0.411,0.319,0.517,0.144,0.59,0.268,-0.058,-0.541,0.195,-0.312,0.601,0.009,-0.466,0.609,0.176,0.425,-0.402,0.289,0.19,0.165,0.152,-0.593,0.403,0.575,0.154,0.59,0.376,-0.003,0.116,0.725,0.231,0.239,0.305,-0.815,-0.496,-0.094,0.775,0.2,-0.526,0.87,0.706,-0.134,0.193,-0.234,-0.52,-0.062,-0.197,0.794,0.481,0.885,-0.224,0.707,0.301,0.558,0.041,0.502,0.399,0.806,0.319,0.493,-0.201,0.173,0.369,-0.502,0.079,0.187,0.528,0.237,0.52,0.193,-0.694,0.291,0.242,0.256,0.681,0.546,-0.039,0.582,0.215,0.011,0.657,0.511,-0.606,0.782,0.058,-0.54,-0.385,-0.503,-0.474,0.163,0.41,-0.211,0.635,0.855,0.061,0.667,0.347,-0.221,0.087,0.479,0.236,0.648,0.878,0.844,0.308,0.078,0.921,0.362,0.742,0.83,0.877,1.0,0.845,0.445,0.297,0.895,-0.02,0.743,0.399,0.225,0.896,0.564,0.769,0.44,-0.362,0.316,0.622,0.34,0.333,0.354,0.492,0.62,0.194,0.111,0.847,0.884,0.698,-0.449,0.078,-0.483,-0.563,0.254,0.343,0.346,0.704,0.496,0.121,0.859,-0.432,0.816,0.783,0.555,0.647,-0.784,-0.061,-0.031,0.282,-0.335,-0.643,0.117,0.481,0.53,0.359,0.357,0.279,0.418,-0.165,0.128,-0.108,0.311,0.336
601336SS,0.771,0.334,0.467,0.214,0.805,0.423,-0.58,0.085,0.371,0.316,0.805,0.876,0.276,0.446,0.54,-0.35,0.155,0.79,0.597,-0.009,0.363,-0.345,-0.076,0.151,0.658,0.093,0.23,0.148,0.861,0.608,-0.693,0.732,0.296,0.037,0.166,-0.011,0.368,0.84,0.385,0.326,-0.697,0.111,0.854,0.59,0.375,0.379,0.38,0.389,0.47,0.165,0.753,0.213,-0.253,-0.698,0.199,-0.194,0.628,0.259,-0.568,0.704,0.226,0.263,-0.166,0.523,0.242,0.498,0.303,-0.759,0.565,0.671,0.232,0.475,0.522,-0.153,0.11,0.876,0.474,0.01,0.189,-0.939,-0.487,0.049,0.83,0.243,-0.449,0.917,0.817,-0.304,0.183,-0.351,-0.658,-0.286,-0.434,0.843,0.669,0.849,-0.421,0.82,0.441,0.781,0.227,0.649,0.423,0.884,0.533,0.669,-0.45,0.354,0.398,-0.592,0.114,-0.117,0.709,0.091,0.384,0.238,-0.726,0.092,0.186,0.192,0.824,0.415,-0.051,0.763,0.141,0.199,0.871,0.684,-0.678,0.899,0.207,-0.585,-0.507,-0.528,-0.491,0.195,0.296,-0.345,0.543,0.893,0.282,0.854,0.308,0.024,-0.175,0.671,0.362,0.814,0.913,0.931,0.374,-0.052,0.948,0.556,0.827,0.932,0.942,0.845,1.0,0.433,0.366,0.933,-0.127,0.767,0.523,0.256,0.915,0.637,0.791,0.539,-0.363,0.367,0.677,0.531,0.215,0.521,0.61,0.742,0.233,-0.07,0.859,0.911,0.603,-0.634,0.171,-0.752,-0.472,0.435,0.416,0.304,0.583,0.627,0.119,0.76,-0.584,0.874,0.769,0.77,0.824,-0.815,-0.099,-0.055,0.41,-0.102,-0.843,0.302,0.509,0.731,0.457,0.259,0.35,0.508,-0.038,0.407,-0.202,0.58,0.538
601360SS,0.59,-0.569,0.905,0.807,0.089,0.757,-0.645,-0.733,-0.45,0.852,0.758,0.562,-0.625,0.939,0.937,0.28,0.804,0.725,0.85,0.816,-0.526,-0.871,-0.799,0.081,-0.201,-0.306,-0.03,0.857,0.362,-0.189,-0.266,0.531,0.45,0.365,-0.682,0.252,0.792,0.587,-0.179,-0.474,-0.177,-0.359,0.425,0.519,0.891,0.878,0.908,-0.438,0.945,-0.245,0.65,0.889,0.545,0.15,-0.642,-0.439,-0.167,-0.391,-0.651,-0.008,0.8,0.715,0.33,0.752,-0.471,0.19,0.795,-0.775,0.821,-0.081,0.1,0.716,0.884,0.372,-0.71,0.593,-0.228,-0.19,-0.057,-0.517,-0.921,0.291,0.795,0.841,-0.637,0.655,0.793,0.454,0.882,-0.055,-0.606,-0.699,-0.255,0.151,0.803,0.438,-0.829,0.749,0.843,0.683,0.695,0.828,0.914,0.191,0.761,0.84,0.16,0.811,0.92,-0.847,-0.744,0.578,0.657,0.849,0.869,0.191,-0.51,0.574,0.882,-0.6,0.578,0.874,-0.801,0.234,0.776,-0.555,0.557,0.506,-0.543,0.424,0.692,-0.556,-0.845,-0.022,-0.704,-0.705,-0.193,0.554,0.318,0.515,0.509,0.253,-0.492,0.447,0.224,0.774,0.842,0.446,0.563,0.678,0.837,0.608,0.461,0.808,0.778,0.261,0.591,0.445,0.433,1.0,0.854,0.539,0.69,-0.071,0.77,0.842,0.411,0.778,0.807,0.828,0.208,0.849,-0.208,0.813,0.861,0.827,0.889,0.235,0.798,-0.522,0.262,0.665,0.292,-0.728,0.676,-0.198,0.009,0.8,0.841,-0.47,0.766,0.842,0.772,0.742,-0.389,0.512,0.845,0.667,0.521,-0.711,0.712,-0.827,-0.527,-0.151,-0.247,0.703,0.826,0.724,0.756,0.85,-0.468,0.837,0.445,-0.296,-0.599,0.729,0.625
601390SS,0.375,-0.563,0.937,0.906,0.06,0.901,-0.605,-0.825,-0.586,0.93,0.741,0.546,-0.75,0.947,0.913,0.461,0.915,0.78,0.876,0.802,-0.646,-0.884,-0.837,0.272,-0.296,-0.098,0.317,0.878,0.367,-0.264,-0.025,0.629,0.563,0.644,-0.69,0.212,0.891,0.526,-0.451,-0.562,-0.008,-0.65,0.479,0.493,0.921,0.945,0.918,-0.468,0.85,-0.255,0.608,0.848,0.541,0.211,-0.769,-0.175,-0.275,-0.31,-0.488,-0.139,0.916,0.715,0.602,0.829,-0.501,0.211,0.9,-0.758,0.906,-0.138,0.065,0.554,0.918,0.253,-0.814,0.556,-0.199,-0.13,-0.289,-0.444,-0.818,0.437,0.749,0.955,-0.372,0.613,0.789,0.514,0.943,0.202,-0.474,-0.782,-0.193,0.128,0.848,0.258,-0.78,0.776,0.938,0.703,0.891,0.882,0.955,0.217,0.855,0.872,0.127,0.899,0.971,-0.679,-0.796,0.427,0.763,0.768,0.859,0.519,-0.358,0.586,0.893,-0.759,0.603,0.841,-0.886,0.192,0.85,-0.455,0.508,0.433,-0.361,0.35,0.903,-0.297,-0.832,0.301,-0.505,-0.748,-0.209,0.601,0.49,0.385,0.534,0.192,-0.673,0.702,0.307,0.792,0.968,0.52,0.44,0.615,0.994,0.624,0.325,0.827,0.761,0.112,0.5,0.297,0.366,0.854,1.0,0.42,0.803,-0.246,0.9,0.977,0.22,0.717,0.721,0.965,0.512,0.938,-0.356,0.922,0.855,0.947,0.93,0.099,0.974,-0.64,0.242,0.567,0.13,-0.753,0.85,-0.122,0.215,0.928,0.977,-0.61,0.713,0.911,0.888,0.633,-0.132,0.512,0.751,0.776,0.502,-0.585,0.775,-0.878,-0.586,0.146,-0.222,0.88,0.677,0.678,0.843,0.856,-0.575,0.96,0.711,-0.173,-0.697,0.78,0.786
601398SS,0.867,0.249,0.572,0.313,0.749,0.414,-0.704,-0.003,0.276,0.352,0.796,0.86,0.171,0.522,0.606,-0.322,0.233,0.789,0.631,0.127,0.262,-0.422,-0.193,0.096,0.541,-0.08,0.132,0.251,0.78,0.48,-0.715,0.669,0.168,-0.016,0.005,0.096,0.373,0.85,0.375,0.221,-0.735,0.166,0.777,0.584,0.432,0.401,0.48,0.225,0.563,0.033,0.714,0.327,-0.132,-0.591,0.121,-0.38,0.564,0.122,-0.652,0.643,0.278,0.375,-0.201,0.487,0.101,0.392,0.317,-0.761,0.568,0.547,0.167,0.563,0.531,-0.076,0.029,0.842,0.337,0.032,0.135,-0.92,-0.581,-0.014,0.884,0.286,-0.597,0.922,0.851,-0.226,0.272,-0.316,-0.634,-0.285,-0.452,0.801,0.693,0.922,-0.448,0.836,0.476,0.733,0.246,0.667,0.499,0.832,0.541,0.659,-0.336,0.359,0.495,-0.689,-0.02,0.079,0.63,0.206,0.507,0.153,-0.725,0.128,0.303,0.129,0.818,0.536,-0.155,0.697,0.258,0.012,0.823,0.607,-0.682,0.865,0.176,-0.652,-0.569,-0.528,-0.554,0.071,0.386,-0.199,0.555,0.947,0.22,0.815,0.269,-0.016,-0.098,0.683,0.407,0.735,0.951,0.95,0.425,0.013,0.964,0.558,0.889,0.876,0.94,0.895,0.933,0.539,0.42,1.0,0.006,0.68,0.49,0.337,0.922,0.674,0.864,0.565,-0.355,0.423,0.606,0.538,0.338,0.541,0.653,0.729,0.299,-0.132,0.858,0.953,0.669,-0.702,0.188,-0.702,-0.581,0.454,0.459,0.257,0.681,0.668,0.182,0.862,-0.607,0.902,0.849,0.721,0.767,-0.842,-0.033,-0.161,0.269,-0.218,-0.796,0.281,0.575,0.716,0.502,0.373,0.261,0.548,-0.083,0.247,-0.281,0.543,0.513
601600SS,0.113,-0.748,0.702,0.885,-0.454,0.569,-0.311,-0.9,-0.821,0.82,0.279,0.027,-0.922,0.749,0.656,0.751,0.897,0.333,0.577,0.939,-0.871,-0.722,-0.841,0.158,-0.652,-0.285,0.164,0.809,-0.169,-0.595,0.286,0.107,0.23,0.459,-0.832,0.465,0.618,0.038,-0.549,-0.872,0.348,-0.589,0.063,0.057,0.708,0.77,0.755,-0.73,0.707,-0.281,0.149,0.807,0.843,0.591,-0.922,-0.223,-0.631,-0.674,-0.213,-0.601,0.858,0.688,0.541,0.446,-0.74,-0.26,0.688,-0.316,0.585,-0.543,-0.186,0.488,0.612,0.409,-0.888,0.074,-0.581,-0.028,-0.469,0.049,-0.623,0.242,0.358,0.811,-0.275,0.193,0.352,0.743,0.897,0.441,-0.174,-0.595,0.185,-0.288,0.417,-0.079,-0.496,0.344,0.663,0.205,0.655,0.551,0.765,-0.226,0.509,0.478,0.588,0.689,0.803,-0.383,-0.878,0.649,0.377,0.845,0.788,0.431,-0.055,0.724,0.888,-0.869,0.111,0.752,-0.88,-0.35,0.898,-0.687,-0.013,0.102,-0.03,-0.12,0.72,-0.02,-0.522,0.523,-0.317,-0.893,-0.183,0.861,0.308,0.009,0.179,-0.311,-0.865,0.536,0.572,0.369,0.736,0.102,0.02,0.177,0.804,0.758,-0.124,0.482,0.368,-0.373,0.045,-0.02,-0.127,0.69,0.803,0.006,1.0,-0.587,0.633,0.886,-0.153,0.392,0.344,0.669,0.68,0.765,-0.699,0.602,0.876,0.614,0.607,-0.244,0.865,-0.533,-0.133,0.14,0.058,-0.362,0.707,0.351,0.279,0.615,0.749,-0.78,0.576,0.571,0.889,0.381,0.263,0.118,0.425,0.332,-0.008,-0.234,0.901,-0.886,-0.858,0.023,0.321,0.644,0.395,0.21,0.597,0.848,-0.865,0.694,0.667,-0.494,-0.702,0.343,0.385
601601SS,0.61,0.689,-0.092,-0.315,0.707,-0.203,-0.15,0.597,0.722,-0.208,0.308,0.509,0.744,-0.132,-0.038,-0.558,-0.383,0.265,0.059,-0.444,0.753,0.217,0.429,-0.062,0.849,0.163,0.047,-0.394,0.551,0.758,-0.696,0.246,-0.067,-0.439,0.596,-0.013,-0.237,0.499,0.725,0.65,-0.67,0.631,0.539,0.245,-0.18,-0.193,-0.163,0.673,-0.014,0.307,0.344,-0.254,-0.478,-0.788,0.689,-0.101,0.835,0.357,-0.233,0.761,-0.355,-0.106,-0.642,-0.034,0.525,0.279,-0.28,-0.243,-0.04,0.73,0.265,0.181,-0.077,-0.192,0.63,0.494,0.531,0.183,0.473,-0.642,-0.005,-0.257,0.379,-0.351,-0.264,0.562,0.313,-0.549,-0.372,-0.449,-0.342,0.28,-0.16,0.784,0.112,0.717,0.116,0.338,-0.141,0.294,-0.382,0.069,-0.162,0.743,-0.071,0.109,-0.411,-0.258,-0.198,-0.135,0.625,-0.245,0.199,-0.289,-0.066,-0.045,-0.469,-0.137,-0.319,0.697,0.412,-0.012,0.492,0.601,-0.337,0.457,0.509,0.379,-0.463,0.659,-0.36,-0.387,0.041,-0.734,-0.202,0.666,0.431,-0.637,0.322,0.649,-0.119,0.692,0.754,-0.485,-0.228,0.126,-0.26,0.506,0.661,0.566,-0.233,-0.322,0.776,-0.005,0.341,0.891,0.655,0.743,0.767,-0.071,-0.246,0.68,-0.587,1.0,-0.046,-0.35,0.818,0.185,0.371,-0.069,-0.704,-0.211,0.911,-0.099,-0.246,-0.101,0.015,0.66,-0.357,0.455,0.762,0.577,0.561,-0.07,-0.38,-0.573,-0.619,-0.173,-0.194,0.684,0.236,0.023,-0.419,0.417,-0.452,0.553,0.341,0.241,0.464,-0.477,-0.554,0.478,0.726,-0.31,-0.654,-0.29,0.113,0.245,-0.082,-0.203,0.686,-0.09,-0.502,0.444,0.272,0.026,0.003
601607SS,0.414,-0.411,0.836,0.806,0.189,0.858,-0.472,-0.662,-0.394,0.893,0.793,0.626,-0.556,0.875,0.857,0.431,0.838,0.83,0.878,0.665,-0.441,-0.785,-0.67,0.348,-0.08,0.033,0.359,0.729,0.518,-0.043,-0.141,0.682,0.617,0.57,-0.451,0.245,0.848,0.6,-0.31,-0.437,-0.029,-0.588,0.643,0.533,0.851,0.933,0.845,-0.198,0.805,-0.03,0.706,0.713,0.416,0.032,-0.633,-0.008,-0.116,-0.219,-0.466,0.006,0.876,0.658,0.534,0.854,-0.296,0.301,0.856,-0.791,0.93,0.121,0.127,0.558,0.928,0.209,-0.663,0.654,-0.033,-0.033,-0.166,-0.549,-0.767,0.458,0.775,0.873,-0.298,0.714,0.808,0.386,0.828,0.12,-0.59,-0.767,-0.2,0.267,0.821,0.333,-0.741,0.797,0.842,0.774,0.772,0.89,0.89,0.386,0.834,0.893,-0.027,0.904,0.867,-0.615,-0.597,0.233,0.92,0.653,0.782,0.614,-0.519,0.63,0.759,-0.61,0.66,0.759,-0.715,0.296,0.729,-0.242,0.626,0.612,-0.469,0.491,0.883,-0.313,-0.737,0.189,-0.531,-0.555,-0.17,0.342,0.528,0.448,0.528,0.289,-0.576,0.608,0.195,0.791,0.875,0.657,0.507,0.683,0.908,0.497,0.436,0.818,0.765,0.253,0.594,0.399,0.523,0.77,0.9,0.49,0.633,-0.046,1.0,0.873,0.343,0.735,0.701,0.928,0.429,0.886,-0.173,0.915,0.752,0.887,0.892,0.202,0.862,-0.527,0.357,0.624,0.259,-0.711,0.796,-0.23,0.209,0.843,0.911,-0.447,0.725,0.882,0.838,0.662,-0.147,0.586,0.756,0.877,0.663,-0.67,0.684,-0.713,-0.342,0.18,-0.313,0.861,0.631,0.742,0.831,0.778,-0.421,0.898,0.69,0.033,-0.597,0.8,0.8
601618SS,0.322,-0.643,0.897,0.942,-0.071,0.843,-0.556,-0.879,-0.671,0.929,0.653,0.43,-0.823,0.933,0.882,0.552,0.95,0.697,0.83,0.869,-0.727,-0.877,-0.866,0.271,-0.397,-0.176,0.273,0.884,0.247,-0.346,0.054,0.515,0.488,0.606,-0.745,0.313,0.856,0.409,-0.489,-0.679,0.087,-0.674,0.413,0.401,0.896,0.933,0.912,-0.546,0.852,-0.233,0.509,0.861,0.636,0.318,-0.845,-0.203,-0.393,-0.426,-0.445,-0.264,0.956,0.745,0.607,0.75,-0.574,0.101,0.875,-0.676,0.867,-0.243,-0.028,0.589,0.878,0.284,-0.865,0.458,-0.318,-0.112,-0.377,-0.34,-0.801,0.384,0.679,0.951,-0.363,0.531,0.703,0.592,0.961,0.28,-0.427,-0.78,-0.127,0.024,0.755,0.185,-0.745,0.692,0.888,0.599,0.854,0.836,0.944,0.118,0.806,0.8,0.235,0.888,0.962,-0.631,-0.846,0.475,0.705,0.804,0.869,0.514,-0.321,0.637,0.923,-0.821,0.505,0.844,-0.915,0.051,0.89,-0.536,0.394,0.384,-0.297,0.257,0.879,-0.236,-0.772,0.376,-0.487,-0.816,-0.182,0.665,0.452,0.313,0.455,0.07,-0.768,0.674,0.366,0.709,0.937,0.43,0.343,0.528,0.976,0.649,0.221,0.771,0.693,-0.019,0.401,0.225,0.256,0.842,0.977,0.337,0.886,-0.35,0.873,1.0,0.139,0.665,0.636,0.92,0.589,0.932,-0.452,0.876,0.895,0.889,0.882,0.019,0.977,-0.66,0.157,0.477,0.144,-0.694,0.85,-0.019,0.234,0.875,0.951,-0.674,0.706,0.867,0.937,0.606,-0.027,0.442,0.688,0.701,0.397,-0.524,0.843,-0.908,-0.667,0.121,-0.08,0.86,0.623,0.584,0.81,0.886,-0.686,0.925,0.722,-0.263,-0.744,0.689,0.703
601628SS,0.853,0.357,0.38,0.158,0.713,0.201,-0.526,0.164,0.419,0.199,0.666,0.737,0.347,0.358,0.451,-0.39,0.071,0.635,0.498,-0.0,0.425,-0.243,-0.004,0.024,0.655,-0.088,0.05,0.076,0.704,0.632,-0.761,0.5,0.083,-0.231,0.171,0.127,0.172,0.728,0.579,0.321,-0.762,0.37,0.718,0.456,0.261,0.246,0.298,0.363,0.452,0.178,0.625,0.191,-0.177,-0.644,0.283,-0.382,0.621,0.114,-0.581,0.663,0.115,0.247,-0.382,0.323,0.205,0.322,0.135,-0.616,0.391,0.59,0.142,0.548,0.36,-0.081,0.208,0.745,0.322,0.087,0.24,-0.862,-0.444,-0.166,0.769,0.083,-0.575,0.844,0.697,-0.319,0.111,-0.421,-0.638,-0.144,-0.361,0.803,0.5,0.919,-0.296,0.698,0.287,0.614,0.006,0.511,0.314,0.811,0.34,0.508,-0.305,0.196,0.31,-0.562,0.172,0.043,0.532,0.119,0.386,0.085,-0.701,0.108,0.158,0.316,0.702,0.421,0.055,0.658,0.114,0.11,0.752,0.601,-0.687,0.851,-0.009,-0.655,-0.378,-0.677,-0.542,0.223,0.409,-0.318,0.51,0.906,0.102,0.794,0.397,-0.205,-0.13,0.51,0.194,0.659,0.911,0.869,0.223,-0.054,0.939,0.408,0.744,0.914,0.901,0.896,0.915,0.411,0.22,0.922,-0.153,0.818,0.343,0.139,1.0,0.569,0.737,0.37,-0.519,0.238,0.727,0.355,0.215,0.327,0.49,0.753,0.083,0.059,0.853,0.863,0.728,-0.506,-0.011,-0.689,-0.646,0.254,0.263,0.41,0.613,0.48,0.028,0.774,-0.592,0.827,0.742,0.585,0.668,-0.782,-0.147,0.013,0.41,-0.312,-0.734,0.105,0.485,0.577,0.284,0.253,0.343,0.36,-0.268,0.285,-0.163,0.366,0.312
601633SS,0.703,-0.255,0.756,0.607,0.286,0.697,-0.665,-0.515,-0.273,0.639,0.911,0.688,-0.319,0.835,0.853,-0.038,0.586,0.801,0.831,0.563,-0.263,-0.857,-0.699,0.016,0.205,-0.329,-0.034,0.685,0.686,0.046,-0.55,0.713,0.6,0.252,-0.48,0.024,0.665,0.755,0.095,-0.277,-0.388,-0.268,0.617,0.694,0.833,0.714,0.803,-0.321,0.834,-0.059,0.91,0.768,0.34,-0.149,-0.429,-0.426,0.234,-0.263,-0.842,0.321,0.583,0.452,0.158,0.677,-0.275,0.358,0.707,-0.871,0.834,0.209,-0.047,0.702,0.823,0.227,-0.547,0.725,-0.077,-0.229,0.089,-0.735,-0.766,0.054,0.828,0.668,-0.712,0.769,0.84,0.048,0.673,-0.361,-0.809,-0.756,-0.483,0.462,0.811,0.601,-0.724,0.857,0.725,0.84,0.62,0.864,0.824,0.495,0.758,0.859,-0.053,0.723,0.778,-0.876,-0.517,0.306,0.755,0.624,0.755,0.167,-0.687,0.403,0.674,-0.335,0.784,0.768,-0.606,0.428,0.625,-0.307,0.764,0.829,-0.777,0.672,0.53,-0.714,-0.774,-0.279,-0.827,-0.468,-0.172,0.206,0.338,0.74,0.577,0.542,-0.233,0.263,0.015,0.799,0.73,0.506,0.731,0.758,0.699,0.373,0.644,0.921,0.822,0.48,0.777,0.564,0.637,0.778,0.717,0.674,0.392,0.185,0.735,0.665,0.569,1.0,0.828,0.752,-0.091,0.664,0.161,0.754,0.65,0.733,0.834,0.587,0.601,-0.604,0.447,0.748,0.448,-0.829,0.657,-0.56,-0.079,0.69,0.688,-0.262,0.774,0.776,0.642,0.741,-0.631,0.587,0.834,0.774,0.682,-0.791,0.517,-0.648,-0.226,-0.236,-0.448,0.699,0.834,0.795,0.612,0.739,-0.244,0.732,0.187,-0.021,-0.647,0.76,0.602
601658SS,0.818,-0.09,0.818,0.593,0.527,0.67,-0.759,-0.368,-0.026,0.671,0.884,0.86,-0.224,0.812,0.836,-0.034,0.549,0.886,0.838,0.482,-0.106,-0.724,-0.536,0.031,0.188,-0.145,0.102,0.577,0.67,0.133,-0.604,0.713,0.388,0.219,-0.356,0.127,0.65,0.871,0.059,-0.07,-0.54,-0.097,0.677,0.703,0.751,0.696,0.787,-0.117,0.821,-0.195,0.778,0.652,0.165,-0.303,-0.256,-0.452,0.277,-0.114,-0.702,0.405,0.558,0.591,0.096,0.713,-0.131,0.346,0.622,-0.896,0.767,0.282,0.179,0.637,0.79,0.051,-0.363,0.841,0.165,-0.04,0.086,-0.836,-0.84,0.22,0.954,0.626,-0.656,0.895,0.954,0.06,0.635,-0.206,-0.693,-0.521,-0.418,0.57,0.858,0.798,-0.693,0.913,0.742,0.836,0.55,0.827,0.777,0.617,0.741,0.846,-0.134,0.647,0.788,-0.855,-0.423,0.346,0.723,0.548,0.768,0.209,-0.72,0.342,0.618,-0.253,0.831,0.792,-0.508,0.558,0.528,-0.317,0.819,0.603,-0.669,0.738,0.499,-0.705,-0.831,-0.326,-0.668,-0.32,0.089,0.153,0.518,0.827,0.46,0.625,-0.069,0.243,0.125,0.871,0.724,0.652,0.88,0.916,0.706,0.343,0.824,0.767,0.951,0.666,0.87,0.769,0.791,0.807,0.721,0.864,0.344,0.371,0.701,0.636,0.737,0.828,1.0,0.806,-0.102,0.696,0.251,0.766,0.652,0.778,0.854,0.531,0.613,-0.324,0.637,0.945,0.499,-0.817,0.486,-0.526,-0.307,0.707,0.722,-0.109,0.808,0.835,0.491,0.906,-0.58,0.778,0.97,0.787,0.777,-0.898,0.349,-0.518,-0.108,-0.166,-0.674,0.523,0.812,0.849,0.705,0.654,-0.034,0.77,0.198,0.026,-0.464,0.746,0.658
601668SS,0.464,-0.386,0.913,0.83,0.269,0.9,-0.63,-0.683,-0.393,0.903,0.83,0.711,-0.596,0.924,0.908,0.352,0.843,0.892,0.907,0.677,-0.464,-0.842,-0.728,0.304,-0.136,0.011,0.385,0.764,0.519,-0.092,-0.14,0.745,0.562,0.588,-0.531,0.197,0.897,0.676,-0.392,-0.387,-0.139,-0.587,0.624,0.603,0.892,0.911,0.901,-0.282,0.842,-0.192,0.696,0.748,0.363,0.024,-0.626,-0.128,-0.103,-0.157,-0.486,0.06,0.872,0.717,0.544,0.86,-0.319,0.316,0.855,-0.839,0.935,0.062,0.136,0.556,0.938,0.107,-0.683,0.713,-0.012,-0.077,-0.201,-0.603,-0.819,0.469,0.842,0.905,-0.349,0.741,0.886,0.399,0.86,0.185,-0.512,-0.726,-0.252,0.296,0.893,0.404,-0.764,0.87,0.909,0.807,0.858,0.915,0.93,0.41,0.901,0.917,-0.044,0.886,0.941,-0.693,-0.666,0.302,0.859,0.651,0.823,0.556,-0.497,0.519,0.806,-0.632,0.733,0.81,-0.773,0.359,0.741,-0.35,0.653,0.502,-0.396,0.509,0.865,-0.352,-0.861,0.213,-0.475,-0.595,-0.102,0.406,0.585,0.511,0.559,0.35,-0.53,0.653,0.265,0.87,0.947,0.659,0.572,0.736,0.965,0.516,0.492,0.834,0.855,0.294,0.635,0.44,0.539,0.828,0.965,0.565,0.669,-0.069,0.928,0.92,0.37,0.752,0.806,1.0,0.428,0.919,-0.173,0.951,0.793,0.967,0.947,0.203,0.919,-0.561,0.391,0.711,0.209,-0.803,0.794,-0.259,0.13,0.921,0.961,-0.456,0.729,0.958,0.794,0.734,-0.194,0.65,0.819,0.878,0.674,-0.683,0.651,-0.754,-0.395,0.193,-0.412,0.842,0.689,0.784,0.865,0.773,-0.397,0.965,0.65,-0.064,-0.616,0.831,0.845
601669SS,-0.39,-0.497,0.311,0.555,-0.396,0.414,0.132,-0.58,-0.591,0.538,-0.062,-0.125,-0.718,0.319,0.197,0.77,0.641,0.108,0.226,0.48,-0.651,-0.268,-0.403,0.351,-0.702,0.246,0.462,0.373,-0.316,-0.508,0.704,0.022,0.197,0.59,-0.386,0.323,0.485,-0.194,-0.843,-0.568,0.69,-0.722,-0.085,-0.036,0.341,0.467,0.368,-0.328,0.198,-0.181,-0.177,0.276,0.413,0.608,-0.675,0.41,-0.664,-0.19,0.376,-0.604,0.631,0.496,0.737,0.319,-0.301,-0.151,0.462,0.005,0.304,-0.421,0.027,-0.008,0.315,0.111,-0.604,-0.152,-0.29,0.13,-0.437,0.341,-0.166,0.565,-0.013,0.589,0.453,-0.123,0.022,0.692,0.509,0.741,0.311,-0.262,0.287,-0.472,0.133,-0.448,-0.161,-0.001,0.384,-0.032,0.567,0.179,0.38,-0.346,0.279,0.171,0.243,0.444,0.395,0.166,-0.55,0.178,0.217,0.314,0.293,0.588,0.272,0.409,0.425,-0.725,-0.1,0.226,-0.535,-0.332,0.44,-0.291,-0.239,-0.268,0.451,-0.335,0.649,0.536,-0.154,0.91,0.302,-0.539,-0.146,0.525,0.202,-0.421,0.192,-0.516,-0.781,0.685,0.411,0.112,0.448,0.057,-0.364,-0.17,0.53,0.38,-0.432,0.115,-0.013,-0.576,-0.317,-0.362,-0.363,0.208,0.512,-0.355,0.68,-0.704,0.429,0.589,-0.519,-0.091,-0.102,0.428,1.0,0.546,-0.765,0.354,0.419,0.389,0.26,-0.628,0.636,-0.334,-0.378,-0.204,-0.351,-0.046,0.583,0.575,0.654,0.441,0.514,-0.601,0.04,0.301,0.598,-0.056,0.65,-0.098,-0.038,0.156,-0.083,0.205,0.591,-0.47,-0.576,0.536,0.396,0.505,-0.061,-0.011,0.444,0.345,-0.598,0.406,0.826,-0.228,-0.224,0.189,0.381
601688SS,0.409,-0.507,0.902,0.902,0.096,0.849,-0.469,-0.755,-0.498,0.922,0.687,0.558,-0.721,0.905,0.854,0.497,0.94,0.782,0.867,0.764,-0.579,-0.834,-0.779,0.186,-0.33,-0.028,0.26,0.798,0.32,-0.244,0.006,0.553,0.532,0.615,-0.613,0.283,0.885,0.559,-0.456,-0.498,0.069,-0.553,0.424,0.499,0.879,0.931,0.899,-0.376,0.822,-0.293,0.548,0.784,0.504,0.209,-0.743,-0.105,-0.258,-0.287,-0.391,-0.16,0.935,0.815,0.625,0.846,-0.396,0.147,0.883,-0.72,0.842,-0.096,0.181,0.541,0.895,0.245,-0.78,0.505,-0.103,0.03,-0.179,-0.401,-0.798,0.55,0.757,0.91,-0.289,0.6,0.761,0.537,0.904,0.211,-0.429,-0.682,-0.142,0.074,0.798,0.309,-0.715,0.702,0.915,0.646,0.838,0.807,0.915,0.181,0.777,0.828,0.098,0.902,0.924,-0.624,-0.753,0.46,0.747,0.732,0.839,0.523,-0.343,0.63,0.845,-0.729,0.558,0.808,-0.817,0.227,0.81,-0.438,0.508,0.377,-0.314,0.343,0.867,-0.275,-0.757,0.283,-0.447,-0.697,-0.128,0.524,0.462,0.352,0.542,0.114,-0.638,0.729,0.253,0.757,0.889,0.538,0.465,0.606,0.932,0.559,0.334,0.767,0.729,0.115,0.464,0.316,0.367,0.849,0.938,0.423,0.765,-0.211,0.886,0.932,0.238,0.664,0.696,0.919,0.546,1.0,-0.364,0.858,0.822,0.883,0.911,0.012,0.924,-0.547,0.188,0.573,0.217,-0.687,0.833,-0.033,0.263,0.915,0.955,-0.533,0.707,0.871,0.876,0.633,-0.093,0.532,0.746,0.739,0.562,-0.579,0.772,-0.824,-0.544,0.176,-0.205,0.839,0.668,0.688,0.909,0.831,-0.494,0.872,0.722,-0.135,-0.584,0.764,0.806
601689SS,0.504,0.756,-0.225,-0.447,0.716,-0.269,-0.17,0.684,0.744,-0.387,0.271,0.442,0.84,-0.235,-0.134,-0.738,-0.514,0.197,-0.056,-0.584,0.818,0.288,0.501,0.009,0.924,0.088,0.043,-0.476,0.59,0.814,-0.666,0.28,-0.082,-0.488,0.643,-0.153,-0.324,0.437,0.757,0.71,-0.743,0.59,0.506,0.231,-0.283,-0.356,-0.278,0.654,-0.136,0.408,0.344,-0.362,-0.601,-0.781,0.775,-0.097,0.885,0.461,-0.256,0.87,-0.473,-0.254,-0.674,-0.154,0.57,0.343,-0.393,-0.173,-0.095,0.763,0.113,0.115,-0.186,-0.292,0.698,0.468,0.481,0.057,0.421,-0.62,0.155,-0.4,0.266,-0.46,-0.243,0.454,0.216,-0.686,-0.507,-0.479,-0.269,0.286,-0.276,0.82,0.033,0.643,0.195,0.288,-0.26,0.266,-0.414,0.02,-0.249,0.768,-0.094,0.03,-0.518,-0.365,-0.304,-0.093,0.705,-0.389,0.118,-0.453,-0.215,-0.136,-0.43,-0.344,-0.42,0.797,0.414,-0.167,0.585,0.593,-0.457,0.544,0.475,0.375,-0.409,0.676,-0.483,-0.365,0.116,-0.721,-0.143,0.737,0.462,-0.734,0.244,0.635,-0.131,0.76,0.822,-0.539,-0.33,0.045,-0.342,0.387,0.573,0.463,-0.34,-0.483,0.711,-0.038,0.258,0.831,0.589,0.622,0.677,-0.208,-0.356,0.606,-0.699,0.911,-0.173,-0.452,0.727,0.161,0.251,-0.173,-0.765,-0.364,1.0,-0.17,-0.397,-0.175,-0.09,0.734,-0.469,0.368,0.725,0.476,0.467,-0.091,-0.443,-0.691,-0.641,-0.256,-0.322,0.765,0.087,-0.054,-0.531,0.299,-0.492,0.479,0.194,0.188,0.391,-0.341,-0.677,0.571,0.819,-0.269,-0.638,-0.34,0.018,0.158,-0.223,-0.347,0.727,-0.182,-0.645,0.457,0.248,-0.042,-0.084
601698SS,0.391,-0.454,0.879,0.75,0.291,0.947,-0.673,-0.684,-0.381,0.827,0.855,0.693,-0.574,0.904,0.918,0.243,0.771,0.87,0.882,0.624,-0.448,-0.832,-0.698,0.304,-0.108,-0.045,0.292,0.791,0.579,-0.066,-0.157,0.796,0.589,0.631,-0.529,0.031,0.909,0.64,-0.344,-0.37,-0.203,-0.642,0.612,0.585,0.859,0.892,0.837,-0.288,0.793,-0.15,0.736,0.716,0.294,-0.008,-0.613,-0.155,-0.149,-0.099,-0.568,0.07,0.844,0.579,0.593,0.898,-0.347,0.431,0.865,-0.861,0.954,0.045,0.096,0.507,0.952,0.101,-0.666,0.713,0.024,-0.235,-0.253,-0.601,-0.796,0.448,0.801,0.872,-0.369,0.694,0.869,0.319,0.825,0.069,-0.591,-0.824,-0.382,0.256,0.915,0.358,-0.857,0.845,0.898,0.844,0.86,0.923,0.887,0.365,0.947,0.934,-0.111,0.922,0.908,-0.751,-0.657,0.196,0.864,0.597,0.721,0.439,-0.502,0.395,0.761,-0.635,0.724,0.707,-0.751,0.382,0.671,-0.306,0.691,0.565,-0.458,0.51,0.855,-0.408,-0.872,0.143,-0.531,-0.596,-0.183,0.369,0.437,0.498,0.615,0.398,-0.541,0.675,0.093,0.895,0.946,0.613,0.536,0.703,0.918,0.447,0.452,0.881,0.833,0.289,0.608,0.34,0.531,0.813,0.922,0.538,0.602,-0.099,0.915,0.876,0.355,0.754,0.766,0.951,0.354,0.858,-0.17,1.0,0.72,0.964,0.94,0.264,0.858,-0.638,0.337,0.661,0.152,-0.852,0.762,-0.378,0.118,0.918,0.915,-0.468,0.627,0.949,0.761,0.647,-0.306,0.609,0.779,0.887,0.672,-0.665,0.615,-0.749,-0.351,0.233,-0.434,0.862,0.688,0.825,0.825,0.706,-0.382,0.937,0.626,0.002,-0.656,0.889,0.833
601699SS,0.48,-0.604,0.819,0.907,-0.187,0.612,-0.494,-0.805,-0.607,0.891,0.554,0.333,-0.762,0.896,0.821,0.591,0.889,0.574,0.775,0.939,-0.673,-0.846,-0.851,0.085,-0.391,-0.335,0.082,0.8,0.102,-0.372,-0.09,0.293,0.316,0.304,-0.759,0.496,0.672,0.362,-0.327,-0.705,0.067,-0.413,0.317,0.352,0.853,0.851,0.907,-0.594,0.912,-0.226,0.436,0.887,0.776,0.354,-0.796,-0.412,-0.344,-0.65,-0.459,-0.284,0.863,0.748,0.352,0.554,-0.583,-0.116,0.751,-0.589,0.726,-0.268,-0.131,0.703,0.78,0.365,-0.81,0.402,-0.433,-0.007,-0.254,-0.304,-0.835,0.199,0.653,0.839,-0.522,0.513,0.62,0.591,0.94,0.215,-0.464,-0.646,0.028,0.012,0.593,0.287,-0.63,0.602,0.724,0.465,0.644,0.718,0.89,0.07,0.623,0.679,0.483,0.77,0.905,-0.641,-0.817,0.67,0.565,0.92,0.946,0.374,-0.403,0.76,0.922,-0.73,0.416,0.934,-0.836,-0.082,0.891,-0.714,0.304,0.379,-0.34,0.213,0.706,-0.363,-0.708,0.2,-0.58,-0.812,-0.123,0.68,0.45,0.354,0.313,-0.003,-0.678,0.375,0.581,0.602,0.804,0.29,0.375,0.484,0.849,0.792,0.248,0.657,0.632,-0.006,0.405,0.333,0.215,0.861,0.855,0.338,0.876,-0.246,0.752,0.895,0.215,0.65,0.652,0.793,0.419,0.822,-0.397,0.72,1.0,0.713,0.762,0.044,0.854,-0.459,0.141,0.487,0.301,-0.54,0.712,0.088,0.084,0.664,0.797,-0.613,0.821,0.719,0.876,0.687,-0.038,0.36,0.726,0.543,0.294,-0.586,0.863,-0.86,-0.69,-0.168,0.012,0.653,0.667,0.479,0.665,0.945,-0.696,0.789,0.513,-0.426,-0.689,0.499,0.472
601766SS,0.393,-0.438,0.907,0.765,0.286,0.951,-0.688,-0.696,-0.412,0.85,0.843,0.702,-0.59,0.903,0.916,0.241,0.787,0.866,0.855,0.625,-0.479,-0.827,-0.718,0.344,-0.115,0.003,0.364,0.808,0.547,-0.092,-0.105,0.806,0.598,0.663,-0.543,0.047,0.928,0.648,-0.39,-0.349,-0.174,-0.638,0.602,0.579,0.869,0.888,0.849,-0.282,0.799,-0.195,0.713,0.739,0.308,0.021,-0.596,-0.108,-0.11,-0.056,-0.525,0.095,0.827,0.64,0.57,0.901,-0.354,0.443,0.857,-0.844,0.938,0.058,0.191,0.504,0.938,0.145,-0.665,0.712,0.009,-0.231,-0.213,-0.596,-0.796,0.478,0.805,0.895,-0.352,0.7,0.875,0.383,0.822,0.124,-0.493,-0.763,-0.332,0.286,0.935,0.338,-0.827,0.863,0.939,0.823,0.898,0.914,0.903,0.372,0.933,0.935,-0.118,0.872,0.912,-0.724,-0.653,0.242,0.822,0.609,0.73,0.472,-0.432,0.401,0.787,-0.629,0.716,0.725,-0.786,0.398,0.691,-0.284,0.655,0.495,-0.402,0.483,0.868,-0.341,-0.888,0.205,-0.477,-0.588,-0.176,0.427,0.473,0.482,0.604,0.403,-0.511,0.711,0.138,0.878,0.957,0.648,0.528,0.717,0.946,0.467,0.463,0.856,0.836,0.301,0.615,0.354,0.521,0.827,0.947,0.541,0.614,-0.101,0.887,0.889,0.327,0.733,0.778,0.967,0.389,0.883,-0.175,0.964,0.713,1.0,0.947,0.231,0.894,-0.614,0.359,0.672,0.088,-0.833,0.771,-0.326,0.145,0.956,0.943,-0.475,0.62,0.962,0.748,0.65,-0.278,0.611,0.77,0.87,0.652,-0.631,0.597,-0.76,-0.389,0.221,-0.433,0.865,0.678,0.795,0.852,0.701,-0.369,0.96,0.654,-0.025,-0.605,0.878,0.862
601788SS,0.574,-0.403,0.942,0.816,0.315,0.901,-0.701,-0.665,-0.368,0.84,0.893,0.729,-0.543,0.939,0.956,0.205,0.802,0.902,0.935,0.662,-0.416,-0.871,-0.735,0.236,-0.055,-0.122,0.212,0.809,0.598,-0.013,-0.258,0.757,0.599,0.553,-0.549,0.116,0.878,0.721,-0.216,-0.351,-0.252,-0.488,0.628,0.626,0.903,0.907,0.888,-0.29,0.861,-0.189,0.778,0.789,0.362,-0.035,-0.585,-0.261,-0.044,-0.168,-0.651,0.117,0.839,0.671,0.47,0.884,-0.341,0.375,0.871,-0.89,0.939,0.093,0.119,0.623,0.95,0.188,-0.661,0.735,-0.016,-0.144,-0.151,-0.662,-0.844,0.384,0.897,0.861,-0.498,0.783,0.921,0.303,0.844,-0.04,-0.644,-0.78,-0.388,0.333,0.939,0.506,-0.833,0.889,0.944,0.855,0.823,0.942,0.932,0.417,0.892,0.957,-0.074,0.888,0.94,-0.821,-0.655,0.333,0.849,0.673,0.821,0.4,-0.516,0.464,0.807,-0.565,0.776,0.813,-0.755,0.442,0.742,-0.331,0.733,0.6,-0.561,0.59,0.791,-0.508,-0.863,0.02,-0.633,-0.588,-0.106,0.386,0.483,0.613,0.612,0.445,-0.457,0.622,0.081,0.894,0.912,0.648,0.673,0.805,0.921,0.455,0.572,0.906,0.897,0.388,0.711,0.492,0.61,0.889,0.93,0.653,0.607,0.015,0.892,0.882,0.49,0.834,0.854,0.947,0.26,0.911,-0.09,0.94,0.762,0.947,1.0,0.34,0.852,-0.617,0.426,0.756,0.305,-0.871,0.773,-0.389,0.041,0.935,0.941,-0.396,0.759,0.968,0.779,0.751,-0.391,0.697,0.878,0.885,0.696,-0.742,0.622,-0.771,-0.362,0.09,-0.455,0.849,0.787,0.836,0.861,0.793,-0.358,0.935,0.549,-0.018,-0.654,0.872,0.844
601799SS,0.659,0.33,0.202,-0.046,0.551,0.178,-0.571,0.139,0.264,0.001,0.619,0.536,0.386,0.239,0.345,-0.58,-0.108,0.452,0.337,-0.098,0.337,-0.249,-0.058,0.023,0.751,-0.251,0.016,0.084,0.736,0.524,-0.682,0.555,0.215,-0.115,0.111,-0.209,0.09,0.559,0.606,0.236,-0.762,0.213,0.673,0.366,0.19,0.1,0.14,0.177,0.296,0.376,0.668,0.172,-0.177,-0.618,0.263,-0.353,0.675,0.136,-0.685,0.655,-0.055,-0.098,-0.411,0.189,0.06,0.446,0.092,-0.535,0.366,0.549,-0.118,0.475,0.246,-0.032,0.153,0.653,0.232,-0.237,0.109,-0.759,-0.251,-0.431,0.546,-0.003,-0.592,0.657,0.526,-0.478,-0.016,-0.573,-0.647,-0.291,-0.416,0.768,0.412,0.694,-0.254,0.601,0.187,0.567,0.033,0.456,0.215,0.729,0.309,0.425,-0.256,0.102,0.172,-0.553,0.191,-0.137,0.397,0.009,0.184,-0.094,-0.582,-0.1,0.059,0.318,0.618,0.225,0.049,0.524,0.034,0.203,0.633,0.757,-0.713,0.758,-0.09,-0.584,-0.314,-0.671,-0.564,0.207,0.203,-0.304,0.269,0.841,0.13,0.826,0.415,-0.264,-0.261,0.391,0.111,0.468,0.72,0.666,0.1,-0.067,0.745,0.468,0.577,0.761,0.775,0.62,0.742,0.235,0.099,0.729,-0.244,0.66,0.202,0.019,0.753,0.587,0.531,0.203,-0.628,0.012,0.734,0.264,0.044,0.231,0.34,1.0,-0.051,-0.135,0.701,0.637,0.525,-0.481,0.015,-0.813,-0.581,0.138,0.081,0.291,0.412,0.338,-0.036,0.505,-0.682,0.596,0.507,0.493,0.468,-0.62,-0.204,0.011,0.394,-0.395,-0.609,0.152,0.357,0.443,0.091,0.145,0.297,0.245,-0.381,0.386,-0.321,0.316,0.179
601800SS,0.267,-0.619,0.887,0.931,-0.059,0.839,-0.506,-0.847,-0.643,0.928,0.618,0.429,-0.814,0.899,0.841,0.585,0.945,0.678,0.798,0.829,-0.712,-0.831,-0.829,0.281,-0.416,-0.073,0.352,0.858,0.218,-0.36,0.107,0.512,0.486,0.648,-0.715,0.281,0.84,0.399,-0.544,-0.631,0.135,-0.685,0.374,0.381,0.865,0.919,0.88,-0.512,0.797,-0.293,0.474,0.814,0.599,0.332,-0.816,-0.112,-0.386,-0.372,-0.358,-0.261,0.931,0.746,0.632,0.761,-0.539,0.096,0.859,-0.634,0.832,-0.241,0.049,0.479,0.849,0.278,-0.835,0.432,-0.261,-0.075,-0.34,-0.298,-0.759,0.466,0.645,0.939,-0.28,0.498,0.681,0.603,0.94,0.345,-0.342,-0.712,-0.073,0.017,0.75,0.137,-0.708,0.669,0.883,0.572,0.865,0.808,0.916,0.105,0.775,0.778,0.224,0.854,0.929,-0.557,-0.816,0.448,0.68,0.768,0.832,0.56,-0.247,0.627,0.889,-0.809,0.474,0.804,-0.892,0.047,0.863,-0.497,0.37,0.304,-0.218,0.216,0.909,-0.165,-0.75,0.432,-0.392,-0.778,-0.18,0.666,0.483,0.249,0.443,0.05,-0.745,0.72,0.4,0.686,0.939,0.441,0.303,0.499,0.979,0.648,0.192,0.722,0.658,-0.027,0.364,0.194,0.233,0.798,0.974,0.299,0.865,-0.357,0.862,0.977,0.083,0.601,0.613,0.919,0.636,0.924,-0.469,0.858,0.854,0.894,0.852,-0.051,1.0,-0.59,0.155,0.447,0.073,-0.645,0.834,0.035,0.275,0.877,0.953,-0.667,0.66,0.836,0.892,0.559,0.033,0.41,0.649,0.68,0.383,-0.467,0.804,-0.878,-0.656,0.195,-0.078,0.835,0.578,0.555,0.823,0.837,-0.645,0.913,0.774,-0.252,-0.67,0.684,0.723
601808SS,-0.082,0.562,-0.578,-0.555,0.107,-0.705,0.504,0.701,0.638,-0.436,-0.533,-0.243,0.6,-0.624,-0.629,-0.108,-0.536,-0.458,-0.554,-0.533,0.579,0.722,0.692,-0.142,0.254,0.354,0.048,-0.708,-0.335,0.31,-0.015,-0.519,-0.517,-0.551,0.64,0.177,-0.648,-0.253,0.309,0.529,-0.026,0.697,-0.235,-0.388,-0.652,-0.575,-0.591,0.582,-0.49,0.189,-0.478,-0.612,-0.36,-0.208,0.661,0.224,0.304,0.233,0.573,0.179,-0.578,-0.187,-0.587,-0.533,0.487,-0.307,-0.708,0.556,-0.671,0.239,0.296,-0.337,-0.633,-0.132,0.713,-0.268,0.315,0.432,0.401,0.225,0.467,-0.15,-0.355,-0.653,0.322,-0.227,-0.442,-0.169,-0.614,0.133,0.452,0.845,0.549,0.119,-0.59,0.001,0.645,-0.438,-0.619,-0.509,-0.745,-0.621,-0.637,0.052,-0.678,-0.578,-0.009,-0.696,-0.643,0.58,0.695,-0.14,-0.457,-0.443,-0.443,-0.125,0.196,-0.143,-0.567,0.635,-0.4,-0.431,0.688,-0.071,-0.585,0.343,-0.325,-0.429,0.353,-0.151,-0.555,0.279,0.55,-0.209,0.463,0.667,0.377,-0.406,0.037,-0.199,-0.558,-0.09,0.603,-0.553,0.134,-0.561,-0.659,-0.146,-0.155,-0.239,-0.616,-0.242,-0.003,-0.739,-0.413,0.154,-0.184,0.111,-0.07,-0.522,-0.64,-0.132,-0.533,0.455,-0.527,-0.66,0.059,-0.604,-0.324,-0.561,-0.334,-0.547,0.368,-0.638,-0.459,-0.614,-0.617,-0.135,-0.59,1.0,0.131,-0.169,0.015,0.721,-0.731,0.287,-0.284,-0.63,-0.594,0.564,-0.298,-0.591,-0.678,-0.194,0.295,-0.152,-0.351,-0.497,-0.254,0.271,-0.595,0.714,0.485,-0.127,0.05,-0.749,-0.466,-0.489,-0.444,-0.563,0.546,-0.597,-0.442,0.059,0.707,-0.618,-0.515
601816SS,0.696,0.388,0.357,0.142,0.691,0.195,-0.518,0.188,0.373,0.208,0.601,0.673,0.358,0.286,0.38,-0.306,0.06,0.589,0.405,-0.062,0.393,-0.135,0.05,0.296,0.67,0.053,0.344,0.048,0.673,0.627,-0.603,0.512,0.077,-0.14,0.237,0.179,0.129,0.637,0.46,0.301,-0.689,0.25,0.777,0.341,0.203,0.217,0.234,0.419,0.343,0.263,0.557,0.114,-0.209,-0.609,0.319,-0.17,0.636,0.199,-0.431,0.671,0.097,0.258,-0.395,0.264,0.188,0.319,0.062,-0.498,0.391,0.62,0.18,0.417,0.291,-0.065,0.262,0.735,0.302,0.109,0.139,-0.794,-0.324,-0.162,0.676,0.092,-0.436,0.815,0.644,-0.258,0.061,-0.17,-0.435,-0.07,-0.217,0.899,0.472,0.751,-0.207,0.71,0.267,0.555,0.016,0.499,0.296,0.906,0.327,0.471,-0.357,0.087,0.262,-0.388,0.252,-0.114,0.522,0.03,0.332,0.264,-0.561,0.093,0.132,0.338,0.677,0.357,0.05,0.598,0.093,0.269,0.639,0.497,-0.539,0.796,0.059,-0.413,-0.309,-0.445,-0.367,0.309,0.456,-0.284,0.663,0.806,-0.047,0.814,0.376,-0.168,-0.034,0.413,0.206,0.719,0.761,0.824,0.274,-0.086,0.881,0.295,0.691,0.851,0.847,0.847,0.859,0.262,0.242,0.858,-0.133,0.762,0.357,0.157,0.853,0.447,0.637,0.391,-0.378,0.188,0.725,0.337,0.141,0.359,0.426,0.701,0.155,0.131,1.0,0.784,0.565,-0.43,-0.02,-0.622,-0.618,0.248,0.291,0.401,0.549,0.476,-0.011,0.716,-0.365,0.82,0.62,0.597,0.563,-0.629,-0.239,0.069,0.423,-0.197,-0.672,0.121,0.306,0.42,0.292,0.177,0.335,0.416,-0.141,0.31,-0.137,0.282,0.338
601818SS,0.857,0.156,0.681,0.434,0.698,0.542,-0.694,-0.138,0.188,0.531,0.859,0.913,0.017,0.659,0.709,-0.171,0.386,0.878,0.747,0.266,0.132,-0.552,-0.328,0.104,0.404,-0.025,0.191,0.358,0.76,0.36,-0.658,0.726,0.298,0.093,-0.1,0.153,0.534,0.911,0.187,0.132,-0.633,0.037,0.786,0.691,0.59,0.55,0.638,0.147,0.696,-0.024,0.77,0.451,-0.041,-0.491,-0.031,-0.34,0.48,0.071,-0.619,0.585,0.422,0.526,-0.055,0.62,0.077,0.393,0.463,-0.849,0.683,0.498,0.231,0.615,0.674,-0.059,-0.136,0.901,0.318,0.043,0.167,-0.921,-0.709,0.153,0.948,0.464,-0.562,0.958,0.931,-0.071,0.431,-0.213,-0.644,-0.364,-0.403,0.735,0.78,0.889,-0.541,0.901,0.597,0.815,0.399,0.747,0.638,0.792,0.655,0.767,-0.295,0.501,0.631,-0.741,-0.173,0.168,0.725,0.343,0.633,0.242,-0.765,0.249,0.431,-0.029,0.868,0.658,-0.295,0.684,0.352,-0.104,0.854,0.619,-0.652,0.848,0.354,-0.645,-0.706,-0.406,-0.563,-0.067,0.261,-0.093,0.597,0.906,0.363,0.745,0.133,0.117,0.034,0.798,0.556,0.755,0.945,0.966,0.566,0.165,0.941,0.654,0.94,0.822,0.946,0.884,0.911,0.665,0.567,0.953,0.14,0.577,0.624,0.477,0.863,0.748,0.945,0.711,-0.204,0.573,0.476,0.661,0.487,0.672,0.756,0.637,0.447,-0.169,0.784,1.0,0.584,-0.746,0.342,-0.612,-0.419,0.586,0.597,0.123,0.746,0.773,0.32,0.921,-0.563,0.885,0.928,0.793,0.839,-0.896,0.131,-0.291,0.14,-0.157,-0.784,0.405,0.683,0.813,0.62,0.486,0.171,0.668,0.07,0.172,-0.309,0.66,0.62
601838SS,0.793,0.233,0.236,0.277,0.309,-0.032,-0.257,0.074,0.213,0.181,0.392,0.393,0.184,0.286,0.283,-0.048,0.188,0.39,0.365,0.172,0.25,-0.242,-0.095,-0.163,0.387,-0.335,-0.102,0.035,0.389,0.355,-0.602,0.124,-0.093,-0.357,0.009,0.347,-0.044,0.436,0.529,-0.018,-0.405,0.383,0.461,0.243,0.179,0.183,0.277,0.061,0.409,0.105,0.347,0.211,0.121,-0.403,0.058,-0.468,0.379,-0.331,-0.472,0.281,0.178,0.254,-0.364,0.051,0.04,-0.162,0.096,-0.345,0.225,0.317,-0.214,0.539,0.196,0.004,0.045,0.4,0.021,0.32,0.054,-0.516,-0.339,-0.327,0.547,0.01,-0.555,0.591,0.422,-0.247,0.154,-0.311,-0.57,-0.104,-0.119,0.513,0.191,0.778,-0.063,0.407,0.102,0.304,-0.13,0.368,0.27,0.525,0.093,0.258,0.119,0.157,0.243,-0.372,0.031,0.194,0.356,0.23,0.441,0.116,-0.626,0.36,0.178,0.171,0.413,0.457,0.037,0.18,0.284,-0.138,0.45,0.507,-0.548,0.577,-0.105,-0.548,-0.12,-0.552,-0.484,0.053,0.553,-0.197,0.419,0.714,-0.121,0.384,0.176,-0.331,0.089,0.252,0.06,0.345,0.696,0.577,0.14,0.032,0.632,0.255,0.509,0.518,0.583,0.698,0.603,0.292,0.13,0.669,0.058,0.561,0.259,0.144,0.728,0.448,0.499,0.209,-0.351,0.217,0.467,0.152,0.301,0.088,0.305,0.525,0.073,0.015,0.565,0.584,1.0,-0.3,0.046,-0.353,-0.569,0.034,0.15,0.256,0.667,0.243,0.167,0.662,-0.298,0.571,0.572,0.328,0.368,-0.601,0.081,-0.061,0.196,-0.422,-0.288,-0.016,0.339,0.28,0.195,0.394,0.063,0.167,-0.257,0.104,-0.323,0.085,0.069
601857SS,-0.554,0.257,-0.807,-0.592,-0.472,-0.829,0.819,0.489,0.205,-0.567,-0.903,-0.787,0.335,-0.805,-0.846,0.102,-0.539,-0.873,-0.823,-0.437,0.226,0.782,0.593,-0.136,-0.094,0.223,-0.051,-0.666,-0.744,-0.047,0.455,-0.837,-0.516,-0.455,0.453,0.144,-0.75,-0.775,0.088,0.16,0.462,0.427,-0.629,-0.737,-0.759,-0.692,-0.752,0.245,-0.701,0.206,-0.796,-0.615,-0.091,0.219,0.388,0.392,-0.101,0.014,0.788,-0.303,-0.6,-0.393,-0.379,-0.782,0.205,-0.503,-0.741,0.923,-0.855,-0.158,-0.014,-0.496,-0.831,0.042,0.494,-0.763,-0.111,0.283,0.165,0.749,0.737,-0.267,-0.823,-0.685,0.554,-0.728,-0.891,0.031,-0.637,0.263,0.706,0.765,0.736,-0.387,-0.912,-0.561,0.809,-0.85,-0.773,-0.876,-0.728,-0.868,-0.787,-0.473,-0.87,-0.862,0.292,-0.765,-0.794,0.868,0.535,-0.114,-0.746,-0.42,-0.627,-0.15,0.619,-0.117,-0.571,0.403,-0.842,-0.631,0.586,-0.535,-0.528,0.263,-0.803,-0.625,0.651,-0.655,-0.578,0.644,0.826,0.168,0.646,0.432,0.086,-0.134,-0.291,-0.7,-0.633,-0.577,0.26,-0.453,0.155,-0.909,-0.792,-0.542,-0.702,-0.767,-0.729,-0.172,-0.608,-0.885,-0.87,-0.448,-0.706,-0.449,-0.634,-0.728,-0.753,-0.702,-0.362,-0.07,-0.711,-0.694,-0.506,-0.829,-0.817,-0.803,-0.046,-0.687,-0.091,-0.852,-0.54,-0.833,-0.871,-0.481,-0.645,0.721,-0.43,-0.746,-0.3,1.0,-0.648,0.641,0.12,-0.79,-0.753,0.237,-0.605,-0.87,-0.564,-0.672,0.62,-0.648,-0.8,-0.823,-0.735,0.742,-0.384,0.597,0.156,-0.056,0.62,-0.705,-0.75,-0.879,-0.69,-0.594,0.155,-0.792,-0.323,-0.132,0.604,-0.871,-0.743
601865SS,0.229,-0.56,0.766,0.799,-0.096,0.803,-0.375,-0.769,-0.617,0.781,0.613,0.371,-0.72,0.799,0.727,0.498,0.822,0.614,0.762,0.713,-0.631,-0.822,-0.78,0.192,-0.371,-0.098,0.155,0.757,0.284,-0.35,0.092,0.525,0.719,0.711,-0.625,0.113,0.792,0.404,-0.513,-0.562,0.266,-0.716,0.338,0.575,0.874,0.836,0.827,-0.498,0.683,-0.248,0.554,0.739,0.519,0.321,-0.785,-0.031,-0.289,-0.315,-0.4,-0.221,0.805,0.554,0.679,0.727,-0.351,0.196,0.93,-0.637,0.8,-0.141,-0.039,0.392,0.815,0.283,-0.845,0.39,-0.22,-0.087,-0.218,-0.239,-0.639,0.484,0.549,0.879,-0.192,0.424,0.602,0.418,0.823,0.11,-0.426,-0.773,-0.243,-0.076,0.688,0.082,-0.655,0.565,0.806,0.599,0.885,0.719,0.843,0.039,0.711,0.738,0.114,0.838,0.806,-0.542,-0.781,0.25,0.658,0.648,0.715,0.411,-0.245,0.492,0.715,-0.759,0.539,0.675,-0.794,0.064,0.731,-0.409,0.388,0.44,-0.318,0.216,0.846,-0.198,-0.656,0.387,-0.431,-0.724,-0.356,0.483,0.254,0.2,0.717,0.03,-0.707,0.699,0.184,0.687,0.824,0.326,0.261,0.378,0.832,0.493,0.122,0.784,0.531,-0.085,0.301,0.078,0.171,0.676,0.85,0.188,0.707,-0.38,0.796,0.85,-0.011,0.657,0.486,0.794,0.583,0.833,-0.443,0.762,0.712,0.771,0.773,0.015,0.834,-0.731,-0.02,0.342,0.046,-0.648,1.0,-0.014,0.514,0.805,0.838,-0.629,0.565,0.731,0.869,0.394,-0.09,0.263,0.54,0.644,0.409,-0.411,0.787,-0.799,-0.576,0.208,-0.041,0.901,0.645,0.582,0.742,0.774,-0.567,0.76,0.746,-0.071,-0.596,0.73,0.739
601872SS,-0.505,-0.271,-0.216,0.09,-0.735,-0.33,0.591,-0.177,-0.365,0.061,-0.684,-0.67,-0.385,-0.236,-0.372,0.698,0.155,-0.561,-0.358,0.228,-0.418,0.231,-0.033,-0.086,-0.704,0.143,0.028,-0.073,-0.859,-0.599,0.677,-0.699,-0.308,0.021,-0.183,0.421,-0.206,-0.627,-0.5,-0.388,0.797,-0.061,-0.661,-0.498,-0.179,-0.09,-0.122,-0.264,-0.199,-0.186,-0.694,-0.043,0.43,0.688,-0.297,0.268,-0.576,-0.372,0.689,-0.742,0.037,0.169,0.164,-0.34,-0.219,-0.681,-0.148,0.614,-0.424,-0.565,0.01,-0.25,-0.329,0.259,-0.195,-0.711,-0.42,0.33,-0.102,0.792,0.232,0.18,-0.534,0.001,0.477,-0.596,-0.577,0.6,0.047,0.588,0.646,0.378,0.718,-0.69,-0.525,-0.625,0.413,-0.613,-0.23,-0.7,-0.131,-0.488,-0.188,-0.694,-0.464,-0.495,0.592,-0.209,-0.177,0.573,-0.189,0.355,-0.474,0.162,-0.044,0.12,0.572,0.355,0.033,-0.303,-0.704,-0.086,-0.093,-0.707,0.104,-0.293,-0.776,-0.655,0.661,-0.775,0.023,0.636,0.371,0.64,0.494,-0.244,-0.111,0.449,-0.148,-0.742,-0.314,-0.864,-0.367,0.066,0.513,-0.532,-0.198,-0.466,-0.675,-0.647,-0.118,0.339,-0.703,-0.513,-0.579,-0.747,-0.707,-0.483,-0.752,-0.198,-0.122,-0.702,0.351,-0.573,-0.23,-0.019,-0.689,-0.56,-0.526,-0.259,0.575,-0.033,-0.691,-0.378,0.088,-0.326,-0.389,-0.813,0.035,0.287,-0.622,-0.612,-0.353,0.641,-0.014,1.0,0.47,-0.251,-0.127,-0.341,-0.233,-0.417,0.094,-0.412,0.774,-0.576,-0.46,-0.583,-0.628,0.559,0.274,-0.054,-0.503,0.085,0.785,-0.187,-0.402,-0.608,-0.144,0.011,-0.39,-0.277,0.269,-0.434,0.251,-0.497,-0.335
601877SS,-0.525,-0.431,0.047,0.196,-0.43,0.275,0.406,-0.368,-0.427,0.246,-0.132,-0.246,-0.476,0.086,-0.014,0.481,0.314,-0.091,0.035,0.21,-0.44,-0.148,-0.23,0.117,-0.536,0.277,0.071,0.194,-0.285,-0.402,0.618,-0.037,0.523,0.533,-0.183,-0.059,0.329,-0.228,-0.648,-0.288,0.738,-0.588,-0.295,0.103,0.255,0.246,0.162,-0.226,-0.033,-0.195,-0.073,0.12,0.234,0.571,-0.465,0.515,-0.477,-0.026,0.337,-0.421,0.276,0.119,0.671,0.252,-0.026,0.063,0.391,0.102,0.114,-0.267,0.15,-0.271,0.191,0.198,-0.458,-0.276,-0.171,-0.018,0.049,0.442,0.057,0.579,-0.249,0.352,0.508,-0.347,-0.179,0.422,0.247,0.296,0.25,-0.211,0.148,-0.579,-0.004,-0.618,-0.106,-0.211,0.205,-0.042,0.441,-0.037,0.136,-0.505,0.102,0.066,0.036,0.295,0.094,0.229,-0.349,-0.037,0.073,0.144,-0.01,0.244,0.377,0.163,0.136,-0.475,-0.165,-0.056,-0.295,-0.23,0.121,-0.045,-0.228,-0.161,0.329,-0.41,0.467,0.406,-0.015,0.668,0.231,-0.358,-0.565,0.281,-0.232,-0.608,0.504,-0.495,-0.557,0.586,0.046,0.013,0.223,-0.161,-0.496,-0.41,0.2,0.169,-0.543,0.106,-0.303,-0.563,-0.445,-0.563,-0.472,0.009,0.215,-0.581,0.279,-0.619,0.209,0.234,-0.646,-0.079,-0.307,0.13,0.654,0.263,-0.641,0.118,0.084,0.145,0.041,-0.581,0.275,-0.284,-0.618,-0.419,-0.569,0.12,0.514,0.47,1.0,0.26,0.221,-0.469,-0.23,0.016,0.352,-0.406,0.354,-0.438,-0.279,-0.015,-0.079,0.357,0.445,-0.273,-0.401,0.492,0.411,0.424,0.033,-0.019,0.179,0.089,-0.358,0.067,0.613,-0.114,0.059,0.199,0.255
601878SS,0.327,-0.472,0.892,0.769,0.24,0.954,-0.608,-0.715,-0.453,0.821,0.777,0.642,-0.636,0.87,0.864,0.258,0.809,0.819,0.844,0.606,-0.518,-0.81,-0.724,0.254,-0.204,0.02,0.312,0.811,0.473,-0.145,0.001,0.744,0.649,0.737,-0.56,-0.005,0.932,0.602,-0.44,-0.352,-0.093,-0.643,0.48,0.548,0.857,0.876,0.815,-0.318,0.738,-0.266,0.647,0.726,0.311,0.097,-0.629,-0.063,-0.17,-0.035,-0.469,0.0,0.833,0.651,0.663,0.92,-0.355,0.417,0.876,-0.783,0.883,-0.031,0.244,0.434,0.901,0.172,-0.699,0.596,0.013,-0.197,-0.195,-0.493,-0.741,0.545,0.754,0.881,-0.273,0.608,0.811,0.416,0.816,0.105,-0.436,-0.744,-0.32,0.163,0.904,0.276,-0.801,0.777,0.968,0.764,0.92,0.849,0.868,0.257,0.88,0.894,-0.125,0.873,0.884,-0.675,-0.678,0.266,0.757,0.586,0.691,0.434,-0.292,0.373,0.768,-0.663,0.654,0.675,-0.792,0.385,0.681,-0.279,0.6,0.415,-0.345,0.417,0.872,-0.294,-0.834,0.246,-0.428,-0.617,-0.21,0.456,0.392,0.385,0.658,0.304,-0.541,0.819,0.056,0.834,0.923,0.599,0.475,0.646,0.914,0.44,0.376,0.838,0.762,0.22,0.52,0.254,0.435,0.8,0.928,0.454,0.615,-0.173,0.843,0.875,0.254,0.69,0.707,0.921,0.441,0.915,-0.256,0.918,0.664,0.956,0.935,0.138,0.877,-0.63,0.248,0.586,0.034,-0.79,0.805,-0.251,0.26,1.0,0.943,-0.506,0.557,0.919,0.756,0.549,-0.253,0.566,0.701,0.807,0.61,-0.545,0.618,-0.781,-0.443,0.283,-0.366,0.896,0.672,0.757,0.861,0.679,-0.377,0.903,0.681,-0.014,-0.576,0.873,0.882
601881SS,0.385,-0.516,0.944,0.895,0.137,0.9,-0.577,-0.768,-0.507,0.918,0.746,0.584,-0.702,0.914,0.896,0.451,0.9,0.804,0.878,0.743,-0.578,-0.834,-0.768,0.298,-0.28,-0.023,0.318,0.836,0.396,-0.201,-0.033,0.638,0.562,0.658,-0.615,0.223,0.888,0.568,-0.447,-0.481,-0.002,-0.619,0.491,0.515,0.897,0.947,0.895,-0.354,0.815,-0.264,0.608,0.787,0.458,0.154,-0.71,-0.111,-0.243,-0.231,-0.45,-0.097,0.904,0.735,0.602,0.865,-0.406,0.234,0.892,-0.76,0.896,-0.065,0.148,0.505,0.915,0.234,-0.755,0.578,-0.107,-0.06,-0.239,-0.463,-0.807,0.519,0.767,0.938,-0.317,0.641,0.811,0.495,0.903,0.193,-0.459,-0.726,-0.223,0.147,0.861,0.288,-0.773,0.774,0.938,0.715,0.867,0.87,0.934,0.254,0.839,0.873,0.026,0.884,0.942,-0.653,-0.747,0.358,0.791,0.711,0.831,0.521,-0.36,0.562,0.84,-0.711,0.628,0.803,-0.837,0.26,0.804,-0.394,0.539,0.411,-0.368,0.38,0.896,-0.285,-0.811,0.292,-0.469,-0.683,-0.166,0.527,0.501,0.388,0.553,0.216,-0.628,0.73,0.221,0.802,0.941,0.575,0.467,0.648,0.973,0.536,0.37,0.796,0.774,0.162,0.52,0.343,0.416,0.841,0.977,0.459,0.749,-0.194,0.911,0.951,0.263,0.688,0.722,0.961,0.514,0.955,-0.322,0.915,0.797,0.943,0.941,0.081,0.953,-0.594,0.291,0.597,0.15,-0.753,0.838,-0.127,0.221,0.943,1.0,-0.541,0.698,0.923,0.849,0.644,-0.131,0.564,0.757,0.794,0.561,-0.592,0.714,-0.819,-0.521,0.204,-0.27,0.877,0.673,0.706,0.881,0.812,-0.49,0.948,0.743,-0.114,-0.607,0.796,0.84
601888SS,0.172,0.781,-0.466,-0.602,0.602,-0.531,0.244,0.9,0.868,-0.625,-0.147,0.159,0.891,-0.556,-0.451,-0.625,-0.665,-0.085,-0.318,-0.747,0.938,0.639,0.797,0.054,0.672,0.302,-0.06,-0.731,0.278,0.764,-0.404,-0.096,-0.29,-0.596,0.83,-0.03,-0.524,0.17,0.653,0.828,-0.448,0.734,0.116,0.045,-0.57,-0.615,-0.515,0.78,-0.473,0.212,-0.035,-0.692,-0.707,-0.566,0.875,0.13,0.674,0.534,0.155,0.67,-0.629,-0.304,-0.59,-0.365,0.749,0.156,-0.593,0.21,-0.435,0.654,0.207,-0.269,-0.47,-0.36,0.849,0.121,0.507,0.356,0.506,-0.207,0.497,-0.198,-0.083,-0.689,0.119,0.061,-0.144,-0.61,-0.712,-0.269,0.143,0.624,-0.129,0.489,-0.298,0.355,0.484,-0.144,-0.542,-0.08,-0.64,-0.365,-0.543,0.467,-0.403,-0.315,-0.562,-0.576,-0.562,0.279,0.832,-0.402,-0.16,-0.673,-0.454,-0.187,-0.063,-0.462,-0.666,0.917,0.09,-0.451,0.846,0.476,-0.667,0.631,0.194,-0.103,-0.026,0.331,-0.658,-0.092,0.499,-0.523,0.212,0.877,0.488,-0.814,0.074,0.21,-0.266,0.416,0.822,-0.54,-0.376,-0.266,-0.626,0.079,0.223,0.075,-0.59,-0.727,0.372,-0.43,-0.128,0.526,0.188,0.346,0.304,-0.47,-0.61,0.257,-0.78,0.684,-0.447,-0.674,0.41,-0.262,-0.109,-0.456,-0.601,-0.533,0.765,-0.468,-0.613,-0.475,-0.396,0.291,-0.667,0.564,0.401,0.123,0.256,0.237,-0.629,-0.341,-0.469,-0.506,-0.541,1.0,-0.223,-0.355,-0.72,-0.036,-0.18,0.168,-0.13,-0.132,0.161,0.09,-0.796,0.812,0.884,-0.008,-0.396,-0.611,-0.239,-0.122,-0.37,-0.596,0.8,-0.5,-0.608,0.421,0.611,-0.304,-0.235
601899SS,0.812,-0.217,0.778,0.768,0.157,0.484,-0.532,-0.479,-0.255,0.731,0.694,0.565,-0.361,0.799,0.766,0.314,0.696,0.699,0.813,0.697,-0.269,-0.73,-0.631,0.034,0.055,-0.319,0.075,0.591,0.406,0.009,-0.469,0.389,0.316,0.103,-0.458,0.501,0.502,0.629,0.091,-0.389,-0.246,-0.055,0.57,0.484,0.754,0.726,0.819,-0.273,0.859,-0.108,0.615,0.741,0.537,-0.062,-0.444,-0.456,0.128,-0.516,-0.619,0.087,0.652,0.676,0.026,0.516,-0.302,-0.009,0.621,-0.683,0.694,0.111,-0.035,0.742,0.701,0.282,-0.497,0.612,-0.194,0.206,-0.007,-0.603,-0.776,0.039,0.825,0.62,-0.68,0.78,0.758,0.216,0.727,-0.065,-0.658,-0.512,-0.116,0.409,0.634,0.669,-0.509,0.75,0.636,0.603,0.43,0.746,0.803,0.464,0.546,0.711,0.25,0.618,0.789,-0.681,-0.496,0.506,0.671,0.735,0.931,0.362,-0.606,0.686,0.73,-0.338,0.645,0.934,-0.559,0.191,0.757,-0.455,0.56,0.578,-0.621,0.546,0.502,-0.578,-0.617,-0.2,-0.706,-0.459,0.139,0.32,0.618,0.694,0.235,0.342,-0.276,0.123,0.409,0.636,0.636,0.507,0.724,0.751,0.712,0.541,0.637,0.651,0.782,0.409,0.719,0.704,0.583,0.766,0.713,0.681,0.576,0.236,0.725,0.706,0.613,0.774,0.808,0.729,0.04,0.707,0.087,0.627,0.821,0.62,0.759,0.412,0.66,-0.298,0.549,0.746,0.667,-0.605,0.565,-0.233,-0.23,0.557,0.698,-0.223,1.0,0.696,0.674,0.872,-0.27,0.625,0.874,0.653,0.52,-0.801,0.568,-0.612,-0.308,-0.332,-0.295,0.52,0.728,0.569,0.619,0.87,-0.321,0.703,0.256,-0.108,-0.589,0.483,0.493
601901SS,0.525,-0.348,0.901,0.753,0.384,0.9,-0.727,-0.614,-0.311,0.817,0.885,0.762,-0.496,0.897,0.93,0.171,0.754,0.918,0.897,0.598,-0.369,-0.808,-0.665,0.364,-0.023,-0.043,0.314,0.743,0.621,0.04,-0.217,0.801,0.565,0.548,-0.465,0.138,0.894,0.72,-0.271,-0.299,-0.282,-0.526,0.702,0.633,0.861,0.864,0.857,-0.204,0.824,-0.122,0.751,0.71,0.263,-0.081,-0.524,-0.184,-0.03,-0.064,-0.579,0.177,0.822,0.675,0.463,0.859,-0.276,0.441,0.818,-0.88,0.95,0.15,0.145,0.604,0.934,0.083,-0.594,0.794,0.04,-0.161,-0.2,-0.693,-0.814,0.398,0.884,0.845,-0.422,0.8,0.926,0.307,0.785,0.079,-0.566,-0.742,-0.383,0.385,0.927,0.484,-0.813,0.906,0.907,0.863,0.816,0.933,0.898,0.49,0.933,0.941,-0.171,0.852,0.914,-0.777,-0.594,0.228,0.864,0.581,0.763,0.441,-0.535,0.388,0.76,-0.534,0.8,0.759,-0.714,0.478,0.659,-0.272,0.73,0.56,-0.482,0.606,0.779,-0.426,-0.871,0.097,-0.536,-0.517,-0.055,0.329,0.527,0.614,0.576,0.49,-0.439,0.609,0.09,0.898,0.903,0.695,0.644,0.812,0.913,0.384,0.588,0.856,0.906,0.406,0.716,0.496,0.627,0.842,0.911,0.668,0.571,0.023,0.882,0.867,0.48,0.776,0.835,0.958,0.301,0.871,-0.054,0.949,0.719,0.962,0.968,0.338,0.836,-0.591,0.476,0.773,0.243,-0.87,0.731,-0.417,0.016,0.919,0.923,-0.355,0.696,1.0,0.724,0.764,-0.328,0.731,0.849,0.913,0.72,-0.72,0.545,-0.696,-0.292,0.162,-0.506,0.822,0.714,0.83,0.85,0.709,-0.308,0.953,0.56,0.001,-0.617,0.856,0.86
601919SS,0.261,-0.692,0.792,0.91,-0.263,0.747,-0.371,-0.898,-0.761,0.885,0.542,0.255,-0.841,0.865,0.789,0.628,0.938,0.556,0.756,0.898,-0.78,-0.85,-0.877,0.2,-0.421,-0.234,0.166,0.856,0.139,-0.419,0.103,0.368,0.504,0.546,-0.744,0.352,0.77,0.272,-0.435,-0.793,0.257,-0.646,0.314,0.312,0.856,0.899,0.86,-0.605,0.804,-0.15,0.452,0.871,0.764,0.421,-0.905,-0.155,-0.445,-0.563,-0.414,-0.4,0.923,0.671,0.593,0.654,-0.617,0.005,0.858,-0.572,0.794,-0.297,-0.108,0.614,0.811,0.408,-0.905,0.291,-0.438,-0.095,-0.338,-0.2,-0.726,0.307,0.552,0.906,-0.329,0.417,0.552,0.609,0.934,0.206,-0.451,-0.802,-0.043,-0.105,0.62,0.076,-0.662,0.549,0.794,0.481,0.774,0.734,0.886,-0.026,0.681,0.7,0.358,0.866,0.876,-0.548,-0.842,0.526,0.641,0.844,0.835,0.503,-0.275,0.743,0.892,-0.837,0.361,0.804,-0.895,-0.087,0.901,-0.526,0.271,0.425,-0.318,0.148,0.83,-0.181,-0.624,0.378,-0.53,-0.842,-0.294,0.683,0.326,0.198,0.43,-0.099,-0.831,0.606,0.342,0.572,0.827,0.302,0.228,0.38,0.885,0.677,0.077,0.735,0.534,-0.162,0.275,0.121,0.119,0.772,0.888,0.182,0.889,-0.419,0.838,0.937,0.028,0.642,0.491,0.794,0.598,0.876,-0.531,0.761,0.876,0.748,0.779,-0.036,0.892,-0.678,-0.011,0.32,0.167,-0.564,0.869,0.094,0.352,0.756,0.849,-0.72,0.674,0.724,1.0,0.479,0.026,0.289,0.584,0.59,0.285,-0.444,0.926,-0.909,-0.718,0.02,0.116,0.845,0.564,0.476,0.724,0.918,-0.775,0.804,0.706,-0.269,-0.742,0.593,0.583
601939SS,0.864,-0.025,0.717,0.604,0.439,0.479,-0.651,-0.299,-0.002,0.658,0.769,0.755,-0.173,0.741,0.747,0.081,0.546,0.792,0.743,0.501,-0.061,-0.615,-0.463,0.117,0.205,-0.201,0.17,0.454,0.555,0.194,-0.57,0.54,0.199,0.0,-0.27,0.436,0.511,0.759,0.119,-0.139,-0.477,0.003,0.708,0.571,0.652,0.627,0.741,-0.046,0.823,-0.024,0.656,0.589,0.236,-0.275,-0.215,-0.445,0.279,-0.234,-0.59,0.376,0.56,0.673,-0.075,0.518,-0.102,0.163,0.476,-0.754,0.689,0.309,0.066,0.756,0.677,0.06,-0.283,0.798,0.023,0.121,0.042,-0.789,-0.788,0.059,0.909,0.545,-0.641,0.898,0.862,0.136,0.576,-0.04,-0.609,-0.388,-0.231,0.613,0.678,0.825,-0.52,0.845,0.58,0.694,0.379,0.761,0.727,0.67,0.608,0.725,-0.022,0.527,0.718,-0.711,-0.337,0.364,0.688,0.546,0.795,0.3,-0.764,0.479,0.599,-0.176,0.753,0.814,-0.423,0.417,0.534,-0.335,0.691,0.569,-0.589,0.725,0.388,-0.598,-0.68,-0.269,-0.597,-0.253,0.315,0.116,0.66,0.835,0.231,0.553,-0.072,0.053,0.293,0.711,0.597,0.644,0.839,0.887,0.641,0.341,0.826,0.608,0.902,0.624,0.85,0.859,0.76,0.742,0.633,0.862,0.381,0.417,0.662,0.606,0.774,0.741,0.906,0.734,-0.056,0.633,0.299,0.647,0.687,0.65,0.751,0.505,0.559,-0.194,0.716,0.921,0.662,-0.672,0.394,-0.412,-0.406,0.549,0.644,-0.036,0.872,0.764,0.479,1.0,-0.371,0.807,0.928,0.715,0.68,-0.864,0.335,-0.428,-0.072,-0.247,-0.535,0.403,0.685,0.678,0.611,0.661,-0.083,0.707,0.124,-0.073,-0.446,0.523,0.513
601985SS,-0.579,-0.057,-0.315,0.027,-0.512,-0.307,0.593,-0.018,-0.231,-0.005,-0.639,-0.576,-0.213,-0.325,-0.425,0.616,0.084,-0.456,-0.372,0.021,-0.234,0.376,0.165,0.286,-0.457,0.323,0.453,-0.244,-0.667,-0.261,0.768,-0.538,-0.324,0.027,0.09,0.469,-0.209,-0.634,-0.461,-0.284,0.686,-0.171,-0.355,-0.6,-0.318,-0.164,-0.258,-0.006,-0.329,0.087,-0.671,-0.266,0.215,0.46,-0.159,0.54,-0.464,-0.132,0.819,-0.593,0.063,0.136,0.187,-0.369,-0.086,-0.495,-0.247,0.633,-0.339,-0.349,-0.069,-0.28,-0.367,-0.002,-0.014,-0.545,-0.262,0.392,-0.315,0.654,0.416,0.093,-0.507,-0.095,0.66,-0.484,-0.539,0.476,-0.09,0.839,0.719,0.372,0.764,-0.435,-0.531,-0.594,0.52,-0.498,-0.278,-0.607,-0.147,-0.412,-0.267,-0.387,-0.368,-0.463,0.386,-0.237,-0.234,0.745,0.051,0.025,-0.281,-0.104,-0.163,0.464,0.572,0.252,-0.069,-0.167,-0.58,-0.211,0.068,-0.581,0.005,0.008,-0.68,-0.613,0.8,-0.608,0.026,0.845,0.48,0.753,0.703,-0.016,0.166,0.239,0.174,-0.654,-0.472,-0.668,-0.33,0.104,0.515,-0.554,-0.226,-0.211,-0.649,-0.547,-0.087,0.147,-0.619,-0.565,-0.512,-0.631,-0.61,-0.432,-0.584,-0.389,-0.132,-0.607,0.263,-0.452,-0.147,-0.027,-0.592,-0.631,-0.58,-0.194,0.65,-0.093,-0.492,-0.306,-0.038,-0.278,-0.391,-0.682,0.033,0.295,-0.365,-0.563,-0.298,0.62,-0.09,0.774,0.354,-0.253,-0.131,-0.18,-0.27,-0.328,0.026,-0.371,1.0,-0.362,-0.518,-0.374,-0.545,0.602,0.1,0.118,-0.222,0.348,0.632,-0.166,-0.629,-0.645,-0.162,-0.139,-0.308,-0.194,0.314,-0.213,0.156,-0.537,-0.238
601988SS,0.713,0.233,0.582,0.398,0.705,0.499,-0.624,-0.078,0.164,0.449,0.751,0.812,0.063,0.528,0.593,-0.171,0.356,0.813,0.661,0.138,0.156,-0.394,-0.207,0.273,0.452,0.078,0.404,0.264,0.73,0.481,-0.448,0.697,0.201,0.15,0.014,0.16,0.467,0.766,0.187,0.127,-0.6,-0.027,0.802,0.458,0.432,0.473,0.47,0.252,0.53,0.133,0.639,0.312,-0.104,-0.507,0.02,-0.152,0.445,0.201,-0.47,0.51,0.423,0.479,-0.011,0.534,0.049,0.369,0.349,-0.703,0.62,0.485,0.162,0.556,0.55,-0.101,-0.034,0.789,0.314,0.075,-0.019,-0.843,-0.512,0.064,0.867,0.386,-0.372,0.9,0.824,-0.055,0.326,-0.08,-0.494,-0.31,-0.28,0.752,0.686,0.796,-0.399,0.838,0.558,0.704,0.348,0.685,0.525,0.821,0.593,0.673,-0.33,0.419,0.53,-0.555,-0.042,0.047,0.704,0.187,0.499,0.394,-0.591,0.22,0.362,0.015,0.77,0.506,-0.217,0.67,0.314,0.092,0.747,0.529,-0.497,0.839,0.313,-0.406,-0.524,-0.265,-0.371,0.035,0.428,-0.125,0.712,0.837,0.189,0.707,0.122,0.199,-0.04,0.642,0.453,0.839,0.859,0.918,0.528,0.088,0.865,0.544,0.867,0.773,0.872,0.816,0.874,0.512,0.512,0.902,0.118,0.553,0.586,0.442,0.827,0.587,0.778,0.65,-0.098,0.532,0.479,0.609,0.36,0.611,0.697,0.596,0.41,-0.152,0.82,0.885,0.571,-0.648,0.263,-0.576,-0.438,0.566,0.564,0.168,0.625,0.731,0.289,0.807,-0.362,1.0,0.781,0.789,0.728,-0.73,0.028,-0.202,0.207,-0.011,-0.71,0.413,0.431,0.651,0.571,0.379,0.147,0.647,0.09,0.253,-0.325,0.535,0.608
601998SS,0.839,-0.139,0.849,0.673,0.455,0.662,-0.704,-0.415,-0.091,0.72,0.87,0.813,-0.273,0.842,0.859,0.073,0.62,0.88,0.879,0.563,-0.149,-0.747,-0.574,0.063,0.151,-0.17,0.095,0.606,0.642,0.122,-0.577,0.655,0.374,0.205,-0.38,0.25,0.657,0.839,0.065,-0.168,-0.463,-0.105,0.685,0.677,0.778,0.752,0.827,-0.131,0.86,-0.146,0.77,0.692,0.264,-0.247,-0.331,-0.448,0.22,-0.215,-0.7,0.316,0.631,0.638,0.114,0.712,-0.177,0.268,0.669,-0.885,0.79,0.257,0.133,0.706,0.815,0.12,-0.423,0.809,0.071,0.022,0.052,-0.803,-0.857,0.21,0.964,0.667,-0.657,0.91,0.943,0.122,0.691,-0.183,-0.726,-0.557,-0.374,0.521,0.839,0.793,-0.686,0.894,0.743,0.815,0.543,0.842,0.819,0.584,0.732,0.849,-0.057,0.696,0.824,-0.842,-0.464,0.398,0.765,0.621,0.835,0.277,-0.726,0.463,0.663,-0.294,0.811,0.848,-0.538,0.506,0.61,-0.343,0.789,0.632,-0.693,0.722,0.533,-0.686,-0.794,-0.296,-0.709,-0.37,0.094,0.189,0.55,0.82,0.439,0.556,-0.155,0.244,0.155,0.85,0.722,0.648,0.876,0.911,0.742,0.39,0.799,0.775,0.945,0.619,0.862,0.783,0.769,0.845,0.751,0.849,0.425,0.341,0.756,0.688,0.742,0.834,0.97,0.819,-0.038,0.746,0.194,0.779,0.726,0.77,0.878,0.507,0.649,-0.351,0.62,0.928,0.572,-0.8,0.54,-0.46,-0.279,0.701,0.757,-0.13,0.874,0.849,0.584,0.928,-0.518,0.781,1.0,0.796,0.749,-0.908,0.429,-0.561,-0.159,-0.186,-0.593,0.558,0.808,0.827,0.722,0.741,-0.128,0.792,0.252,0.005,-0.498,0.728,0.66
603019SS,0.541,-0.117,0.752,0.593,0.555,0.824,-0.624,-0.387,-0.1,0.673,0.921,0.835,-0.24,0.765,0.821,0.022,0.592,0.945,0.863,0.368,-0.108,-0.678,-0.459,0.415,0.257,0.096,0.391,0.546,0.795,0.303,-0.325,0.875,0.623,0.477,-0.203,0.051,0.786,0.781,-0.079,-0.099,-0.352,-0.442,0.841,0.662,0.734,0.748,0.708,0.038,0.688,0.033,0.842,0.517,0.082,-0.28,-0.323,-0.021,0.206,0.103,-0.567,0.375,0.683,0.502,0.378,0.826,-0.063,0.569,0.736,-0.876,0.91,0.422,0.143,0.515,0.868,-0.013,-0.392,0.872,0.23,-0.093,-0.081,-0.794,-0.655,0.345,0.875,0.683,-0.342,0.854,0.909,0.081,0.603,-0.043,-0.63,-0.694,-0.418,0.574,0.883,0.547,-0.703,0.917,0.781,0.922,0.707,0.903,0.772,0.68,0.865,0.928,-0.331,0.781,0.756,-0.678,-0.333,-0.004,0.944,0.376,0.622,0.526,-0.594,0.317,0.565,-0.317,0.875,0.618,-0.484,0.618,0.498,0.008,0.85,0.699,-0.547,0.75,0.688,-0.439,-0.726,-0.047,-0.513,-0.268,0.011,0.037,0.599,0.682,0.566,0.654,-0.26,0.512,-0.024,0.86,0.77,0.803,0.713,0.848,0.787,0.221,0.686,0.832,0.878,0.57,0.808,0.555,0.77,0.667,0.776,0.721,0.332,0.241,0.877,0.701,0.585,0.774,0.787,0.878,0.156,0.739,0.188,0.887,0.543,0.87,0.885,0.493,0.68,-0.497,0.597,0.793,0.328,-0.823,0.644,-0.583,-0.015,0.807,0.794,-0.132,0.653,0.913,0.59,0.715,-0.374,0.789,0.796,1.0,0.825,-0.727,0.378,-0.488,0.003,0.208,-0.638,0.769,0.634,0.84,0.772,0.567,-0.115,0.847,0.463,0.247,-0.525,0.843,0.857
603195SS,0.609,0.161,0.567,0.314,0.766,0.628,-0.467,-0.065,0.268,0.448,0.831,0.94,0.055,0.559,0.609,-0.19,0.326,0.895,0.708,0.097,0.215,-0.479,-0.208,0.121,0.379,0.215,0.174,0.25,0.83,0.391,-0.546,0.806,0.527,0.258,0.063,-0.045,0.63,0.929,0.045,0.273,-0.472,-0.113,0.732,0.807,0.557,0.518,0.564,0.294,0.526,-0.059,0.784,0.277,-0.244,-0.503,-0.009,-0.027,0.442,0.297,-0.475,0.599,0.398,0.411,0.217,0.748,0.305,0.604,0.522,-0.833,0.691,0.582,0.385,0.357,0.705,-0.21,-0.114,0.859,0.537,0.058,0.297,-0.834,-0.559,0.454,0.814,0.442,-0.265,0.804,0.848,-0.15,0.336,-0.225,-0.58,-0.4,-0.538,0.585,0.773,0.69,-0.557,0.786,0.562,0.862,0.473,0.669,0.542,0.697,0.697,0.764,-0.579,0.593,0.527,-0.612,-0.106,-0.074,0.806,0.142,0.433,0.269,-0.679,0.112,0.26,-0.034,0.844,0.444,-0.192,0.796,0.187,0.084,0.919,0.584,-0.557,0.774,0.437,-0.54,-0.626,-0.278,-0.417,0.014,0.067,-0.291,0.409,0.687,0.597,0.663,0.091,0.309,-0.208,0.824,0.531,0.741,0.79,0.808,0.493,-0.041,0.788,0.669,0.791,0.717,0.788,0.647,0.824,0.521,0.502,0.767,-0.008,0.464,0.663,0.397,0.668,0.682,0.777,0.674,-0.083,0.562,0.391,0.672,0.294,0.652,0.696,0.468,0.383,-0.254,0.563,0.839,0.368,-0.735,0.409,-0.628,-0.079,0.61,0.561,0.161,0.52,0.72,0.285,0.68,-0.545,0.728,0.749,0.825,1.0,-0.753,0.103,-0.192,0.268,0.166,-0.822,0.485,0.632,0.91,0.642,0.314,0.29,0.567,0.214,0.355,-0.145,0.789,0.748
603259SS,-0.825,0.016,-0.678,-0.499,-0.48,-0.551,0.682,0.293,-0.036,-0.585,-0.832,-0.789,0.112,-0.722,-0.734,0.039,-0.449,-0.791,-0.763,-0.41,0.032,0.653,0.452,0.068,-0.3,0.229,-0.03,-0.452,-0.663,-0.178,0.691,-0.644,-0.348,-0.125,0.249,-0.134,-0.532,-0.805,-0.176,0.068,0.56,0.032,-0.729,-0.657,-0.653,-0.635,-0.682,0.021,-0.76,-0.029,-0.736,-0.575,-0.139,0.431,0.193,0.466,-0.323,0.168,0.726,-0.383,-0.469,-0.437,0.031,-0.613,0.076,-0.311,-0.541,0.887,-0.702,-0.318,-0.097,-0.688,-0.711,-0.007,0.287,-0.792,-0.172,0.041,-0.065,0.862,0.812,-0.08,-0.883,-0.523,0.653,-0.882,-0.87,0.059,-0.532,0.344,0.829,0.527,0.42,-0.562,-0.739,-0.805,0.628,-0.834,-0.589,-0.774,-0.391,-0.756,-0.675,-0.616,-0.634,-0.754,0.103,-0.593,-0.665,0.798,0.319,-0.239,-0.707,-0.486,-0.694,-0.161,0.845,-0.359,-0.49,0.187,-0.772,-0.724,0.399,-0.494,-0.453,0.274,-0.769,-0.726,0.792,-0.751,-0.408,0.721,0.732,0.461,0.733,0.241,-0.052,-0.012,-0.446,-0.846,-0.387,-0.588,0.02,-0.057,-0.063,-0.789,-0.588,-0.622,-0.877,-0.877,-0.568,-0.323,-0.813,-0.722,-0.876,-0.673,-0.856,-0.784,-0.815,-0.711,-0.585,-0.842,-0.234,-0.477,-0.67,-0.524,-0.782,-0.791,-0.898,-0.683,0.205,-0.579,-0.341,-0.665,-0.586,-0.631,-0.742,-0.62,-0.467,0.271,-0.629,-0.896,-0.601,0.742,-0.411,0.559,0.357,-0.545,-0.592,0.09,-0.801,-0.72,-0.444,-0.864,0.602,-0.73,-0.908,-0.727,-0.753,1.0,-0.296,0.413,0.016,0.313,0.66,-0.452,-0.725,-0.806,-0.56,-0.614,-0.015,-0.654,-0.097,-0.149,0.444,-0.655,-0.516
603260SS,0.142,-0.787,0.662,0.843,-0.466,0.603,-0.219,-0.906,-0.784,0.819,0.36,0.061,-0.903,0.78,0.678,0.714,0.889,0.36,0.613,0.93,-0.835,-0.804,-0.871,0.038,-0.606,-0.326,-0.015,0.811,-0.104,-0.571,0.194,0.145,0.432,0.455,-0.814,0.349,0.658,0.091,-0.5,-0.848,0.411,-0.596,0.065,0.206,0.786,0.807,0.789,-0.732,0.745,-0.263,0.284,0.837,0.848,0.592,-0.949,-0.213,-0.591,-0.696,-0.312,-0.539,0.852,0.61,0.583,0.521,-0.649,-0.159,0.788,-0.396,0.63,-0.438,-0.166,0.505,0.699,0.454,-0.938,0.111,-0.536,-0.077,-0.295,0.023,-0.674,0.295,0.368,0.808,-0.31,0.187,0.364,0.664,0.906,0.231,-0.348,-0.711,0.079,-0.314,0.438,-0.075,-0.586,0.336,0.657,0.304,0.686,0.582,0.782,-0.26,0.515,0.54,0.541,0.788,0.781,-0.456,-0.888,0.604,0.445,0.874,0.763,0.344,-0.167,0.736,0.854,-0.878,0.159,0.741,-0.861,-0.302,0.854,-0.671,0.089,0.298,-0.175,-0.076,0.749,-0.173,-0.552,0.396,-0.465,-0.915,-0.374,0.753,0.146,0.001,0.392,-0.284,-0.877,0.531,0.449,0.444,0.743,0.063,0.039,0.156,0.761,0.738,-0.126,0.604,0.341,-0.353,0.061,-0.061,-0.099,0.712,0.775,-0.033,0.901,-0.554,0.684,0.843,-0.147,0.517,0.349,0.651,0.591,0.772,-0.677,0.615,0.863,0.597,0.622,-0.204,0.804,-0.595,-0.239,0.131,0.081,-0.384,0.787,0.274,0.445,0.618,0.714,-0.796,0.568,0.545,0.926,0.335,0.1,0.028,0.429,0.378,0.103,-0.296,1.0,-0.906,-0.82,-0.01,0.312,0.715,0.529,0.329,0.606,0.861,-0.838,0.628,0.653,-0.423,-0.688,0.453,0.414
603288SS,-0.248,0.794,-0.826,-0.865,0.306,-0.762,0.512,0.961,0.817,-0.833,-0.532,-0.224,0.899,-0.881,-0.823,-0.508,-0.884,-0.494,-0.707,-0.921,0.862,0.908,0.966,-0.037,0.5,0.382,-0.022,-0.959,-0.077,0.55,-0.08,-0.358,-0.459,-0.566,0.91,-0.172,-0.764,-0.249,0.442,0.79,-0.157,0.627,-0.159,-0.263,-0.864,-0.859,-0.844,0.769,-0.81,0.314,-0.433,-0.937,-0.775,-0.464,0.915,0.337,0.473,0.572,0.515,0.411,-0.85,-0.598,-0.567,-0.654,0.766,-0.017,-0.834,0.558,-0.746,0.438,0.096,-0.554,-0.787,-0.462,0.943,-0.246,0.474,0.268,0.334,0.159,0.772,-0.253,-0.513,-0.877,0.477,-0.325,-0.54,-0.604,-0.948,-0.111,0.433,0.809,0.105,0.173,-0.656,-0.046,0.742,-0.524,-0.826,-0.447,-0.801,-0.718,-0.869,0.143,-0.682,-0.686,-0.424,-0.827,-0.887,0.654,0.926,-0.604,-0.488,-0.888,-0.8,-0.265,0.188,-0.611,-0.931,0.872,-0.301,-0.792,0.969,0.122,-0.908,0.654,-0.229,-0.359,0.312,-0.051,-0.791,0.291,0.737,-0.291,0.568,0.937,0.376,-0.808,-0.18,-0.18,-0.43,0.074,0.787,-0.61,-0.318,-0.587,-0.863,-0.198,-0.202,-0.342,-0.858,-0.739,-0.037,-0.749,-0.527,0.18,-0.235,-0.031,-0.055,-0.827,-0.878,-0.161,-0.886,0.478,-0.713,-0.908,0.013,-0.648,-0.518,-0.754,-0.47,-0.824,0.571,-0.749,-0.86,-0.76,-0.771,0.011,-0.878,0.714,0.069,-0.291,-0.061,0.597,-0.799,-0.054,-0.273,-0.781,-0.819,0.812,-0.612,-0.696,-0.909,-0.428,0.118,-0.202,-0.561,-0.488,-0.192,0.413,-0.906,1.0,0.838,0.06,-0.113,-0.805,-0.624,-0.467,-0.674,-0.885,0.778,-0.778,-0.61,0.37,0.777,-0.603,-0.527
603369SS,0.086,0.804,-0.515,-0.677,0.69,-0.396,0.187,0.883,0.902,-0.608,-0.038,0.246,0.927,-0.541,-0.437,-0.672,-0.702,-0.023,-0.309,-0.837,0.953,0.615,0.823,0.092,0.775,0.359,0.072,-0.742,0.421,0.821,-0.388,0.101,-0.153,-0.433,0.893,-0.254,-0.445,0.185,0.597,0.855,-0.477,0.531,0.284,0.088,-0.569,-0.564,-0.562,0.847,-0.503,0.361,0.044,-0.734,-0.837,-0.717,0.877,0.246,0.691,0.667,0.13,0.73,-0.61,-0.444,-0.473,-0.262,0.8,0.345,-0.535,0.102,-0.323,0.724,0.17,-0.298,-0.399,-0.495,0.858,0.232,0.667,0.173,0.369,-0.304,0.485,-0.166,-0.071,-0.652,0.21,0.112,-0.084,-0.727,-0.74,-0.305,0.026,0.474,-0.216,0.546,-0.222,0.319,0.386,-0.061,-0.497,0.052,-0.542,-0.275,-0.551,0.546,-0.286,-0.228,-0.674,-0.485,-0.58,0.267,0.868,-0.654,-0.031,-0.779,-0.564,-0.127,-0.173,-0.555,-0.735,0.852,0.164,-0.546,0.847,0.51,-0.748,0.743,0.294,0.07,-0.069,0.414,-0.563,-0.053,0.429,-0.506,0.237,0.916,0.421,-0.912,0.038,0.247,-0.154,0.513,0.795,-0.46,-0.474,-0.161,-0.554,0.193,0.228,0.121,-0.565,-0.756,0.386,-0.322,-0.078,0.574,0.226,0.282,0.41,-0.527,-0.586,0.269,-0.858,0.726,-0.342,-0.667,0.41,-0.226,-0.108,-0.395,-0.576,-0.544,0.819,-0.351,-0.69,-0.389,-0.362,0.394,-0.656,0.485,0.423,0.14,0.196,0.156,-0.576,-0.503,-0.401,-0.443,-0.521,0.884,-0.308,-0.292,-0.718,-0.072,-0.222,0.207,-0.159,0.003,0.268,0.016,-0.82,0.838,1.0,0.111,-0.51,-0.499,-0.281,-0.013,-0.344,-0.676,0.838,-0.438,-0.531,0.582,0.522,-0.173,-0.162
603501SS,-0.46,-0.011,0.008,0.03,0.191,0.301,0.227,0.024,0.067,0.061,-0.028,0.113,-0.107,-0.051,-0.047,0.171,0.104,0.16,0.043,-0.185,0.037,0.113,0.163,0.425,-0.249,0.559,0.432,-0.074,0.092,0.117,0.49,0.239,0.273,0.512,0.175,-0.162,0.31,0.007,-0.509,0.159,0.28,-0.462,0.007,0.098,-0.005,0.085,-0.043,0.228,-0.235,-0.138,-0.055,-0.278,-0.318,0.079,-0.071,0.61,-0.253,0.475,0.432,-0.053,0.199,0.091,0.645,0.295,0.26,0.3,0.173,0.02,0.127,0.057,0.228,-0.465,0.111,-0.363,-0.043,0.036,0.325,0.161,-0.159,0.143,0.208,0.625,-0.082,0.138,0.624,-0.143,0.004,0.123,-0.0,0.464,0.356,-0.02,-0.072,-0.177,0.105,-0.308,-0.033,-0.049,0.147,0.147,0.353,0.06,-0.026,-0.039,0.236,0.113,-0.413,0.204,0.027,0.27,-0.009,-0.374,0.247,-0.312,-0.214,0.376,0.296,-0.218,-0.1,-0.15,0.066,-0.269,0.042,0.166,-0.137,0.26,0.102,-0.279,0.479,-0.078,0.344,0.404,0.03,0.56,0.52,0.061,-0.017,-0.104,0.078,-0.339,0.323,-0.06,-0.224,0.6,-0.118,0.126,0.18,0.162,-0.24,-0.128,0.161,-0.232,-0.22,-0.007,-0.069,-0.182,-0.218,-0.335,-0.102,-0.151,0.146,-0.218,0.023,-0.31,0.18,0.121,-0.312,-0.236,-0.166,0.193,0.536,0.176,-0.269,0.233,-0.168,0.221,0.09,-0.395,0.195,-0.127,-0.197,-0.157,-0.422,-0.056,0.208,0.085,0.492,0.283,0.204,-0.008,-0.332,0.162,0.02,-0.247,0.348,-0.011,-0.186,0.208,0.166,0.313,-0.01,0.06,0.111,1.0,-0.08,0.241,-0.166,0.103,0.259,-0.242,0.059,0.115,0.497,0.206,0.133,0.251,0.448
603659SS,-0.543,-0.45,-0.337,0.01,-0.924,-0.392,0.556,-0.237,-0.511,-0.086,-0.675,-0.874,-0.364,-0.263,-0.366,0.524,0.065,-0.711,-0.461,0.247,-0.475,0.198,-0.087,-0.062,-0.583,-0.249,-0.167,0.01,-0.828,-0.548,0.633,-0.741,-0.248,-0.108,-0.261,0.28,-0.329,-0.83,-0.25,-0.566,0.753,-0.114,-0.675,-0.631,-0.214,-0.167,-0.217,-0.453,-0.219,0.023,-0.606,0.018,0.545,0.767,-0.344,0.111,-0.622,-0.538,0.431,-0.742,-0.022,-0.06,0.042,-0.491,-0.408,-0.631,-0.197,0.688,-0.404,-0.636,-0.323,-0.15,-0.39,0.424,-0.235,-0.791,-0.698,0.04,-0.216,0.856,0.314,-0.208,-0.665,-0.102,0.248,-0.708,-0.707,0.458,-0.003,0.348,0.463,0.152,0.592,-0.704,-0.619,-0.727,0.344,-0.665,-0.321,-0.713,-0.215,-0.446,-0.222,-0.762,-0.493,-0.526,0.674,-0.245,-0.249,0.49,-0.189,0.256,-0.524,0.183,-0.138,-0.072,0.553,0.262,0.046,-0.264,-0.764,-0.173,-0.092,-0.865,0.109,-0.263,-0.826,-0.415,0.488,-0.762,-0.109,0.527,0.476,0.507,0.268,-0.304,-0.22,0.482,-0.366,-0.728,-0.36,-0.814,-0.442,-0.084,0.324,-0.657,-0.268,-0.64,-0.79,-0.752,-0.21,0.245,-0.817,-0.427,-0.684,-0.847,-0.761,-0.643,-0.843,-0.247,-0.222,-0.796,0.321,-0.654,-0.313,-0.08,-0.734,-0.448,-0.674,-0.412,0.396,-0.205,-0.638,-0.434,0.012,-0.433,-0.455,-0.609,-0.078,0.05,-0.672,-0.784,-0.288,0.62,-0.041,0.785,0.411,-0.366,-0.27,-0.396,-0.295,-0.506,0.116,-0.535,0.632,-0.71,-0.593,-0.638,-0.822,0.66,0.312,-0.113,-0.51,-0.08,1.0,-0.161,-0.407,-0.731,-0.332,0.013,-0.562,-0.353,0.102,-0.472,-0.019,-0.576,-0.522
603799SS,0.204,-0.546,0.797,0.745,0.024,0.908,-0.497,-0.781,-0.61,0.785,0.713,0.451,-0.674,0.816,0.806,0.347,0.796,0.69,0.784,0.642,-0.615,-0.812,-0.761,0.338,-0.206,-0.066,0.286,0.813,0.414,-0.195,0.093,0.678,0.728,0.762,-0.581,0.006,0.881,0.444,-0.434,-0.507,0.102,-0.758,0.457,0.473,0.86,0.873,0.774,-0.377,0.686,-0.094,0.655,0.74,0.447,0.214,-0.723,0.039,-0.227,-0.144,-0.467,-0.118,0.819,0.517,0.671,0.827,-0.434,0.393,0.902,-0.704,0.885,-0.056,0.046,0.45,0.871,0.314,-0.779,0.483,-0.147,-0.256,-0.251,-0.374,-0.652,0.427,0.613,0.888,-0.223,0.509,0.675,0.42,0.801,0.063,-0.473,-0.85,-0.275,0.072,0.798,0.09,-0.747,0.68,0.884,0.689,0.915,0.805,0.846,0.167,0.81,0.836,-0.018,0.873,0.819,-0.592,-0.689,0.187,0.754,0.606,0.653,0.469,-0.247,0.443,0.749,-0.715,0.574,0.622,-0.815,0.23,0.716,-0.236,0.473,0.535,-0.38,0.318,0.89,-0.194,-0.721,0.336,-0.47,-0.673,-0.371,0.475,0.314,0.275,0.658,0.204,-0.662,0.765,0.045,0.722,0.862,0.508,0.312,0.492,0.871,0.491,0.213,0.851,0.615,0.057,0.418,0.117,0.302,0.703,0.88,0.281,0.644,-0.29,0.861,0.86,0.105,0.699,0.523,0.842,0.505,0.839,-0.34,0.862,0.653,0.865,0.849,0.152,0.835,-0.749,0.121,0.405,-0.016,-0.705,0.901,-0.187,0.424,0.896,0.877,-0.611,0.52,0.822,0.845,0.403,-0.166,0.413,0.558,0.769,0.485,-0.452,0.715,-0.805,-0.499,0.241,-0.161,1.0,0.592,0.649,0.766,0.718,-0.523,0.847,0.725,0.021,-0.641,0.797,0.805
603806SS,0.685,-0.395,0.774,0.607,0.251,0.637,-0.6,-0.483,-0.169,0.628,0.788,0.635,-0.375,0.813,0.817,0.059,0.572,0.715,0.793,0.597,-0.235,-0.794,-0.619,-0.102,-0.041,-0.319,-0.281,0.66,0.489,-0.03,-0.502,0.529,0.611,0.247,-0.49,0.066,0.626,0.7,0.013,-0.197,-0.271,-0.173,0.411,0.771,0.845,0.709,0.822,-0.327,0.806,-0.364,0.744,0.723,0.317,-0.009,-0.417,-0.51,0.049,-0.293,-0.755,0.224,0.558,0.502,0.21,0.686,-0.132,0.307,0.751,-0.787,0.719,0.084,0.099,0.514,0.8,0.245,-0.534,0.654,-0.036,-0.113,0.196,-0.573,-0.814,0.3,0.772,0.642,-0.683,0.64,0.783,0.098,0.696,-0.345,-0.733,-0.627,-0.5,0.227,0.753,0.55,-0.782,0.709,0.709,0.761,0.583,0.734,0.782,0.272,0.654,0.8,-0.051,0.694,0.762,-0.869,-0.585,0.34,0.608,0.654,0.747,-0.039,-0.567,0.309,0.634,-0.361,0.736,0.759,-0.563,0.363,0.535,-0.457,0.7,0.574,-0.696,0.529,0.519,-0.787,-0.772,-0.281,-0.782,-0.502,-0.234,0.255,0.182,0.567,0.708,0.417,-0.266,0.294,0.033,0.811,0.713,0.334,0.644,0.658,0.64,0.329,0.561,0.799,0.723,0.392,0.635,0.481,0.509,0.826,0.677,0.575,0.395,0.113,0.631,0.623,0.485,0.834,0.812,0.689,-0.061,0.668,0.018,0.688,0.667,0.678,0.787,0.357,0.578,-0.466,0.306,0.683,0.339,-0.75,0.645,-0.402,0.033,0.672,0.673,-0.239,0.728,0.714,0.564,0.685,-0.629,0.431,0.808,0.634,0.632,-0.725,0.529,-0.624,-0.281,-0.166,-0.407,0.592,1.0,0.787,0.635,0.7,-0.2,0.642,0.269,-0.135,-0.447,0.75,0.597
603833SS,0.584,-0.133,0.742,0.479,0.598,0.807,-0.637,-0.353,0.01,0.586,0.905,0.889,-0.213,0.748,0.792,-0.101,0.48,0.911,0.824,0.337,-0.069,-0.707,-0.467,0.056,0.168,0.01,0.043,0.535,0.776,0.148,-0.505,0.843,0.591,0.431,-0.255,-0.146,0.782,0.883,-0.076,0.033,-0.424,-0.298,0.658,0.828,0.741,0.692,0.722,-0.011,0.677,-0.186,0.832,0.518,-0.035,-0.331,-0.271,-0.22,0.212,0.121,-0.653,0.406,0.544,0.418,0.37,0.862,0.018,0.595,0.725,-0.946,0.817,0.343,0.271,0.441,0.858,-0.063,-0.385,0.822,0.366,-0.16,0.124,-0.788,-0.745,0.46,0.85,0.64,-0.42,0.774,0.91,-0.041,0.564,-0.291,-0.713,-0.644,-0.636,0.406,0.901,0.612,-0.788,0.831,0.737,0.918,0.664,0.796,0.711,0.506,0.834,0.872,-0.41,0.776,0.714,-0.814,-0.404,0.086,0.806,0.369,0.565,0.171,-0.679,0.162,0.463,-0.302,0.837,0.576,-0.458,0.686,0.376,-0.152,0.891,0.637,-0.646,0.697,0.594,-0.647,-0.824,-0.246,-0.593,-0.29,-0.161,-0.024,0.279,0.661,0.733,0.582,-0.136,0.445,-0.184,0.948,0.727,0.631,0.754,0.793,0.653,0.158,0.684,0.847,0.847,0.58,0.747,0.53,0.731,0.724,0.678,0.716,0.21,0.245,0.742,0.584,0.577,0.795,0.849,0.784,-0.011,0.688,0.158,0.825,0.479,0.795,0.836,0.443,0.555,-0.489,0.42,0.813,0.28,-0.879,0.582,-0.608,-0.019,0.757,0.706,-0.122,0.569,0.83,0.476,0.678,-0.645,0.651,0.827,0.84,0.91,-0.806,0.329,-0.467,-0.013,0.103,-0.731,0.649,0.787,1.0,0.72,0.499,0.052,0.715,0.332,0.214,-0.359,0.928,0.79
603986SS,0.414,-0.373,0.84,0.743,0.283,0.83,-0.482,-0.582,-0.302,0.82,0.707,0.64,-0.555,0.805,0.805,0.349,0.796,0.798,0.817,0.596,-0.395,-0.729,-0.632,0.268,-0.204,0.096,0.259,0.686,0.417,-0.107,-0.063,0.613,0.537,0.606,-0.44,0.184,0.837,0.63,-0.385,-0.312,0.005,-0.47,0.495,0.547,0.79,0.842,0.803,-0.209,0.71,-0.302,0.587,0.642,0.311,0.074,-0.575,-0.009,-0.12,-0.097,-0.364,0.009,0.824,0.752,0.556,0.848,-0.235,0.277,0.821,-0.715,0.82,0.082,0.3,0.417,0.85,0.163,-0.619,0.597,0.123,0.055,-0.091,-0.452,-0.738,0.615,0.751,0.799,-0.261,0.63,0.778,0.403,0.761,0.185,-0.399,-0.59,-0.21,0.202,0.818,0.348,-0.706,0.708,0.853,0.691,0.78,0.776,0.821,0.298,0.758,0.821,-0.085,0.82,0.826,-0.615,-0.596,0.298,0.747,0.565,0.708,0.441,-0.354,0.465,0.699,-0.585,0.617,0.685,-0.679,0.357,0.642,-0.266,0.595,0.376,-0.313,0.403,0.787,-0.284,-0.72,0.206,-0.387,-0.507,-0.073,0.361,0.415,0.391,0.557,0.262,-0.472,0.681,0.105,0.768,0.823,0.59,0.493,0.645,0.845,0.377,0.42,0.717,0.731,0.241,0.508,0.359,0.457,0.756,0.843,0.502,0.597,-0.082,0.831,0.81,0.284,0.612,0.705,0.865,0.444,0.909,-0.223,0.825,0.665,0.852,0.861,0.091,0.823,-0.444,0.292,0.62,0.195,-0.69,0.742,-0.144,0.179,0.861,0.881,-0.37,0.619,0.85,0.724,0.611,-0.162,0.571,0.722,0.772,0.642,-0.56,0.606,-0.674,-0.344,0.259,-0.332,0.766,0.635,0.72,1.0,0.676,-0.283,0.806,0.702,0.01,-0.462,0.793,0.868
603993SS,0.533,-0.589,0.848,0.919,-0.19,0.636,-0.495,-0.816,-0.65,0.862,0.602,0.334,-0.73,0.898,0.833,0.543,0.889,0.585,0.806,0.929,-0.669,-0.877,-0.878,0.051,-0.304,-0.395,0.026,0.842,0.188,-0.355,-0.164,0.324,0.407,0.349,-0.765,0.435,0.654,0.399,-0.212,-0.72,0.055,-0.385,0.345,0.372,0.877,0.87,0.908,-0.606,0.899,-0.208,0.516,0.93,0.797,0.296,-0.795,-0.414,-0.261,-0.679,-0.575,-0.276,0.835,0.689,0.333,0.582,-0.611,-0.086,0.8,-0.623,0.754,-0.236,-0.149,0.72,0.785,0.45,-0.825,0.384,-0.45,-0.01,-0.218,-0.332,-0.817,0.146,0.668,0.835,-0.59,0.547,0.637,0.495,0.931,0.041,-0.577,-0.715,-0.064,0.049,0.635,0.32,-0.635,0.626,0.762,0.503,0.645,0.751,0.909,0.096,0.614,0.707,0.448,0.782,0.9,-0.678,-0.807,0.653,0.601,0.926,0.961,0.367,-0.408,0.783,0.91,-0.696,0.45,0.947,-0.844,-0.049,0.942,-0.632,0.348,0.488,-0.496,0.259,0.702,-0.417,-0.668,0.109,-0.693,-0.801,-0.168,0.658,0.408,0.408,0.34,0.033,-0.647,0.377,0.429,0.602,0.783,0.311,0.434,0.518,0.845,0.735,0.282,0.731,0.642,0.027,0.446,0.357,0.259,0.85,0.856,0.373,0.848,-0.203,0.778,0.886,0.253,0.739,0.654,0.773,0.345,0.831,-0.347,0.706,0.945,0.701,0.793,0.145,0.837,-0.563,0.177,0.486,0.394,-0.594,0.774,0.011,0.089,0.679,0.812,-0.596,0.87,0.709,0.918,0.661,-0.139,0.379,0.741,0.567,0.314,-0.614,0.861,-0.885,-0.676,-0.242,0.013,0.718,0.7,0.499,0.676,1.0,-0.682,0.783,0.504,-0.306,-0.74,0.536,0.502
688008SS,0.11,0.809,-0.43,-0.7,0.679,-0.363,0.153,0.842,0.886,-0.588,-0.082,0.278,0.854,-0.54,-0.454,-0.666,-0.704,-0.04,-0.316,-0.822,0.872,0.576,0.73,-0.138,0.621,0.375,-0.021,-0.695,0.321,0.582,-0.386,0.079,-0.158,-0.304,0.793,-0.326,-0.373,0.282,0.428,0.92,-0.454,0.612,0.125,0.17,-0.507,-0.56,-0.507,0.794,-0.503,0.134,-0.015,-0.684,-0.861,-0.704,0.877,0.218,0.733,0.723,0.169,0.684,-0.675,-0.373,-0.445,-0.186,0.784,0.346,-0.506,0.08,-0.38,0.644,0.441,-0.389,-0.397,-0.468,0.808,0.178,0.761,0.256,0.536,-0.265,0.396,0.005,-0.068,-0.612,0.216,0.074,-0.056,-0.659,-0.721,-0.324,0.12,0.576,-0.228,0.425,-0.164,0.336,0.373,-0.103,-0.429,0.007,-0.478,-0.359,-0.549,0.425,-0.296,-0.25,-0.679,-0.512,-0.562,0.223,0.765,-0.53,-0.157,-0.74,-0.54,-0.289,-0.091,-0.598,-0.733,0.793,0.127,-0.507,0.759,0.54,-0.76,0.596,0.237,-0.096,-0.031,0.293,-0.528,-0.074,0.281,-0.521,0.285,0.853,0.327,-0.832,-0.075,0.188,-0.072,0.431,0.881,-0.39,-0.457,-0.097,-0.53,0.154,0.245,0.097,-0.579,-0.665,0.386,-0.347,-0.082,0.563,0.18,0.279,0.35,-0.468,-0.575,0.261,-0.865,0.686,-0.421,-0.686,0.343,-0.244,-0.034,-0.397,-0.598,-0.494,0.727,-0.382,-0.696,-0.369,-0.358,0.297,-0.645,0.546,0.335,0.171,0.063,0.155,-0.567,-0.39,-0.358,-0.377,-0.49,0.8,-0.321,-0.308,-0.775,-0.083,-0.308,0.147,-0.128,-0.115,0.29,-0.015,-0.838,0.778,0.838,0.059,-0.562,-0.523,-0.2,0.052,-0.283,-0.682,1.0,-0.472,-0.513,0.595,0.68,-0.132,-0.088
688009SS,0.433,-0.45,0.916,0.823,0.204,0.895,-0.697,-0.73,-0.484,0.887,0.811,0.632,-0.611,0.916,0.918,0.321,0.817,0.826,0.868,0.7,-0.529,-0.821,-0.741,0.384,-0.112,-0.062,0.4,0.82,0.499,-0.096,-0.119,0.73,0.52,0.583,-0.574,0.193,0.865,0.586,-0.334,-0.457,-0.17,-0.613,0.635,0.493,0.868,0.905,0.863,-0.318,0.835,-0.112,0.674,0.789,0.418,0.043,-0.631,-0.162,-0.141,-0.181,-0.529,0.018,0.853,0.669,0.483,0.811,-0.439,0.328,0.819,-0.808,0.935,-0.005,0.072,0.609,0.906,0.19,-0.677,0.676,-0.116,-0.204,-0.294,-0.587,-0.811,0.345,0.804,0.912,-0.402,0.73,0.853,0.425,0.856,0.166,-0.515,-0.762,-0.24,0.296,0.885,0.35,-0.786,0.87,0.913,0.771,0.832,0.913,0.924,0.382,0.895,0.902,-0.001,0.839,0.933,-0.706,-0.667,0.314,0.814,0.681,0.807,0.529,-0.453,0.507,0.836,-0.636,0.686,0.798,-0.814,0.313,0.765,-0.33,0.587,0.507,-0.429,0.487,0.842,-0.307,-0.84,0.221,-0.512,-0.615,-0.133,0.495,0.565,0.51,0.478,0.349,-0.552,0.618,0.237,0.812,0.931,0.646,0.527,0.728,0.966,0.545,0.46,0.826,0.835,0.274,0.627,0.418,0.508,0.837,0.96,0.548,0.694,-0.09,0.898,0.925,0.36,0.732,0.77,0.965,0.406,0.872,-0.182,0.937,0.789,0.96,0.935,0.245,0.913,-0.597,0.416,0.668,0.167,-0.792,0.76,-0.277,0.067,0.903,0.948,-0.5,0.703,0.953,0.804,0.707,-0.194,0.647,0.792,0.847,0.567,-0.654,0.628,-0.778,-0.438,0.115,-0.353,0.847,0.642,0.715,0.806,0.783,-0.472,1.0,0.633,-0.1,-0.669,0.783,0.785
688012SS,-0.157,-0.58,0.59,0.664,-0.173,0.695,-0.105,-0.666,-0.549,0.711,0.282,0.156,-0.728,0.546,0.491,0.689,0.726,0.385,0.501,0.559,-0.618,-0.483,-0.513,0.388,-0.548,0.255,0.388,0.586,-0.0,-0.387,0.44,0.31,0.493,0.764,-0.429,0.189,0.698,0.099,-0.725,-0.517,0.525,-0.76,0.167,0.202,0.583,0.724,0.56,-0.258,0.391,-0.263,0.168,0.445,0.398,0.395,-0.706,0.346,-0.537,-0.14,0.056,-0.434,0.737,0.515,0.781,0.657,-0.289,0.137,0.75,-0.322,0.589,-0.229,0.204,0.05,0.621,0.216,-0.674,0.169,-0.11,0.045,-0.328,0.052,-0.429,0.726,0.269,0.753,0.207,0.172,0.347,0.575,0.67,0.469,-0.057,-0.513,0.039,-0.29,0.488,-0.248,-0.511,0.289,0.65,0.33,0.733,0.464,0.596,-0.156,0.525,0.513,0.073,0.68,0.597,-0.154,-0.623,0.096,0.506,0.449,0.449,0.578,0.066,0.432,0.538,-0.762,0.201,0.397,-0.659,-0.074,0.537,-0.241,0.1,0.031,0.073,-0.098,0.858,0.219,-0.429,0.663,-0.03,-0.581,-0.316,0.496,0.228,-0.189,0.448,-0.22,-0.773,0.809,0.221,0.448,0.681,0.29,-0.093,0.138,0.724,0.386,-0.155,0.418,0.258,-0.282,-0.015,-0.165,-0.038,0.445,0.711,-0.083,0.667,-0.502,0.69,0.722,-0.268,0.187,0.198,0.65,0.826,0.722,-0.645,0.626,0.513,0.654,0.549,-0.381,0.774,-0.442,-0.141,0.07,-0.257,-0.323,0.746,0.269,0.613,0.681,0.743,-0.608,0.256,0.56,0.706,0.124,0.314,0.09,0.252,0.463,0.214,-0.097,0.653,-0.61,-0.531,0.497,0.102,0.725,0.269,0.332,0.702,0.504,-0.513,0.633,1.0,-0.028,-0.308,0.536,0.678
688036SS,0.032,0.491,-0.137,-0.325,0.519,0.067,0.002,0.404,0.442,-0.271,0.145,0.315,0.485,-0.217,-0.161,-0.364,-0.319,0.184,0.009,-0.518,0.491,0.262,0.4,0.091,0.505,0.319,0.249,-0.304,0.462,0.426,-0.223,0.332,0.189,0.19,0.527,-0.353,-0.007,0.262,0.212,0.488,-0.258,0.097,0.394,0.213,-0.201,-0.15,-0.246,0.583,-0.294,0.268,0.184,-0.394,-0.528,-0.537,0.434,0.337,0.487,0.545,-0.023,0.37,-0.254,-0.297,-0.004,0.186,0.444,0.505,-0.022,-0.176,0.029,0.522,0.327,-0.217,-0.047,-0.304,0.391,0.263,0.578,0.165,0.099,-0.315,0.217,0.135,0.095,-0.22,0.244,0.223,0.136,-0.504,-0.349,-0.298,-0.16,0.021,-0.339,0.357,0.124,0.231,0.077,0.102,-0.063,0.228,-0.058,-0.007,-0.21,0.427,0.019,0.072,-0.556,-0.053,-0.227,0.081,0.455,-0.575,0.21,-0.511,-0.295,0.113,-0.119,-0.347,-0.438,0.329,0.285,-0.296,0.387,0.453,-0.346,0.587,0.321,0.248,-0.212,0.326,-0.044,-0.004,0.106,-0.291,0.07,0.506,0.131,-0.608,0.038,0.228,0.127,0.412,0.381,0.009,-0.479,0.147,-0.174,0.38,0.259,0.221,-0.179,-0.448,0.3,0.03,0.102,0.42,0.253,0.128,0.407,-0.296,-0.173,0.247,-0.494,0.444,0.033,-0.263,0.285,-0.021,0.026,-0.064,-0.228,-0.135,0.457,0.002,-0.426,-0.025,-0.018,0.386,-0.252,0.059,0.31,0.172,0.104,-0.132,-0.071,-0.434,-0.114,-0.014,-0.114,0.421,-0.108,0.001,-0.269,-0.073,-0.213,0.253,0.005,0.247,0.355,-0.149,-0.423,0.37,0.582,0.206,-0.472,0.021,-0.135,0.214,0.01,-0.306,0.595,-0.1,-0.028,1.0,0.203,0.184,0.229
688111SS,-0.317,0.532,-0.594,-0.688,0.165,-0.593,0.577,0.738,0.63,-0.59,-0.544,-0.213,0.612,-0.73,-0.704,-0.255,-0.672,-0.465,-0.611,-0.699,0.607,0.773,0.76,-0.091,0.16,0.535,-0.097,-0.736,-0.253,0.246,0.06,-0.393,-0.348,-0.369,0.704,-0.081,-0.538,-0.193,0.134,0.709,0.127,0.521,-0.37,-0.159,-0.649,-0.641,-0.628,0.678,-0.67,0.006,-0.441,-0.745,-0.6,-0.161,0.712,0.442,0.306,0.547,0.612,0.246,-0.705,-0.36,-0.338,-0.42,0.692,-0.016,-0.618,0.521,-0.684,0.304,0.459,-0.612,-0.611,-0.189,0.717,-0.315,0.425,0.328,0.566,0.295,0.573,0.17,-0.485,-0.617,0.562,-0.378,-0.484,-0.258,-0.726,-0.007,0.56,0.814,0.162,-0.094,-0.516,-0.194,0.577,-0.548,-0.634,-0.462,-0.589,-0.722,-0.701,-0.114,-0.628,-0.589,-0.388,-0.678,-0.731,0.615,0.674,-0.367,-0.502,-0.641,-0.649,-0.272,0.338,-0.441,-0.751,0.635,-0.37,-0.653,0.715,0.129,-0.761,0.485,-0.3,-0.541,0.38,-0.259,-0.528,0.346,0.561,-0.075,0.576,0.709,0.088,-0.561,-0.272,-0.397,-0.217,-0.142,0.61,-0.348,-0.246,-0.485,-0.685,-0.216,-0.303,-0.392,-0.695,-0.53,-0.141,-0.703,-0.542,0.045,-0.328,-0.108,-0.202,-0.599,-0.697,-0.281,-0.702,0.272,-0.597,-0.744,-0.163,-0.647,-0.464,-0.616,-0.224,-0.584,0.248,-0.656,-0.689,-0.605,-0.654,-0.321,-0.67,0.707,-0.137,-0.309,-0.323,0.604,-0.596,0.251,0.059,-0.576,-0.607,0.611,-0.589,-0.617,-0.742,-0.446,0.156,-0.325,-0.498,-0.525,-0.145,0.444,-0.688,0.777,0.522,0.133,-0.019,-0.641,-0.447,-0.359,-0.462,-0.74,0.68,-0.669,-0.308,0.203,1.0,-0.448,-0.349
688169SS,0.386,-0.324,0.788,0.564,0.446,0.926,-0.598,-0.51,-0.194,0.66,0.877,0.78,-0.388,0.792,0.824,0.015,0.59,0.867,0.832,0.42,-0.256,-0.765,-0.568,0.158,0.017,0.071,0.117,0.673,0.7,0.014,-0.288,0.856,0.736,0.641,-0.376,-0.227,0.867,0.756,-0.246,-0.121,-0.254,-0.535,0.579,0.759,0.794,0.774,0.74,-0.154,0.655,-0.228,0.807,0.589,0.071,-0.143,-0.441,-0.106,0.027,0.099,-0.601,0.242,0.651,0.427,0.567,0.941,-0.111,0.588,0.843,-0.9,0.87,0.194,0.266,0.355,0.9,0.045,-0.542,0.72,0.244,-0.281,0.002,-0.638,-0.711,0.567,0.762,0.755,-0.324,0.659,0.85,0.091,0.661,-0.196,-0.637,-0.756,-0.593,0.266,0.936,0.383,-0.857,0.789,0.849,0.901,0.818,0.831,0.772,0.358,0.885,0.912,-0.351,0.853,0.768,-0.768,-0.525,0.076,0.81,0.427,0.552,0.253,-0.497,0.187,0.551,-0.476,0.77,0.553,-0.596,0.573,0.464,-0.136,0.802,0.594,-0.55,0.564,0.751,-0.504,-0.823,-0.036,-0.541,-0.426,-0.323,0.152,0.213,0.491,0.817,0.471,-0.337,0.664,-0.194,0.926,0.831,0.589,0.582,0.687,0.757,0.223,0.497,0.897,0.768,0.4,0.61,0.311,0.58,0.729,0.78,0.543,0.343,0.026,0.8,0.689,0.366,0.76,0.746,0.831,0.189,0.764,-0.042,0.889,0.499,0.878,0.872,0.316,0.684,-0.618,0.282,0.66,0.085,-0.871,0.73,-0.497,0.199,0.873,0.796,-0.304,0.483,0.856,0.593,0.523,-0.537,0.535,0.728,0.843,0.789,-0.655,0.453,-0.603,-0.173,0.251,-0.576,0.797,0.75,0.928,0.793,0.536,-0.132,0.783,0.536,0.184,-0.448,1.0,0.861
688396SS,0.347,-0.207,0.78,0.601,0.459,0.866,-0.463,-0.441,-0.18,0.668,0.762,0.735,-0.384,0.69,0.729,0.158,0.634,0.85,0.808,0.364,-0.221,-0.635,-0.475,0.371,-0.035,0.248,0.367,0.557,0.606,0.096,-0.064,0.779,0.686,0.699,-0.255,-0.006,0.857,0.71,-0.365,-0.098,-0.078,-0.518,0.592,0.66,0.74,0.747,0.697,-0.006,0.554,-0.246,0.669,0.466,0.057,-0.109,-0.402,0.168,0.04,0.195,-0.344,0.184,0.685,0.565,0.606,0.887,-0.028,0.537,0.809,-0.755,0.824,0.266,0.354,0.251,0.825,-0.0,-0.479,0.688,0.284,0.042,-0.033,-0.548,-0.589,0.658,0.736,0.725,-0.106,0.656,0.801,0.208,0.61,0.097,-0.38,-0.588,-0.385,0.275,0.861,0.343,-0.665,0.735,0.834,0.811,0.827,0.762,0.727,0.414,0.815,0.848,-0.364,0.776,0.733,-0.547,-0.443,0.012,0.821,0.333,0.548,0.486,-0.305,0.246,0.525,-0.437,0.75,0.53,-0.542,0.556,0.47,-0.052,0.704,0.397,-0.314,0.499,0.775,-0.247,-0.703,0.19,-0.284,-0.339,-0.107,0.147,0.447,0.402,0.699,0.417,-0.342,0.755,-0.065,0.826,0.769,0.7,0.522,0.663,0.784,0.204,0.47,0.736,0.715,0.355,0.562,0.336,0.538,0.625,0.786,0.513,0.385,0.003,0.8,0.703,0.312,0.602,0.658,0.845,0.381,0.806,-0.084,0.833,0.472,0.862,0.844,0.179,0.723,-0.515,0.338,0.62,0.069,-0.743,0.739,-0.335,0.255,0.882,0.84,-0.235,0.493,0.86,0.583,0.513,-0.238,0.608,0.66,0.857,0.748,-0.516,0.414,-0.527,-0.162,0.448,-0.522,0.805,0.597,0.79,0.868,0.502,-0.088,0.785,0.678,0.229,-0.349,0.861,1.0
