Date,Stock,Open,High,Low,Close,Volume,Turnover
2022-11-11,AACG,1.830000042915344,1.840000033378601,1.659999966621399,1.7899999618530271,24500,0.0007784227566332
2022-11-11,AAL,15.0,15.079999923706056,14.720000267028809,14.880000114440918,24134000,0.0367014611238853
2022-11-11,AAOI,2.240000009536743,2.3299999237060547,2.1700000762939453,2.3299999237060547,201600,0.0040119562664926
2022-11-11,AAON,51.458382056337975,52.68248641147066,51.28068942791886,51.34650039672852,375300,0.0046152370458547
2022-11-11,AAPL,144.14406562748653,148.28589635779667,142.71071873245964,147.97946166992188,93979700,0.0062560958186321
2022-11-11,ABAT,9.149999618530272,9.449999809265137,8.699999809265137,8.850000381469727,73073,0.0008631552836117
2022-11-11,ABEO,4.21999979019165,4.590000152587891,4.190000057220459,4.389999866485596,476200,0.0098117188433627
2022-11-11,ABTS,0.9210000038146972,0.9210000038146972,0.8899999856948853,0.8899999856948853,31100,0.0131207020208412
2022-11-11,ABUS,2.4800000190734863,2.640000104904175,2.430000066757202,2.559999942779541,810000,0.0042302068101107
2022-11-11,ACB,13.100000381469728,16.200000762939453,12.699999809265137,15.300000190734863,3417720,0.062271586853023
2022-11-11,ACET,20.899999618530277,21.8700008392334,20.84000015258789,21.270000457763672,1049900,0.0126974643771965
2022-11-11,ACGL,55.95086926644188,56.23613809800677,53.6496929533864,53.98250961303711,3240200,0.0086240671145226
2022-11-11,ACGLO,18.236437740496843,18.880934433463366,18.236437740496843,18.459566116333008,15900,3.946006637312216e-05
2022-11-11,ACHC,84.55999755859375,84.98999786376953,80.22000122070312,80.68000030517578,1009700,0.0109597754423746
2022-11-11,ACHV,2.059999942779541,2.200000047683716,2.009999990463257,2.130000114440918,97200,0.0028023560549054
2022-11-11,ACIC,0.3466270557683608,0.3562555755301756,0.3081129193305969,0.3081129193305969,181200,0.0037508927000424
2022-11-11,ACIU,2.799999952316284,2.819999933242798,2.619999885559082,2.819999933242798,32200,0.000320685190718
2022-11-11,ACIW,20.40999984741211,20.899999618530277,20.040000915527344,20.780000686645508,1418700,0.0134683299156983
2022-11-11,ACLS,75.0,78.0,74.5999984741211,77.08999633789062,343500,0.0106740665241386
2022-11-11,ACMR,9.15999984741211,9.8100004196167,9.15999984741211,9.520000457763672,793300,0.0136521884287678
2022-11-11,ACNB,36.36120928511321,36.9328129973544,35.8633657688779,36.4165267944336,13000,0.001233080709875
2022-11-11,ACRS,16.969999313354492,17.260000228881836,16.219999313354492,16.989999771118164,685900,0.00634223471539
2022-11-11,ACTG,3.920000076293945,4.099999904632568,3.920000076293945,4.019999980926514,132500,0.0013789730033511
2022-11-11,ADAP,2.299999952316284,2.569999933242798,2.2799999713897705,2.509999990463257,923200,0.0035889780431672
2022-11-11,ADBE,330.3399963378906,342.3099975585937,329.489990234375,341.1499938964844,4110100,0.0096435945565462
2022-11-11,ADI,152.46690757097767,157.718125840371,152.38082561453913,156.92422485351562,3211500,0.0064751116989531
2022-11-11,ADIL,6.75,7.0,6.0,7.0,15152,0.0023046304028083
2022-11-11,ADMA,3.130000114440918,3.3399999141693115,3.115000009536743,3.2699999809265137,7440800,0.0313145203353485
2022-11-11,ADP,240.76505380073587,242.42249777628135,234.3436289884275,236.0484313964844,2126800,0.0052272095041974
2022-11-11,ADPT,9.079999923706056,9.869999885559082,8.930000305175781,9.34000015258789,1769200,0.0119072296778883
2022-11-11,ADSK,222.5,232.44000244140625,221.3999938964844,228.8000030517578,1870100,0.0087798122065727
2022-11-11,ADTN,18.826046690029493,19.42708503716697,18.593387221496208,19.02962303161621,597100,0.0074672969660588
2022-11-11,ADUS,107.06999969482422,107.06999969482422,104.23999786376952,105.16000366210938,68600,0.0037748515646924
2022-11-11,ADVM,7.5,7.980000019073486,7.050000190734863,7.650000095367432,20370,0.0009792092296598
2022-11-11,AEHL,216.0,220.0,192.0,200.0,444,0.0005726497820964
2022-11-11,AEHR,23.450000762939453,25.06999969482422,23.350000381469727,24.59000015258789,2441900,0.082021671805827
2022-11-11,AEIS,87.2136727767892,92.42312221845168,85.6587619950469,91.50205993652344,394800,0.0104201308058973
2022-11-11,AEMD,5.099999904632568,5.099999904632568,4.800000190734863,5.0,11390,0.0005513842698152
2022-11-11,AEP,83.48476013117396,84.08846616210963,81.54559840938919,82.30480194091797,3966700,0.0074284440848858
2022-11-11,AEYE,4.78000020980835,4.96999979019165,4.699999809265137,4.929999828338623,23700,0.0019093655589123
2022-11-11,AFMD,22.600000381469727,23.200000762939453,21.5,21.700000762939453,184690,0.0112668753012084
2022-11-11,AFYA,16.159826621223665,16.801480903496913,15.92290632104073,16.070981979370117,845700,0.0182009921553013
2022-11-11,AGAE,1.2699999809265137,1.2999999523162842,1.2200000286102295,1.2599999904632568,69600,0.0015780165963814
2022-11-11,AGEN,47.1050033569336,50.63787841796875,46.90873336791992,49.26398468017578,262571,0.0103746918068023
2022-11-11,AGIO,28.57999992370605,29.63999938964844,28.57999992370605,29.270000457763672,505100,0.0088155933552312
2022-11-11,AGNC,6.60162715152592,6.783259384862733,6.496839683336015,6.727372646331787,14420800,0.0152262691508387
2022-11-11,AGNCM,16.143286080244646,16.365270571034703,16.143286080244646,16.28425407409668,44900,9.396608012858076e-05
2022-11-11,AGNCN,18.89360419267313,18.937734520243936,18.813087202841253,18.82082939147949,19200,4.018148638015035e-05
2022-11-11,AGNCO,17.545129776000977,17.55340206836755,17.354871784905097,17.545129776000977,27200,
2022-11-11,AGNCP,16.819563523105995,17.00495053094687,16.726871626438708,16.886978149414062,22400,
2022-11-11,AGYS,64.43000030517578,65.58000183105469,63.970001220703125,65.05000305175781,98200,0.0035116578458017
2022-11-11,AHCO,22.63999938964844,23.059999465942383,22.559999465942383,22.82999992370605,831900,0.0061682987732626
2022-11-11,AHG,0.4399999976158142,0.4600000083446502,0.4000000059604645,0.4569999873638153,152900,0.0003859542031841
2022-11-11,AIFU,5.050000190734863,5.059999942779541,4.849999904632568,4.920000076293945,14000,0.0002468900669072
2022-11-11,AIHS,0.9200000166893004,0.959999978542328,0.9200000166893004,0.9210000038146972,21200,0.0020155923179311
2022-11-11,AIOT,2.5199999809265137,2.7300000190734863,2.5199999809265137,2.690000057220459,22300,0.0001682904557426
2022-11-11,AIRG,7.630000114440918,8.079999923706055,7.610000133514404,7.650000095367432,41200,0.0035643530093694
2022-11-11,AKAM,92.91999816894533,93.72000122070312,92.31999969482422,93.3499984741211,1613900,0.01104540883302
2022-11-11,AKBA,0.2800000011920929,0.2879999876022339,0.2599999904632568,0.2800000011920929,1397900,0.0053512024116218
2022-11-11,AKRO,39.630001068115234,41.77000045776367,39.630001068115234,40.63999938964844,669900,0.0084137050023149
2022-11-11,ALAR,3.940000057220459,4.289999961853027,3.660000085830689,3.849999904632568,474900,0.0683054804037056
2022-11-11,ALBT,72.0,79.80000305175781,67.5,70.5,1649,0.0009983834543219
2022-11-11,ALCO,31.970465264269183,32.039155340577096,31.46019345217581,31.78401756286621,25500,0.0033387189270012
2022-11-11,ALDX,5.570000171661377,5.900000095367432,5.53000020980835,5.809999942779541,431800,0.0072317769437284
2022-11-11,ALEC,8.130000114440918,8.850000381469727,8.010000228881836,8.6899995803833,600900,0.0060644347555228
2022-11-11,ALGN,197.8000030517578,221.6199951171875,195.9499969482422,218.97999572753903,1909800,0.0260864918686855
2022-11-11,ALGT,75.90229102377678,78.39596290543504,75.22571681128308,77.87403106689453,345400,0.018834897455053
2022-11-11,ALLK,7.130000114440918,7.659999847412109,7.099999904632568,7.349999904632568,1370000,0.0151587240116401
2022-11-11,ALLO,9.449999809265137,10.359999656677246,9.390000343322754,10.020000457763672,2143800,0.0098672132139907
2022-11-11,ALLT,4.679999828338623,4.679999828338623,4.360000133514404,4.449999809265137,54900,0.0013831223798774
2022-11-11,ALNT,35.03526585319256,36.79742272028947,34.30268539727022,36.35193634033203,198700,0.0117237513644275
2022-11-11,ALNY,212.4499969482422,216.5200042724609,209.57000732421875,216.3699951171875,819400,0.0063309819434893
2022-11-11,ALRM,55.65999984741211,57.369998931884766,54.76599884033203,56.83000183105469,259500,0.0052269124557625
2022-11-11,ALRS,21.74485046879804,21.762986706149192,20.584158951392823,21.08289337158203,44300,0.0017365262419298
2022-11-11,ALT,10.350000381469728,11.381999969482422,10.050000190734863,10.6899995803833,1274100,0.0165438105970138
2022-11-11,ALTO,3.7200000286102295,3.880000114440918,3.660000085830689,3.740000009536743,1209100,0.0157823074837819
2022-11-11,ALTR,48.04999923706055,49.470001220703125,47.38079833984375,48.77999877929688,413062,0.0068015465020928
2022-11-11,AMAL,23.831925605059624,23.85110666800425,22.88248493978271,23.10306167602539,118300,0.0038550023788264
2022-11-11,AMAT,103.04558431381352,108.5056029491122,102.53676882460807,108.1533432006836,11160000,0.0137363816822721
2022-11-11,AMBA,61.119998931884766,64.7699966430664,60.68999862670898,63.93999862670898,474400,0.0111788186835197
2022-11-11,AMCX,19.350000381469727,22.36000061035156,19.350000381469727,21.700000762939453,494500,0.0151449257607683
2022-11-11,AMD,69.58000183105469,73.31999969482422,68.29000091552734,72.37000274658203,111709500,0.0687599631299684
2022-11-11,AMED,89.25,93.43000030517578,87.97000122070312,91.77999877929688,468300,0.0142729569677814
2022-11-11,AMGN,266.69791139771985,267.4465673195811,258.44419281798946,263.43524169921875,3255100,0.0060593256735782
2022-11-11,AMKR,23.136980957001605,24.23782990985663,22.99339228068644,24.1612491607666,1018500,0.0041225471148241
2022-11-11,AMPH,28.309999465942383,28.489999771118164,27.739999771118164,28.309999465942383,205700,0.004316884959318
2022-11-11,AMRK,30.207193681972385,30.710030102304,28.800168205616792,30.6131534576416,420000,0.0182456384235768
2022-11-11,AMRN,25.399999618530277,27.399999618530277,25.200000762939453,26.799999237060547,207255,0.0100077259228856
2022-11-11,AMRX,2.380000114440918,2.490000009536743,2.365000009536743,2.4600000381469727,1121100,0.0035774228984473
2022-11-11,AMSC,3.990000009536743,4.199999809265137,3.940000057220459,4.119999885559082,124500,0.0031551177530493
2022-11-11,AMSF,43.69787440338877,43.69787440338877,42.70509292215066,42.71278762817383,74900,0.0039316966137016
2022-11-11,AMTX,6.699999809265137,6.949999809265137,6.409999847412109,6.639999866485596,1015000,0.0190362589156271
2022-11-11,AMWD,51.119998931884766,53.58000183105469,50.95000076293945,52.88999938964844,115700,0.0077992814145213
2022-11-11,AMZN,97.87999725341795,101.19000244140624,96.66000366210938,100.79000091552734,111590500,0.0105151048447162
2022-11-11,ANAB,30.5,31.51499938964844,30.084999084472656,30.96999931335449,320800,0.0104608240833735
2022-11-11,ANDE,35.85121252748998,35.98559766373048,35.102513647967115,35.76482391357422,171300,0.0050105593223313
2022-11-11,ANGI,23.200000762939453,24.5,22.700000762939453,24.200000762939453,134450,0.0027140726027037
2022-11-11,ANGO,14.359999656677246,14.59000015258789,13.670000076293944,13.729999542236328,2128500,0.0524170709483586
2022-11-11,ANIK,31.739999771118164,31.950000762939453,30.8799991607666,31.06999969482422,73000,0.0051495485327313
2022-11-11,ANIP,36.119998931884766,38.220001220703125,35.349998474121094,37.59999847412109,82500,0.0038240120143504
2022-11-11,ANIX,5.059999942779541,5.159999847412109,4.849999904632568,5.019999980926514,41800,0.001298261633884
2022-11-11,ANSS,249.0800018310547,256.9100036621094,248.0,255.7100067138672,827100,0.0094362009679207
2022-11-11,ANY,2.799999952316284,3.0799999237060547,2.6670000553131104,2.9049999713897705,61843,0.002429665308624
2022-11-11,AOSL,36.650001525878906,37.58000183105469,36.40999984741211,36.86000061035156,266000,0.0090430052694203
2022-11-11,APA,45.08981914658514,46.02335578962484,44.90311110574527,45.51924514770508,5962700,0.0164868496726243
2022-11-11,APDN,1750.0,1750.0,1630.0,1690.0,240,0.0002174366036402
2022-11-11,APEI,13.3100004196167,13.3100004196167,11.84000015258789,12.970000267028809,101800,0.0056568754931706
2022-11-11,APLS,45.5,46.47999954223633,44.15999984741211,45.150001525878906,1137800,0.0090649797635361
2022-11-11,APLT,0.75,0.8899999856948853,0.7480000257492065,0.8569999933242798,980200,0.0084241465846196
2022-11-11,APOG,45.97770761093735,46.91661427557312,45.53699333591143,45.70944595336914,65800,0.0029972578279446
2022-11-11,APPF,121.70999908447266,122.26000213623048,119.79499816894533,119.91999816894533,109600,0.0047156416456556
2022-11-11,APPN,39.54999923706055,42.119998931884766,38.96099853515625,40.0,1257900,0.0292827711432362
2022-11-11,APPS,16.440000534057617,19.6299991607666,16.440000534057617,19.190000534057617,11730300,0.1117096955441065
2022-11-11,APTO,294.5249938964844,328.5,294.3900146484375,319.5,683,0.0002675881414965
2022-11-11,APVO,4646.31201171875,5177.0400390625,4646.31201171875,5128.2001953125,18,5.584494959993298e-06
2022-11-11,APYX,1.7799999713897705,1.919999957084656,1.7000000476837158,1.919999957084656,1250800,0.0330952878639145
2022-11-11,AQB,12.600000381469728,14.5,12.399999618530272,14.31999969482422,23450,0.0060604337668244
2022-11-11,AQMS,15.800000190734863,16.399999618530273,15.199999809265137,16.200000762939453,7355,0.0008871493016187
2022-11-11,AQST,1.0099999904632568,1.0800000429153442,0.9800000190734864,1.0499999523162842,401100,0.0040567848740889
2022-11-11,ARAY,2.1700000762939453,2.3499999046325684,2.1700000762939453,2.289999961853028,354100,0.0034435141153932
2022-11-11,ARCB,81.18203990552713,84.36992121766087,80.69692983076907,84.01351165771484,257900,0.0111402444028803
2022-11-11,ARCC,15.298848287966427,15.424377179846203,15.141936424905492,15.30669403076172,2213600,0.0032339972186922
2022-11-11,ARCT,19.170000076293945,19.51000022888184,17.709999084472656,18.549999237060547,930600,0.0343144123481736
2022-11-11,ARDX,1.2799999713897705,1.3700000047683716,1.2300000190734863,1.25,6557900,0.0275130477101478
2022-11-11,AREC,1.7200000286102295,1.809999942779541,1.6649999618530271,1.7300000190734863,479500,0.0061933863778255
2022-11-11,ARGX,364.1499938964844,364.1499938964844,351.510009765625,363.0700073242188,417500,0.0068452834767153
2022-11-11,ARLP,16.94960264341225,17.268261298504537,15.970864828797971,16.06949806213379,792800,0.0061731086678917
2022-11-11,AROW,31.887262992345587,31.949980010290904,31.080896450446986,31.349687576293945,13700,0.000819495621381
2022-11-11,ARQ,2.799999952316284,2.930000066757202,2.759999990463257,2.880000114440918,79300,0.0018874526054224
2022-11-11,ARQT,19.93000030517578,19.94499969482422,18.809999465942383,19.09000015258789,639900,0.0053937187073281
2022-11-11,ARTL,2.7100000381469727,2.818000078201294,2.609999895095825,2.7699999809265137,31600,0.0096311219342706
2022-11-11,ARTNA,50.49644173675373,50.49644173675373,47.90928567214968,48.349853515625,35900,0.0038104174052225
2022-11-11,ARVN,45.060001373291016,51.310001373291016,45.060001373291016,50.060001373291016,558700,0.0081239571322614
2022-11-11,ARWR,34.75,35.494998931884766,33.63999938964844,34.4900016784668,1138200,0.0082888503703897
2022-11-11,ASMB,15.960000038146973,16.559999465942383,15.600000381469728,16.079999923706055,9508,0.0012671622655389
2022-11-11,ASML,552.1284394118786,569.6931741972464,549.8737305639982,567.5468139648438,1982800,0.0050427263479145
2022-11-11,ASND,129.75999450683594,134.52499389648438,128.48500061035156,131.97000122070312,609600,0.0101389279281227
2022-11-11,ASPS,15.789999961853027,17.399999618530273,15.770000457763672,15.800000190734863,138400,0.0015802316491717
2022-11-11,ASRT,2.819999933242798,2.970000028610229,2.809999942779541,2.9600000381469727,1159000,0.0121015186058916
2022-11-11,ASRV,3.599535580621947,3.6177150357389305,3.5177278158793213,3.544997215270996,20900,0.0012651867815222
2022-11-11,ASTE,43.365183973299786,44.55791999700677,41.61001759579189,43.03548431396485,110600,0.0048500263111734
2022-11-11,ASTH,36.5099983215332,37.9900016784668,36.060001373291016,36.59000015258789,284900,0.0062824292647859
2022-11-11,ASUR,6.639999866485596,6.840000152587891,6.599999904632568,6.739999771118164,96700,0.0035842028206601
2022-11-11,ASYS,9.600000381469728,10.640000343322754,9.510000228881836,10.390000343322754,33600,0.0023514427080781
2022-11-11,ATEC,9.779999732971191,10.460000038146973,9.760000228881836,10.390000343322754,799300,0.0055449572619973
2022-11-11,ATER,1.1200000047683716,1.1799999475479126,1.090000033378601,1.1399999856948853,1978500,0.2260951645232289
2022-11-11,ATEX,38.209999084472656,38.93000030517578,35.790000915527344,37.970001220703125,96900,0.0052133772354574
2022-11-11,ATLC,27.09000015258789,30.780000686645508,26.32999992370605,29.63999938964844,45300,0.0029969633417795
2022-11-11,ATLO,20.299172471686628,20.477158007698527,20.04109531160483,20.103389739990234,19400,0.0021759709990174
2022-11-11,ATNI,44.15579845970617,45.00494673733322,43.78660141321894,43.878902435302734,45400,0.0029325892049711
2022-11-11,ATOM,8.920000076293945,9.760000228881836,8.744999885559082,9.739999771118164,235300,0.0076635215721781
2022-11-11,ATOS,0.800000011920929,0.8500000238418579,0.7900000214576721,0.8399999737739563,621900,0.0048145854300534
2022-11-11,ATRA,119.25,133.75,118.75,128.25,67424,0.0115079426036583
2022-11-11,ATRC,43.43999862670898,45.470001220703125,43.400001525878906,45.20000076293945,257100,0.0051945795340435
2022-11-11,ATRO,8.649999618530273,8.960000038146973,8.539999961853027,8.779999732971191,122600,0.0040007570763798
2022-11-11,ATSG,29.01000022888184,29.3799991607666,28.68000030517578,29.049999237060547,214400,0.003253883336748
2022-11-11,ATXS,7.360000133514404,8.289999961853027,7.360000133514404,8.170000076293945,221100,0.0039178370562531
2022-11-11,ATYR,2.319999933242798,2.509999990463257,2.319999933242798,2.490000009536743,58900,0.0006628508664327
2022-11-11,AUDC,18.916209186303035,19.236982964580264,18.161448413586974,18.92564392089844,57800,0.0019611103005791
2022-11-11,AUPH,5.320000171661377,5.460000038146973,5.199999809265137,5.289999961853027,3520200,0.0256314651697498
2022-11-11,AUTL,2.2300000190734863,2.3299999237060547,2.190000057220459,2.220000028610229,175800,0.0006605819181098
2022-11-11,AVAV,91.58000183105467,93.29000091552734,90.62000274658205,92.93000030517578,199400,0.0070662111783633
2022-11-11,AVDL,6.5,8.109999656677246,6.429999828338623,7.96999979019165,2395600,0.0247916265649998
2022-11-11,AVGO,48.15201434707578,49.506530125785794,47.884928266249126,49.41972351074219,26728000,0.0056844501266184
2022-11-11,AVNW,29.790000915527344,30.649999618530277,29.309999465942383,29.75,69200,0.005455692210659
2022-11-11,AVT,41.03109679943002,41.83746722091927,40.92795947440188,41.48116683959961,581800,0.0067256538958621
2022-11-11,AVTX,1444.800048828125,1450.3199462890625,1312.800048828125,1392.0,134,1.2556339545910289e-05
2022-11-11,AVXL,13.5,14.727999687194824,13.5,14.43000030517578,1356100,0.0159420766903115
2022-11-11,AWH,6.0,6.0,5.550000190734863,5.849999904632568,18360,0.0010387553041018
2022-11-11,AWRE,1.7699999809265137,1.809999942779541,1.7000000476837158,1.7899999618530271,78200,0.0037067584350084
2022-11-11,AXDX,14.300000190734863,15.199999809265137,14.0,14.199999809265137,24150,0.000964310527955
2022-11-11,AXGN,13.050000190734863,13.489999771118164,12.649999618530272,12.970000267028809,457400,0.0103148579959317
2022-11-11,AXON,178.1699981689453,188.7400054931641,178.0,182.94000244140625,842500,0.0108483605983216
2022-11-11,AXSM,59.72999954223633,60.0,54.400001525878906,59.0099983215332,1688600,0.0346270101342345
2022-11-11,AXTI,5.289999961853027,5.440000057220459,5.190000057220459,5.289999961853027,301200,0.0066055528751261
2022-11-11,AYRO,4.400000095367432,4.800000190734863,4.400000095367432,4.71999979019165,13350,0.001562962815534
2022-11-11,AYTU,3.400000095367432,4.0,3.200000047683716,3.799999952316284,151480,0.0245516503642714
2022-11-11,AZN,60.26607574726605,60.426733148128704,58.53662572097942,59.321022033691406,8524100,0.0027493904501286
2022-11-11,AZTA,47.15999984741211,50.31999969482422,46.58000183105469,49.0,1059000,0.0231750978212344
2022-11-11,BACK,11.699999809265137,12.300000190734863,11.699999809265137,12.0,2677,0.0007953367182927
2022-11-11,BAND,19.420000076293945,24.3799991607666,19.38999938964844,21.790000915527344,2503900,0.0938996538624525
2022-11-11,BANF,97.19219599773308,97.58390359092073,90.7719497164469,92.75916290283205,100800,0.003032345013477
2022-11-11,BANR,66.35071003414312,66.98542726214671,64.88810931339054,65.03528594970703,143000,0.0041467304625199
2022-11-11,BANX,13.063662654590583,13.162343083930416,12.980165500324652,13.056073188781738,38200,0.0053645808464803
2022-11-11,BATRA,32.099998474121094,32.15999984741211,30.420000076293945,30.56999969482422,55400,0.0053691535345312
2022-11-11,BATRK,31.709999084472656,31.88500022888184,29.850000381469727,30.059999465942383,136000,0.0026526285403326
2022-11-11,BBCP,6.68911076319724,6.83086661411068,6.41445816835381,6.467617034912109,146100,0.0027539589337786
2022-11-11,BBIO,10.06999969482422,11.579999923706056,10.0,11.359999656677246,2396500,0.0126006241202435
2022-11-11,BBSI,23.897771469254963,23.897771469254963,23.28475940503646,23.462337493896484,172800,0.0066890926756757
2022-11-11,BCBP,17.769831941842714,17.769831941842714,17.460252653089114,17.53101348876953,36800,0.0021441972661484
2022-11-11,BCLI,23.850000381469727,25.049999237060547,22.649999618530277,22.799999237060547,31400,0.005112541030584
2022-11-11,BCML,18.433889009444503,18.46245275688993,18.08158765671713,18.20536994934082,15500,0.0013926200123988
2022-11-11,BCPC,140.2136370426614,141.53177867658613,137.1642403006149,138.72828674316406,95100,0.0029232126445084
2022-11-11,BCRX,12.850000381469728,13.279999732971191,12.710000038146973,13.170000076293944,2441700,0.0116850114854517
2022-11-11,BCYC,28.899999618530277,29.450000762939453,27.600000381469727,29.01000022888184,331100,0.0069398012588476
2022-11-11,BDTX,2.359999895095825,2.7300000190734863,2.359999895095825,2.509999990463257,371700,0.0065599288414498
2022-11-11,BEAM,43.52000045776367,51.18000030517578,43.38999938964844,50.93000030517578,1880300,0.0188331330128205
2022-11-11,BECN,59.02000045776367,59.72999954223633,58.11000061035156,59.040000915527344,551700,0.0089290049427553
2022-11-11,BEEM,14.5600004196167,16.299999237060547,13.64900016784668,15.640000343322754,442100,0.0299243936942851
2022-11-11,BELFB,35.08458745320638,37.37743906403659,34.63985249204134,37.06118392944336,157700,0.0149448924858558
2022-11-11,BFC,89.33933195724352,89.61830780836844,87.34802815173028,87.53079986572266,14900,0.0014907990683006
2022-11-11,BFIN,9.284575957971407,9.321129372313733,9.17491571494444,9.238883972167969,21800,0.0017495004293498
2022-11-11,BFST,22.645178199259185,22.72038004719509,22.30676898707089,22.438373565673828,89900,0.0030400070336091
2022-11-11,BGC,3.900321367008622,4.037518469525028,3.870921987897964,3.978719711303711,1710000,0.0045791591040024
2022-11-11,BGFV,10.590038687867638,10.93137805828666,10.487637120886523,10.828975677490234,318000,0.0140164671450483
2022-11-11,BHAT,62.0,67.4000015258789,61.0,64.0,4338,0.000878455958738
2022-11-11,BHF,54.56999969482422,55.45000076293945,53.93999862670898,54.52000045776367,666200,0.0114742380792449
2022-11-11,BHFAL,19.08644078549433,19.13700044435338,18.960040834715407,18.968467712402344,5700,4.758605144302614e-05
2022-11-11,BHFAP,19.93361608022046,20.10112610341316,19.648849999289254,19.975494384765625,22700,0.0001913980489203
2022-11-11,BIDU,88.76000213623047,89.91999816894531,86.5,89.45999908447266,3587400,0.0128937418232528
2022-11-11,BILI,12.329999923706056,12.80500030517578,11.90999984741211,12.670000076293944,10533700,0.0313857934568857
2022-11-11,BJRI,32.36000061035156,32.650001525878906,31.71999931335449,31.75,205300,0.0090368074935514
2022-11-11,BKNG,1915.3691148617377,2011.3892621920604,1915.3691148617377,1993.9697265625,442800,0.0134937468002632
2022-11-11,BKR,29.66652966007509,30.187326618868862,29.20254648807681,29.372989654541016,7138900,0.0072084615385112
2022-11-11,BKYI,25.559999465942383,26.81999969482422,24.1200008392334,25.920000076293945,1217,0.0003269703523595
2022-11-11,BL,61.97999954223633,66.51000213623047,61.5099983215332,65.68000030517578,422500,0.0066982050395867
2022-11-11,BLBD,10.619999885559082,11.449999809265137,10.579999923706056,11.34000015258789,103900,0.0032356412580073
2022-11-11,BLDP,6.019999980926514,6.360000133514404,5.849999904632568,6.309999942779541,4667300,0.0155753186945204
2022-11-11,BLFS,24.61000061035156,25.76000022888184,24.57999992370605,25.06999969482422,665200,0.0139899554979767
2022-11-11,BLIN,1.340000033378601,1.350000023841858,1.2999999523162842,1.3200000524520874,30800,0.0029494570317736
2022-11-11,BLKB,59.5,60.40999984741211,58.22999954223633,59.43000030517578,255400,0.00518720867649
2022-11-11,BLMN,21.88636156856545,22.507060344489982,21.83238828415716,22.084264755249023,1321800,0.0155632585587325
2022-11-11,BLNE,55.400001525878906,56.0,50.0,54.59999847412109,379,5.417458797295559e-05
2022-11-11,BLNK,13.845000267028809,15.149999618530272,13.31999969482422,14.829999923706056,1654200,0.016104128739571
2022-11-11,BLRX,24.799999237060547,26.0,22.799999237060547,25.600000381469727,24963,0.0067086804622413
2022-11-11,BLUE,139.0,153.60000610351562,139.0,150.39999389648438,283665,0.0289747672897129
2022-11-11,BMRA,3.150000095367432,3.259999990463257,3.150000095367432,3.2100000381469727,18800,0.0010252494955554
2022-11-11,BMRC,31.371168263165256,31.54050004609332,30.43538127373137,30.569063186645508,29000,0.0017993869674745
2022-11-11,BMRN,82.69000244140625,83.4800033569336,80.56999969482422,82.16000366210938,1214400,0.0063331143027003
2022-11-11,BNGO,1392.0,1680.0,1392.0,1596.0,35048,0.011655470568673
2022-11-11,BNTX,152.38999938964844,155.01499938964844,146.7899932861328,154.50999450683594,1481000,0.0061607453182329
2022-11-11,BOKF,100.43415992588476,100.43415992588476,97.9195404150401,98.36219024658205,183000,0.0028472873753144
2022-11-11,BOOM,22.09000015258789,22.479999542236328,21.350000381469727,21.649999618530277,117500,0.0057176224422763
2022-11-11,BOXL,17.200000762939453,19.600000381469727,17.1200008392334,19.31999969482422,12208,0.0037065712090988
2022-11-11,BPMC,43.09999847412109,44.2599983215332,42.52000045776367,43.63999938964844,483300,0.0075626701718148
2022-11-11,BPOP,67.58298909197707,68.4379976889622,67.2205396412889,68.0011978149414,566400,0.0081685631462813
2022-11-11,BPRN,29.175156191122483,29.22108615145516,28.945502885227736,29.16596984863281,1700,0.0002458391720136
2022-11-11,BPYPO,13.373032322710085,13.373032322710085,13.109090945470426,13.181075096130373,51300,
2022-11-11,BPYPP,13.881822825499794,13.881822825499794,13.39036060008802,13.599835395812988,43300,
2022-11-11,BRKL,12.27369886152642,12.406626666326169,12.17621768254786,12.211665153503418,343000,0.0038127846693953
2022-11-11,BRKR,69.16156492744493,70.74921099427011,69.00280486303691,69.36994934082031,643700,0.004243103615206
2022-11-11,BRY,6.984892226868971,7.081082568946674,6.740717014536156,6.822109222412109,586900,0.0075635147081944
2022-11-11,BSET,16.75869526143178,17.296695435988806,16.75869526143178,17.072528839111328,21000,0.0024126505608838
2022-11-11,BSGM,3.5,4.599999904632568,3.470000028610229,4.099999904632568,80030,0.0033627604637189
2022-11-11,BSRR,20.14716853552045,20.41082816371611,19.66530873266329,19.719860076904297,12400,0.0008966275235726
2022-11-11,BTAI,236.0,255.5200042724609,224.63999938964844,253.27999877929688,28463,0.0052053386588247
2022-11-11,BTCS,1.1200000047683716,1.1799999475479126,1.100000023841858,1.159999966621399,48900,0.0024229631501493
2022-11-11,BTOG,6.329999923706055,6.510000228881836,6.0,6.300000190734863,633,7.40817028726848e-05
2022-11-11,BUSE,25.07181901543245,25.24447791272793,24.044954857754178,24.11765480041504,229300,0.0025511623197886
2022-11-11,BWB,20.0,20.20499992370605,19.420000076293945,19.51000022888184,145900,0.0052869406405931
2022-11-11,BWEN,1.690000057220459,1.75,1.6299999952316284,1.7400000095367432,221100,0.0099060471242893
2022-11-11,BWFG,29.09489732080711,29.281823174282245,28.83320326513039,28.96405029296875,17000,0.0021549156160396
2022-11-11,BWIN,30.459999084472656,30.75,28.82999992370605,28.8799991607666,585500,0.0085910905035802
2022-11-11,BYND,14.039999961853027,15.479999542236328,13.630000114440918,15.220000267028809,3656600,0.0478727861160279
2022-11-11,BYRN,6.920000076293945,7.300000190734863,6.900000095367432,7.28000020980835,138600,0.0061145620103056
2022-11-11,BYSI,0.6899999976158142,0.7419999837875366,0.6499999761581421,0.699999988079071,123500,0.0030632771360467
2022-11-11,BZUN,3.940000057220459,4.03000020980835,3.875,3.950000047683716,1650800,0.030495092669392
2022-11-11,CAAS,3.3736081758479486,3.4821649711648206,3.3235051314363773,3.3402061462402344,29800,0.0009877132449694
2022-11-11,CABA,2.009999990463257,2.440000057220459,2.0,2.380000114440918,831700,0.0163904057891614
2022-11-11,CAC,39.83168460441914,39.83168460441914,38.53955637917648,38.6113395690918,38600,0.0022859714786563
2022-11-11,CACC,495.1799926757813,532.25,491.9400024414063,521.7000122070312,191500,0.0159164200937531
2022-11-11,CAKE,33.8962510298373,34.49141096169999,33.301091097974606,34.25892639160156,1174700,0.0237558368335797
2022-11-11,CALM,49.82792389342181,49.83663360666959,45.90789496807821,46.87483596801758,1138400,0.0257288794467296
2022-11-11,CAMT,24.46775044275854,25.166265916310877,24.310336575698532,24.91047096252441,302800,0.0066411518933204
2022-11-11,CAN,2.75,2.819999933242798,2.630000114440918,2.690000057220459,4436800,0.0125635357894494
2022-11-11,CAPR,4.679999828338623,4.820000171661377,4.46999979019165,4.550000190734863,208100,0.0045559133829134
2022-11-11,CAR,220.19686152630507,222.9331751757992,212.8525361933769,217.2895355224609,598500,0.0170066094191326
2022-11-11,CARA,126.36000061035156,137.0399932861328,126.23999786376952,133.0800018310547,41475,0.0090683289567759
2022-11-11,CARE,18.709999084472656,18.780000686645508,18.020000457763672,18.09000015258789,38000,0.0016428241010942
2022-11-11,CARG,13.93000030517578,14.93000030517578,13.720000267028809,14.68000030517578,2562100,0.0286495098955704
2022-11-11,CARM,10.58720894617382,10.878600213546202,10.431800517257166,10.56778335571289,30315,0.0007254457608745
2022-11-11,CASH,43.62713825339437,44.17210895164725,43.399243134031344,43.94421005249024,154100,0.0064624352603216
2022-11-11,CASI,1.909999966621399,2.039999961853028,1.909999966621399,1.9800000190734863,22900,0.001478105958897
2022-11-11,CASS,40.764686637579935,40.92333869888033,39.299472692216895,39.55145263671875,29200,0.0021686174321193
2022-11-11,CASY,235.40499105372916,236.29311954855183,229.0202894817624,229.8788146972656,263000,0.0072245403626554
2022-11-11,CATY,42.89824435749331,43.44009773391711,42.65946311689643,42.74211883544922,266400,0.0038054803030396
2022-11-11,CBAT,1.1799999475479126,1.2799999713897705,1.1799999475479126,1.2799999713897705,449700,0.0050000169002127
2022-11-11,CBNK,23.544283250593864,23.669980869299344,23.37990830660277,23.44759178161621,7900,0.0004742864690272
2022-11-11,CBRL,104.59421674799808,105.42249205005108,102.42110589210024,104.64765167236328,381000,0.017113212208323
2022-11-11,CBSH,64.54298287809054,65.13723800997076,63.48752237984033,63.81569290161133,370550,0.002763772245178
2022-11-11,CBUS,6.650000095367432,6.900000095367432,6.650000095367432,6.900000095367432,2118,6.48928869062209e-05
2022-11-11,CCAP,10.70114571831308,10.836508301376393,10.468022066565773,10.505622863769531,110300,0.002976134263319
2022-11-11,CCB,49.58000183105469,49.58000183105469,48.0,48.27000045776367,48300,0.0032187339646405
2022-11-11,CCBG,33.63704665359561,33.63704665359561,32.42768713054547,32.53081130981445,27600,0.0016183601789577
2022-11-11,CCD,17.615283050078588,17.68484621375621,17.507070572021984,17.607553482055664,55000,0.0020463288859785
2022-11-11,CCEC,13.913080402181471,14.144194691647506,13.76516739798418,14.005525588989258,153400,0.0026272836729905
2022-11-11,CCEP,47.01929010738613,47.77528625520785,46.83490003102634,47.61855697631836,1087500,0.0023652153899326
2022-11-11,CCLD,3.1600000858306885,3.299999952316284,3.1600000858306885,3.220000028610229,36400,0.0008600910656859
2022-11-11,CCNE,23.79714029063676,23.82479058333067,22.976867611149064,23.01373291015625,45500,0.0021687011148553
2022-11-11,CCOI,49.8940108892663,50.05839417661683,48.7260407018741,49.15862274169922,214300,0.0043397785356133
2022-11-11,CCRN,32.9900016784668,33.470001220703125,29.96999931335449,30.559999465942383,1353700,0.0412554933165918
2022-11-11,CDLX,4.889999866485596,6.03000020980835,4.789999961853027,6.019999980926514,1703100,0.0326423827731938
2022-11-11,CDNA,13.100000381469728,15.81999969482422,13.020000457763672,15.34000015258789,2399400,0.0432902307405021
2022-11-11,CDNS,162.47000122070312,167.99000549316406,161.49000549316406,166.89999389648438,2273800,0.008289041509455
2022-11-11,CDTX,10.800000190734863,11.15999984741211,10.399999618530272,11.0,21145,0.0019304331948692
2022-11-11,CDW,181.2025109063989,183.29878485067744,178.66949903206637,178.91212463378906,531800,0.0040359118747486
2022-11-11,CDXS,6.659999847412109,6.96999979019165,6.570000171661377,6.840000152587891,867100,0.0104675072928503
2022-11-11,CDZI,2.0,2.2300000190734863,2.0,2.109999895095825,243700,0.0029797640154062
2022-11-11,CECO,11.75,12.170000076293944,11.600000381469728,11.989999771118164,377900,0.0107306130561944
2022-11-11,CELH,29.733333587646484,31.833332061767575,29.11666679382324,31.11666679382324,4584000,0.0177963442271392
2022-11-11,CELZ,4.050000190734863,4.287000179290772,3.900000095367432,4.0,10880,0.0042903899996056
2022-11-11,CENN,91.0,95.5,90.0,92.63999938964844,24032,0.0007785761956289
2022-11-11,CENT,33.87627410888672,33.87627410888672,33.343772888183594,33.774471282958984,39842,0.0037172286391371
2022-11-11,CENTA,32.71200180053711,32.816001892089844,32.119998931884766,32.5359992980957,143625,0.0027004083750733
2022-11-11,CENX,8.350000381469727,10.229999542236328,8.329999923706055,9.479999542236328,7369100,0.0798443691944862
2022-11-11,CERS,4.039999961853027,4.159999847412109,3.950000047683716,4.099999904632568,1837300,0.0098891221271327
2022-11-11,CEVA,28.0,29.1299991607666,28.0,28.309999465942383,109800,0.0045921440042826
2022-11-11,CFFN,7.11307346279039,7.181141089310481,7.0024633668377145,7.010972023010254,427400,0.0032836004363792
2022-11-11,CG,26.84974753812001,27.978729601879003,26.64033995280776,27.47797203063965,3677100,0.0101801477799431
2022-11-11,CGBD,10.433186839796344,10.50073996449628,10.3453682071769,10.440692901611328,356900,0.0048959560637533
2022-11-11,CGC,37.5,42.70000076293945,37.29999923706055,42.20000076293945,2468710,0.0158045991728659
2022-11-11,CGEN,0.8299999833106995,0.9300000071525574,0.800000011920929,0.9200000166893004,367900,0.0039342123555013
2022-11-11,CGNX,49.39678826667115,50.57594448443501,49.092171754648255,50.27132797241211,731000,0.0043159945681053
2022-11-11,CGO,7.589753964903485,7.613570971417097,7.454789666111373,7.494484424591064,34500,0.0035106321274735
2022-11-11,CHCO,92.96001245518738,92.96001245518738,89.79561349259868,90.76277923583984,114600,0.0077878126847566
2022-11-11,CHDN,109.88742640438508,111.31884529181428,108.82748308522667,109.94190979003906,405600,0.0055192834729029
2022-11-11,CHEF,37.77000045776367,37.77999877929688,36.43999862670898,36.720001220703125,223200,0.00544542981568
2022-11-11,CHEK,4.760000228881836,5.159999847412109,4.760000228881836,5.0,11710,0.0020013536055128
2022-11-11,CHI,8.930360127256083,8.930360127256083,8.63423989522643,8.868019104003906,205500,0.002692867494251
2022-11-11,CHKP,130.22000122070312,131.60000610351562,129.0399932861328,131.58999633789062,1526000,0.0140815177772241
2022-11-11,CHR,15.100000381469728,15.100000381469728,15.0,15.0,8250,0.0007090309051531
2022-11-11,CHRD,134.31858803328768,135.67846352612457,133.0921999067532,133.50933837890625,604600,0.010163138032762
2022-11-11,CHRS,7.75,8.050000190734863,7.690000057220459,7.789999961853027,1511200,0.0130391640853516
2022-11-11,CHRW,88.38168984086704,92.31267391809342,87.99794721266561,91.96637725830078,1943300,0.0164370236917117
2022-11-11,CHSCL,22.33118354340175,22.662331482491183,22.259011292016083,22.30571174621582,25000,
2022-11-11,CHSCM,21.29103654489774,21.468531506672644,21.06282735508001,21.3924617767334,9500,
2022-11-11,CHSCN,21.53120061857286,21.73282076906327,21.151485606072534,21.25397491455078,15000,
2022-11-11,CHSCO,21.87431502919158,22.22166072749578,21.857370942475026,22.13694190979004,25200,
2022-11-11,CHSCP,23.430853095357836,23.91300395261318,23.26167662003933,23.69307518005371,33100,
2022-11-11,CHTR,377.55999755859375,398.0700073242188,371.9500122070313,394.3999938964844,1589400,0.0111918543242215
2022-11-11,CHW,4.728680872601581,4.73661470413208,4.649340665676846,4.73661470413208,201100,0.0031488591453141
2022-11-11,CHX,31.481434968355945,31.86997622363168,30.966619102007005,31.782554626464844,2306400,0.0120880503144654
2022-11-11,CHY,9.064416666564306,9.064416666564306,8.955861247711457,8.963615417480469,128700,0.0016507407169883
2022-11-11,CIGI,96.81002836552298,101.27910009964768,96.81002836552298,100.3554916381836,164600,0.0033397585472253
2022-11-11,CINF,101.0174043619431,103.35577020365474,100.07270256377625,102.97227478027344,1042300,0.0066572992256148
2022-11-11,CIVB,22.258477600425294,22.295267559083005,21.43068160155893,21.55025291442871,20000,0.0012920313963629
2022-11-11,CKPT,7.0,7.800000190734863,6.800000190734863,7.800000190734863,50850,0.0006121808015862
2022-11-11,CLAR,8.662405974303143,9.191775411868647,8.556532453950668,9.047401428222656,691100,0.0180151294764116
2022-11-11,CLBK,21.690000534057617,21.790000915527344,21.5,21.6299991607666,109500,0.0010455456889143
2022-11-11,CLDX,37.540000915527344,41.09999847412109,37.470001220703125,37.70000076293945,793100,0.0119471919353818
2022-11-11,CLFD,88.01000213623047,92.16999816894533,88.01000213623047,89.7300033569336,259800,0.0183844602483812
2022-11-11,CLIR,0.6600000262260437,0.7200000286102295,0.6000000238418579,0.6499999761581421,45500,0.0008680091875434
2022-11-11,CLLS,2.319999933242798,2.509999990463257,2.319999933242798,2.3499999046325684,318600,0.0031767873167813
2022-11-11,CLMB,31.56916040710996,32.64095135284088,31.56916040710996,32.53377151489258,8000,0.001740151828247
2022-11-11,CLMT,18.020000457763672,18.489999771118164,17.940000534057617,18.100000381469727,165700,0.0019221153746215
2022-11-11,CLNE,7.389999866485596,7.730000019073486,7.329999923706055,7.730000019073486,2847200,0.0127127574074404
2022-11-11,CLPT,9.670000076293944,10.25,9.520000457763672,10.119999885559082,83900,0.0030363017193646
2022-11-11,CLRB,1.8899999856948853,1.9900000095367432,1.870000004768372,1.899999976158142,28900,0.0006271714999381
2022-11-11,CLRO,0.2001279833358823,0.2155224524153864,0.2001279833358823,0.2116738408803939,10600,0.0004081774108459
2022-11-11,CLSD,1.3700000047683716,1.3700000047683716,1.2300000190734863,1.3300000429153442,345900,0.0044838280416816
2022-11-11,CMBM,22.3700008392334,22.899999618530277,22.040000915527344,22.299999237060547,169500,0.0060013171032226
2022-11-11,CMCO,30.79480029577798,31.630280412676715,30.66702186602455,30.834117889404297,113300,0.0039598077763215
2022-11-11,CMCSA,30.7064406967388,31.568408650199352,30.42838731657359,31.531333923339844,24484900,0.0064919478370409
2022-11-11,CME,153.7851370894477,154.17153406099894,150.47444560098992,153.02113342285156,2723600,0.0075575781119928
2022-11-11,CMLS,7.199999809265137,7.489999771118164,7.13700008392334,7.440000057220459,172400,0.0101905105303912
2022-11-11,CMMB,2.25,2.3299999237060547,1.9299999475479128,2.0799999237060547,368800,0.0195581387949047
2022-11-11,CMPR,27.780000686645508,29.170000076293945,27.649999618530277,27.96999931335449,127200,0.0051247960355351
2022-11-11,CMRX,2.0,2.200000047683716,1.9900000095367432,2.130000114440918,1230600,0.0131188715169321
2022-11-11,CMTL,10.938250107613772,11.851424343909663,10.938250107613772,11.752166748046877,166300,0.0056667552629606
2022-11-11,CNDT,3.869999885559082,3.924999952316284,3.829999923706055,3.859999895095825,1092100,0.0067484397206945
2022-11-11,CNET,14.399999618530272,15.0,13.800000190734863,14.600000381469728,4395,0.0020195661264308
2022-11-11,CNOB,23.19555090254859,23.306755107759404,22.797065337498733,23.047277450561523,104300,0.0027112035352222
2022-11-11,CNTY,7.909999847412109,8.119999885559082,7.639999866485596,7.920000076293945,57100,0.0018609896162645
2022-11-11,CNVS,11.800000190734863,12.199999809265137,11.600000381469728,12.199999809265137,24975,0.0015629302360509
2022-11-11,CNXN,49.74640419173431,50.56898269054008,49.41345566279911,49.75619888305664,35500,0.0013720071885447
2022-11-11,COCP,2.740000009536743,3.059999942779541,2.700000047683716,3.0299999713897705,28600,0.002811142346026
2022-11-11,CODA,5.889999866485596,6.0,5.889999866485596,5.949999809265137,18100,0.0016117255258143
2022-11-11,CODX,3.4100000858306885,3.75,3.3499999046325684,3.650000095367432,252600,0.0079111049865642
2022-11-11,COGT,12.68000030517578,13.06999969482422,12.0649995803833,12.420000076293944,587500,0.0051602986385595
2022-11-11,COHU,36.41999816894531,37.65999984741211,36.119998931884766,36.91999816894531,363700,0.0078223296648464
2022-11-11,COKE,458.65073242508726,461.8519234588168,449.52104255708224,453.5636596679688,49100,0.0063658015140494
2022-11-11,COLB,30.66264415924617,30.88867863363527,30.227959671561443,30.33228302001953,631800,0.0030069246648007
2022-11-11,COLL,19.36000061035156,20.049999237060547,18.950000762939453,20.020000457763672,302100,0.0094019009205833
2022-11-11,COLM,74.77065767914863,78.69226283275475,74.77065767914863,78.63445281982422,521300,0.0094194728130849
2022-11-11,COMM,8.680000305175781,9.345000267028809,8.680000305175781,9.15999984741211,4131700,0.0190786898501092
2022-11-11,COO,76.09242818172055,81.9539549173501,75.68499429429413,81.06660461425781,4078000,0.0203943856086812
2022-11-11,COOP,43.52000045776367,44.150001525878906,42.90999984741211,42.9900016784668,589400,0.0092117643013656
2022-11-11,CORT,25.82999992370605,26.670000076293945,25.65999984741211,26.5,783700,0.0074282247898164
2022-11-11,COST,494.5122684165678,498.0876808152104,488.3251903404401,496.767333984375,2393500,0.0053946172308676
2022-11-11,CPB,46.46116391174809,46.51641031860468,43.79098413672773,45.0892448425293,3766200,0.0126305404012024
2022-11-11,CPIX,2.299999952316284,2.3499999046325684,2.2300000190734863,2.3499999046325684,16700,0.0011955556828269
2022-11-11,CPRT,30.26499938964844,30.934999465942383,30.26000022888184,30.780000686645508,3880000,0.0040161765297227
2022-11-11,CPRX,15.869999885559082,16.65999984741211,14.539999961853027,14.649999618530272,4830600,0.0397743927542198
2022-11-11,CPSH,3.359999895095825,3.549999952316284,3.3499999046325684,3.509999990463257,59000,0.0040616825003442
2022-11-11,CPSS,8.670000076293945,9.890000343322754,8.670000076293945,9.229999542236328,116000,0.0054096403521862
2022-11-11,CPZ,11.958225217094306,12.170142927675046,11.7917180836011,11.859834671020508,159800,0.0081396888784751
2022-11-11,CRAI,116.27449616257006,116.28419585678144,112.16270626210232,113.6367416381836,47800,0.0070381473475902
2022-11-11,CRBP,3.900000095367432,4.139999866485596,3.839999914169312,3.9600000381469727,75663,0.0061855594251238
2022-11-11,CRDF,1.309999942779541,1.409999966621399,1.309999942779541,1.3899999856948853,159000,0.0023901040672355
2022-11-11,CRDL,0.5,0.6000000238418579,0.5,0.6000000238418579,167700,0.0020300451524652
2022-11-11,CREG,3.0,3.0999999046325684,2.950000047683716,2.9600000381469727,7700,0.0003143999248706
2022-11-11,CRESY,4.268764982787212,4.559439752959419,4.227240593798446,4.368424892425537,83395,0.0013930463775281
2022-11-11,CREX,1.7400000095367432,1.7699999809265137,1.6799999475479126,1.7400000095367432,28333,0.0027121483339236
2022-11-11,CRIS,0.8299999833106995,0.8999999761581421,0.800000011920929,0.8700000047683716,723100,0.0691154824033186
2022-11-11,CRMD,3.2300000190734863,3.869999885559082,3.1700000762939453,3.7100000381469727,1061900,0.0162913574034469
2022-11-11,CRMT,70.94000244140625,76.0199966430664,70.69999694824219,74.93000030517578,87300,0.010566615064144
2022-11-11,CRNC,17.729999542236328,18.38999938964844,17.709999084472656,18.149999618530277,277100,0.0064145003356559
2022-11-11,CRNT,1.850000023841858,1.919999957084656,1.850000023841858,1.8600000143051147,204400,0.0023007886256934
2022-11-11,CRNX,18.59000015258789,19.96999931335449,18.2549991607666,18.38999938964844,268000,0.0028802185045527
2022-11-11,CRON,2.880000114440918,3.0799999237060547,2.859999895095825,3.049999952316284,2720700,0.0071123646007802
2022-11-11,CROX,93.36000061035156,98.6999969482422,92.45999908447266,93.23999786376952,3325700,0.0593279601542737
2022-11-11,CRSP,54.13999938964844,62.22499847412109,54.13999938964844,60.34999847412109,2402900,0.0280141546969859
2022-11-11,CRTO,25.950000762939453,26.700000762939453,25.780000686645508,26.540000915527344,356200,0.0065625840589269
2022-11-11,CRUS,73.25,75.55999755859375,72.98999786376953,74.91999816894531,490800,0.0092351288646699
2022-11-11,CRVL,51.25,51.75,49.31333160400391,50.48666763305664,150600,0.0029322943743173
2022-11-11,CRVS,0.8199999928474426,0.8600000143051147,0.7770000100135803,0.8420000076293945,201200,0.0029529263617657
2022-11-11,CRWD,136.75,144.82699584960938,135.33999633789062,143.1199951171875,4620200,0.0186393844796128
2022-11-11,CRWS,4.924826090335504,5.052412340436605,4.924826090335504,5.035400867462158,24500,0.0023571971482725
2022-11-11,CSCO,41.88738738655043,42.01718394760563,40.71921126367155,41.52581024169922,25961800,0.0065258692860675
2022-11-11,CSGP,84.47000122070312,85.37000274658203,83.19000244140625,83.27999877929688,2170500,0.0051462550267092
2022-11-11,CSGS,56.293270111083984,56.57662838724376,55.78323314070673,56.293270111083984,143400,0.0049837870525799
2022-11-11,CSIQ,37.09999847412109,37.43999862670898,35.93000030517578,36.18000030517578,762100,0.0115164511015505
2022-11-11,CSQ,11.478016811094175,11.80737215043525,11.338041714534976,11.692097663879396,283800,0.0017696576666458
2022-11-11,CSTE,7.019999980926514,7.369999885559082,7.019999980926514,7.119999885559082,75000,0.0021704026531002
2022-11-11,CSTL,20.88999938964844,23.065000534057617,20.618000030517575,22.40999984741211,369900,0.0128237574059885
2022-11-11,CSWC,14.469384161126612,14.687705430832798,14.469384161126612,14.537138938903809,86000,0.0017002162833272
2022-11-11,CSWI,118.1223792099514,119.5794577053695,114.0088601909548,114.14763641357422,66500,0.0039623192378046
2022-11-11,CSX,30.676818584444728,30.95684078610577,30.271270395578597,30.84096908569336,14690700,0.0077945087540185
2022-11-11,CTAS,109.80880618930082,111.39375291330786,108.90382842019216,109.74945831298828,1824000,0.0045172330061694
2022-11-11,CTBI,42.703212067022726,42.928250079792505,41.47900816195348,41.57802200317383,40900,0.0022594438122175
2022-11-11,CTHR,9.5,9.800000190734863,9.5,9.600000381469728,1560,0.000500277397403
2022-11-11,CTLP,2.950000047683716,3.319999933242798,2.950000047683716,3.2300000190734863,627300,0.0085890796964726
2022-11-11,CTMX,1.2400000095367432,1.309999942779541,1.2400000095367432,1.2899999618530271,246200,0.0030736616113797
2022-11-11,CTRM,12.0,12.800000190734863,12.0,12.699999809265137,50220,0.0051974933634157
2022-11-11,CTRN,21.450000762939453,22.5,21.450000762939453,21.84000015258789,121700,0.0139724133813699
2022-11-11,CTSH,55.25891495119856,56.39115208148734,55.05741605350872,56.05531692504883,3611000,0.0073006130007925
2022-11-11,CTSO,1.5499999523162842,1.600000023841858,1.4900000095367432,1.5199999809265137,67100,0.0010736
2022-11-11,CTXR,26.5,27.25,26.5,27.25,12968,0.0013854197603933
2022-11-11,CUBA,2.92906929508324,2.977086942478968,2.9153500139835264,2.949648380279541,18700,0.0011894993289188
2022-11-11,CUE,3.0799999237060547,3.440000057220459,3.0799999237060547,3.140000104904175,115300,0.0018651193563154
2022-11-11,CVBF,25.959826863033577,26.15655934493449,25.10135428478505,25.17289352416992,744600,0.0053532913467345
2022-11-11,CVCO,235.9199981689453,239.0399932861328,231.2700042724609,231.42999267578125,74100,0.0092472997510342
2022-11-11,CVGI,6.599999904632568,6.909999847412109,6.559999942779541,6.909999847412109,129100,0.0037268622764171
2022-11-11,CVGW,34.32391588452458,34.32391588452458,32.67216741421021,33.55055236816406,54500,0.0030555321952176
2022-11-11,CVLT,66.43000030517578,67.19999694824219,66.05000305175781,66.62999725341797,250700,0.005698038074804
2022-11-11,CVV,6.389999866485596,6.389999866485596,6.070000171661377,6.230000019073486,26700,0.0038797763388861
2022-11-11,CWBC,18.43786450950696,18.73919806615877,18.324863527717696,18.54144859313965,43500,0.0022821467918787
2022-11-11,CWCO,17.526902819880387,17.526902819880387,16.81622314453125,16.81622314453125,74300,0.0046803739259707
2022-11-11,CWST,82.58999633789062,82.83999633789062,79.36000061035156,79.93000030517578,221700,0.0035545764570636
2022-11-11,CYBR,153.7100067138672,160.25,151.99200439453125,160.02999877929688,948800,0.0191836825472566
2022-11-11,CYCC,18.0,18.600000381469727,17.549999237060547,17.700000762939453,2507,1.2091484353898984e-05
2022-11-11,CYRX,19.780000686645508,22.229999542236328,19.600000381469727,21.690000534057617,676500,0.0135542892864012
2022-11-11,CYTH,1.357699990272522,1.3899999856948853,1.3200000524520874,1.350000023841858,19825,0.0006055968450924
2022-11-11,CYTK,38.709999084472656,39.97999954223633,38.560001373291016,39.650001525878906,1038000,0.0087089304292378
2022-11-11,CZNC,21.703203640178295,21.703203640178295,21.217968410327035,21.31501579284668,19000,0.0012284932853143
2022-11-11,CZR,51.25,53.130001068115234,50.43000030517578,52.119998931884766,4881500,0.0230245323833739
2022-11-11,DAIO,3.950000047683716,4.050000190734863,3.859999895095825,3.890000104904175,9700,0.0010498142261732
2022-11-11,DAKT,3.619999885559082,3.7100000381469727,3.619999885559082,3.660000085830689,132600,0.002657628857921
2022-11-11,DARE,10.920000076293944,11.520000457763672,10.920000076293944,11.37600040435791,19983,0.0022578666024887
2022-11-11,DBVT,3.1600000858306885,3.1600000858306885,2.940000057220459,3.039999961853028,227100,0.0083075133428687
2022-11-11,DBX,22.38999938964844,23.11000061035156,22.38999938964844,23.059999465942383,2971500,0.0137305634551925
2022-11-11,DCOM,31.85823918994919,32.140252261634586,31.285117417945077,31.63990592956543,59500,0.0013628940080765
2022-11-11,DDOG,77.01000213623047,83.69000244140625,76.05999755859375,82.3499984741211,5972900,0.0188266930299837
2022-11-11,DENN,12.739999771118164,12.880000114440918,12.550000190734863,12.65999984741211,657200,0.0127670899699083
2022-11-11,DGICA,13.873489585443618,13.93650970528425,13.70243460648273,13.756451606750488,41300,0.0013738228533602
2022-11-11,DGII,40.33000183105469,40.40999984741211,38.27999877929688,39.88999938964844,611900,0.0165830153499262
2022-11-11,DGLY,7.0,7.599999904632568,7.0,7.400000095367432,17000,0.0002145075331007
2022-11-11,DHC,1.2535712159311632,1.2630679581328306,1.1586036807043922,1.177597165107727,2103100,0.0087180188694888
2022-11-11,DHCNI,10.101635933567838,10.28386116027832,9.808490510871398,10.28386116027832,12200,
2022-11-11,DHIL,161.77746986595025,161.77746986595025,159.18517410799123,159.96286010742188,8200,0.0029417145891106
2022-11-11,DIOD,81.25,83.44999694824219,80.08000183105469,82.58000183105469,172000,0.0037020296592841
2022-11-11,DKNG,13.68000030517578,15.005000114440918,13.510000228881836,14.880000114440918,25570500,0.0511455008040707
2022-11-11,DLHC,13.140000343322754,13.649999618530272,13.140000343322754,13.5,30000,0.0020852882911062
2022-11-11,DLPN,5.800000190734863,6.159999847412109,5.71999979019165,5.980000019073486,8800,0.0007883891775667
2022-11-11,DLTH,8.239999771118164,8.4399995803833,8.1899995803833,8.350000381469727,67200,0.00211491677236
2022-11-11,DLTR,164.05999755859375,166.42999267578125,161.0500030517578,165.61000061035156,1732400,0.0080545646823016
2022-11-11,DMAC,1.2000000476837158,1.2300000190734863,1.1299999952316284,1.1399999856948853,133500,0.0031151048751974
2022-11-11,DMLP,22.80910898508417,23.334267217382152,22.534772327313963,23.11479759216309,147500,0.0031157715072729
2022-11-11,DMRC,22.13999938964844,23.25,21.32999992370605,22.36000061035156,120100,0.0055735772527508
2022-11-11,DNLI,30.31999969482422,32.720001220703125,30.31999969482422,31.799999237060547,681900,0.0046957956301596
2022-11-11,DNTH,1.1699999570846558,1.4299999475479126,1.0700000524520874,1.350000023841858,394200,0.0122704733563884
2022-11-11,DOCU,46.02999877929688,53.04999923706055,45.470001220703125,53.0,10930900,0.0539824188848832
2022-11-11,DOMO,14.579999923706056,16.239999771118164,14.140000343322754,16.18000030517578,805800,0.0219708309816528
2022-11-11,DOOO,68.88042667935534,69.44718472742713,67.95212199610836,68.97814178466797,49700,0.0014400621225994
2022-11-11,DORM,84.73999786376953,84.93000030517578,83.43000030517578,84.7699966430664,94100,0.0030793900124353
2022-11-11,DOX,78.70000832231655,79.26960885352965,77.53232107689554,78.50064849853516,578900,0.0051612385546035
2022-11-11,DOYU,4.819532591863339,5.301485851049673,4.583375605172383,5.205095291137695,168410,0.005323433094362
2022-11-11,DPZ,345.32018039223186,358.18998288405083,344.6148726377372,354.1319274902344,698300,0.0203603813744642
2022-11-11,DRIO,3.920000076293945,4.260000228881836,3.859999895095825,4.079999923706055,147400,0.003546082228691
2022-11-11,DRRX,5.099999904632568,5.599999904632568,5.0,5.5,28290,0.000911345918433
2022-11-11,DSGR,20.334999084472656,21.2549991607666,19.854999542236328,19.950000762939453,58200,0.0012497235362452
2022-11-11,DSGX,71.27999877929688,72.55000305175781,70.95999908447266,72.37999725341797,201700,0.0023561432609863
2022-11-11,DTIL,41.09999847412109,45.0,41.09999847412109,44.09999847412109,23757,0.0022664784056325
2022-11-11,DTSS,22.200000762939453,22.200000762939453,21.0,21.600000381469727,1520,0.0002029535076241
2022-11-11,DVAX,12.710000038146973,12.9399995803833,12.229999542236328,12.829999923706056,3083100,0.0248494813453587
2022-11-11,DXCM,119.12000274658205,122.27999877929688,114.58999633789062,115.95999908447266,3461500,0.0088279472934082
2022-11-11,DXLG,6.909999847412109,7.03000020980835,6.699999809265137,6.800000190734863,1225700,0.0228996224187247
2022-11-11,DXPE,27.280000686645508,28.290000915527344,26.520000457763672,26.71999931335449,69000,0.0043962765449089
2022-11-11,DYAI,2.009999990463257,2.0899999141693115,1.8600000143051147,1.8899999856948853,87600,0.0029111984766057
2022-11-11,EA,128.7555527918503,129.5441971122155,126.5867921924506,129.3667449951172,2057800,0.0078958475623326
2022-11-11,EBAY,42.72072363275988,44.60993056019339,42.4738943785554,44.154239654541016,7298800,0.015662660944206
2022-11-11,EBTC,30.59331854475321,32.00975896189321,30.59331854475321,31.40404510498047,10500,0.0008428183846783
2022-11-11,ECOR,3.795000076293945,4.034999847412109,3.615000009536743,3.734999895095825,18367,0.0025534227988249
2022-11-11,ECPG,49.310001373291016,49.95000076293945,49.09000015258789,49.81999969482422,176700,0.0074584341087234
2022-11-11,EDAP,10.06999969482422,10.31999969482422,9.989999771118164,10.140000343322754,74200,0.0019843763789677
2022-11-11,EDIT,12.15999984741211,13.489999771118164,12.149999618530272,13.210000038146973,1687500,0.0203371314297151
2022-11-11,EDSA,6.369999885559082,6.650000095367432,6.300000190734863,6.510000228881836,11286,0.0016070787790416
2022-11-11,EDUC,2.6700000762939453,2.6700000762939453,2.450000047683716,2.5199999809265137,16200,0.001887320005592
2022-11-11,EEFT,88.93000030517578,92.25,88.83000183105469,92.08999633789062,432000,0.0099922513791388
2022-11-11,EFSC,49.88720371475111,50.24616981774947,48.30962888052376,48.347415924072266,87200,0.0023595691080449
2022-11-11,EGAN,7.989999771118164,8.260000228881836,7.96999979019165,8.119999885559082,161400,0.0057374630744128
2022-11-11,EHTH,3.990000009536743,4.25,3.859999895095825,3.859999895095825,1590700,0.0531249791267291
2022-11-11,EKSO,1.4500000476837158,1.4600000381469729,1.3799999952316284,1.3899999856948853,35400,0.0014259933614772
2022-11-11,ENLV,4.579999923706055,4.900000095367432,4.53000020980835,4.599999904632568,59100,0.0024988372584668
2022-11-11,ENPH,308.25,319.489990234375,291.2900085449219,292.010009765625,5078400,0.0387114478679127
2022-11-11,ENSG,94.48961482548712,94.62886207184168,90.1232006000976,91.82401275634766,273900,0.0047530546054652
2022-11-11,ENTA,44.59999847412109,45.625,43.84000015258789,45.209999084472656,122600,0.005747099496074
2022-11-11,ENTG,74.21921425420524,76.95449522042819,73.28763135706545,75.86434936523438,1981700,0.0130960019083142
2022-11-11,EOLS,7.480000019073486,7.539999961853027,7.329999923706055,7.46999979019165,239400,0.0037649323444488
2022-11-11,EPIX,3.299999952316284,3.75,3.299999952316284,3.670000076293945,397800,0.0089617604520079
2022-11-11,EQ,1.7100000381469729,1.7599999904632568,1.6699999570846558,1.7000000476837158,20200,0.0005655206009076
2022-11-11,EQIX,613.8347619682829,630.3688443588886,613.8347619682829,628.4471435546875,664100,0.0067891179139642
2022-11-11,ERIC,5.507540357868851,5.691431791822626,5.489151258316545,5.663847923278809,10072300,0.0032798966465793
2022-11-11,ERIE,262.6346549174054,262.6346549174054,242.39869573741063,242.89859008789065,123900,0.0026824510544695
2022-11-11,ERII,20.5,21.01000022888184,20.100000381469727,20.68000030517578,526800,0.009585972599549
2022-11-11,ERNA,3.0199999809265137,3.4800000190734863,2.990000009536743,3.240000009536743,27300,0.0005225390420883
2022-11-11,ESCA,9.230733974915603,9.37426322981973,9.01544009255941,9.167940139770508,25000,0.0018296520733617
2022-11-11,ESEA,17.432390285486665,18.357094588725616,17.432390285486665,18.24578666687012,44500,0.0063142600112947
2022-11-11,ESGR,199.0800018310547,199.0800018310547,189.9499969482422,195.6499938964844,96900,0.0065097343705913
2022-11-11,ESGRO,19.984592574299008,20.40692124511861,19.984592574299008,20.27177619934082,5600,0.0002609408782524
2022-11-11,ESGRP,18.791276076937923,19.271592571878703,18.791276076937923,18.95980834960937,26400,0.0012301498546186
2022-11-11,ESLT,194.9470971315137,195.8876465641885,193.66365041937829,195.08425903320312,21200,0.0004742718696378
2022-11-11,ESPR,8.15999984741211,8.239999771118164,7.820000171661377,7.960000038146973,795700,0.0040217541265006
2022-11-11,ESQ,43.93429481543129,44.32111865279141,42.34607243278106,42.54094696044922,22500,0.0026685801374615
2022-11-11,ESSA,19.05050365603288,19.289554595947266,19.03211647116693,19.289554595947266,3100,0.0003052773592523
2022-11-11,ESTA,55.77000045776367,60.20000076293945,55.36000061035156,60.08000183105469,285400,0.0098725629920715
2022-11-11,ETNB,8.90999984741211,10.300000190734863,8.539999961853027,10.050000190734863,1656700,0.0113485039456378
2022-11-11,ETON,2.650000095367432,3.039999961853028,2.4800000190734863,3.009999990463257,243300,0.0090724340449333
2022-11-11,ETSY,109.38999938964844,116.5999984741211,109.03500366210938,115.63999938964844,3720300,0.0347457785415421
2022-11-11,EVER,8.869999885559082,9.640000343322754,8.649999618530273,9.520000457763672,257100,0.0080044334162523
2022-11-11,EVGN,6.599999904632568,7.800000190734863,6.599999904632568,7.400000095367432,7820,0.0011507462928163
2022-11-11,EVOK,22.07999992370605,22.559999465942383,21.1200008392334,22.5,2400,0.0016076524255455
2022-11-11,EVRG,55.15455120087787,55.19036085063729,52.73745448205504,53.16716003417969,2466000,0.0107211335262314
2022-11-11,EVTV,2.8499999046325684,3.0999999046325684,2.821000099182129,2.9649999141693115,18700,0.0008092995879929
2022-11-11,EWBC,69.28961532307089,70.49815599789174,68.9242433920341,69.39266967773438,1035400,0.0075137340085331
2022-11-11,EXAS,43.459999084472656,48.2599983215332,43.31999969482422,46.33000183105469,4801900,0.0258507162294111
2022-11-11,EXC,35.64021268436192,35.83133658791886,35.00312953401491,35.59470748901367,7487800,0.0074170416599097
2022-11-11,EXEL,16.799999237060547,16.899999618530273,16.469999313354492,16.799999237060547,2077400,0.0074224404635524
2022-11-11,EXLS,37.790000915527344,38.13800048828125,36.44599914550781,36.73400115966797,948500,0.00584393608793
2022-11-11,EXPE,99.32154775155864,104.2512040802494,98.97228229805977,102.57472229003906,3097500,0.0251147291095723
2022-11-11,EXPI,12.284239260940296,13.607305772604738,12.14903504098062,13.356212615966797,2334500,0.0153575422669561
2022-11-11,EXPO,100.66951162252629,100.66951162252629,97.67836490079316,98.31932067871094,107900,0.0021232550542915
2022-11-11,EXTR,18.450000762939453,19.049999237060547,17.90999984741211,17.950000762939453,1274100,0.0095973786298067
2022-11-11,EYE,40.540000915527344,41.630001068115234,39.31999969482422,40.90999984741211,1257800,0.0159652711054842
2022-11-11,EYEN,152.0,156.8000030517578,143.1999969482422,148.8000030517578,4114,0.001964895522388
2022-11-11,EYPT,4.690000057220459,4.829999923706055,4.599999904632568,4.630000114440918,109200,0.0015888535810315
2022-11-11,EZPW,9.800000190734863,9.899999618530272,9.59000015258789,9.649999618530272,258600,0.0049761008612926
2022-11-11,FAMI,50.880001068115234,54.720001220703125,49.91999816894531,52.79999923706055,2753,0.0022015193922431
2022-11-11,FANG,145.7252199967282,147.92886586859757,144.96105061782086,146.03622436523438,2691200,0.0091511577574723
2022-11-11,FARM,5.599999904632568,6.079999923706055,5.599999904632568,5.739999771118164,91300,0.0042755655875507
2022-11-11,FARO,32.439998626708984,34.880001068115234,32.25,34.33000183105469,98900,0.0051441292429963
2022-11-11,FAST,48.80774776049557,48.958446954632926,48.18611313555996,48.788909912109375,2943100,0.0051308198500271
2022-11-11,FAT,3.437722928068561,3.533215140861031,3.3470047949405206,3.485468626022339,20810,0.0012595403676332
2022-11-11,FATE,20.65999984741211,23.549999237060547,20.530000686645508,22.959999084472656,1973900,0.017224709198321
2022-11-11,FBIO,12.0,12.149999618530272,11.550000190734863,12.149999618530272,8540,0.0002891602164299
2022-11-11,FBIOP,15.768508974930237,16.03510744807002,15.768508974930237,16.003742218017578,3400,5.998641484134475e-05
2022-11-11,FBIZ,37.14001350855848,37.14001350855848,35.74632170061573,36.9422607421875,28400,0.0034212209663021
2022-11-11,FBNC,44.42626494957484,45.06575908965549,43.4482091794778,43.60808181762695,135100,0.0032680370974218
2022-11-11,FBRX,24.75,26.0,24.649999618530277,25.75,1456,0.0002212204501289
2022-11-11,FCBC,34.23940971939091,34.27469642576685,33.171906922165,33.480690002441406,29200,0.0015933037589964
2022-11-11,FCEL,103.8000030517578,111.0,101.0999984741211,109.1999969482422,388110,0.0183557354874715
2022-11-11,FCFS,92.0045050963822,92.0335213155055,90.08935345967352,90.54396057128906,447100,0.0099886730993929
2022-11-11,FCNCA,847.9836163169653,851.9483797214807,817.3062473750291,824.8987426757812,103200,0.008237942430193
2022-11-11,FDUS,14.74854276837594,14.871206825633218,14.337257804705375,14.560938835144045,81100,0.0023350426267645
2022-11-11,FELE,84.05615710894098,84.11483949279067,81.3762138267682,81.59139251708984,155100,0.0033879127312124
2022-11-11,FENC,8.0,8.359999656677246,8.0,8.220000267028809,75500,0.0027361020511705
2022-11-11,FFBC,23.75965881726496,23.931699514813893,23.21637358562252,23.279756546020508,218700,0.0022918810611189
2022-11-11,FFIC,18.09965030495834,18.288366445577196,17.833731734965873,17.87662124633789,57200,0.0016934750878564
2022-11-11,FFIN,35.95526645696067,36.14450542335761,35.5767885241668,35.8511848449707,421400,0.0029472033488063
2022-11-11,FFIV,145.0399932861328,150.42999267578125,144.10000610351562,149.91000366210938,667500,0.0115780289771613
2022-11-11,FFNW,14.138960569916405,14.279880082542569,14.138960569916405,14.261091232299805,1800,0.0001950597858243
2022-11-11,FGBI,22.58994549042588,22.75285403334768,22.264130130820384,22.517541885375977,7600,0.0006077714779243
2022-11-11,FGEN,16.040000915527344,16.31999969482422,15.470000267028809,15.510000228881836,567800,0.0056264058582795
2022-11-11,FHB,23.98734505614172,24.183232188173395,23.75584115557646,23.862688064575195,558100,0.0044224856572316
2022-11-11,FIBK,39.27987361376908,39.6498704829173,37.73104798366776,37.86872100830078,542700,0.0052576510593774
2022-11-11,FISI,21.4957479605822,21.55632347539765,21.114985459594905,21.149600982666016,19600,0.0009761977099198
2022-11-11,FITB,32.729360613504234,33.467075427327785,32.729360613504234,33.15219497680664,7378200,0.0111015314389736
2022-11-11,FITBI,20.959584857622566,21.577254333927968,20.943113294592223,21.083118438720703,31900,4.865653065208903e-05
2022-11-11,FITBO,17.863643515709764,18.141136737438917,17.44740368311604,17.98504638671875,18400,
2022-11-11,FITBP,19.06630842357259,19.271414195301144,18.9637563527262,19.057762145996094,33800,
2022-11-11,FIVE,157.47000122070312,158.0500030517578,151.27999877929688,154.7100067138672,973800,0.017689566098813
2022-11-11,FIVN,61.7400016784668,64.70999908447266,61.380001068115234,63.540000915527344,2189100,0.028712068748426
2022-11-11,FIZZ,45.24401599397665,45.64531427921773,44.329430280657874,45.52399063110352,98300,0.0010499870754388
2022-11-11,FLEX,15.071590423583984,15.44838047027588,15.011303901672363,15.11680507659912,8435872,0.0220198532087745
2022-11-11,FLGT,36.75,39.40999984741211,36.4109992980957,39.2400016784668,367100,0.0118934610263172
2022-11-11,FLIC,15.244133933241242,15.362501618493386,15.100401052875595,15.1173095703125,64600,0.0028539493622792
2022-11-11,FLL,6.960000038146973,7.480000019073486,6.789999961853027,7.25,169400,0.0047087470396602
2022-11-11,FLNT,6.960000038146973,7.380000114440918,6.960000038146973,7.019999980926514,12650,0.0006127777481749
2022-11-11,FLWS,9.0600004196167,9.3100004196167,8.760000228881836,9.170000076293944,664000,0.0181753980658529
2022-11-11,FLXS,13.939318618282678,14.51384425759924,13.826297225214544,14.165361404418944,9500,0.0018028720700956
2022-11-11,FMBH,32.807095320399135,32.92805271224353,30.19257852677311,31.671968460083008,47600,0.0019847971212102
2022-11-11,FMNB,13.118963296017403,13.17186187030672,12.995531887996204,13.06606388092041,117100,0.0031131528714913
2022-11-11,FNKO,10.010000228881836,10.109999656677246,9.529999732971191,9.899999618530272,1514800,0.0281105195472773
2022-11-11,FNLC,27.584128644235392,27.79309911447964,27.20101528507944,27.261964797973636,10800,0.0009646474570821
2022-11-11,FNWB,14.586156509380258,14.78518791646639,14.263915097539623,14.595633506774902,10500,0.0011122150875684
2022-11-11,FOLD,11.0,11.43000030517578,10.920000076293944,11.229999542236328,3099100,0.0100869027470381
2022-11-11,FONR,17.690000534057617,17.850000381469727,17.43000030517578,17.850000381469727,26800,0.0043147931394789
2022-11-11,FORD,12.0,12.5,12.0,12.100000381469728,6810,0.0061848928769288
2022-11-11,FORM,21.21999931335449,22.270000457763672,21.21999931335449,22.15999984741211,627400,0.0081400598892515
2022-11-11,FORR,35.880001068115234,35.880001068115234,34.060001373291016,34.38999938964844,49100,0.0025867973236394
2022-11-11,FOSL,4.289999961853027,4.579999923706055,4.210000038146973,4.559999942779541,1573200,0.0295388359084994
2022-11-11,FOX,26.860605074230964,27.81819463844785,26.718169071502384,27.678646087646484,1040600,0.0044171645223397
2022-11-11,FOXA,28.676462825764617,29.63202483198612,28.435159697950382,29.45828628540039,2946500,0.0135255472501141
2022-11-11,FOXF,98.19000244140624,103.5999984741211,97.08999633789062,103.33000183105467,272000,0.0065208427230272
2022-11-11,FPAY,1.2000000476837158,1.3700000047683716,1.0499999523162842,1.2200000286102295,513100,0.0216539919140423
2022-11-11,FRBA,14.46868262229108,14.46868262229108,14.209799196727568,14.344035148620604,11300,0.0004493845817343
2022-11-11,FRGT,517.5,520.0,470.0,517.5,176,7.770179288057323e-05
2022-11-11,FRHC,60.310001373291016,61.68999862670898,58.6609992980957,60.880001068115234,180800,0.0029825041817743
2022-11-11,FRME,40.22708956566884,40.57176459448629,38.99352215213823,39.05701446533203,141300,0.0024139403775518
2022-11-11,FRPH,29.725000381469727,29.825000762939453,29.030000686645508,29.030000686645508,17200,0.0009011227360601
2022-11-11,FRPT,66.94999694824219,69.9749984741211,65.61100006103516,69.20999908447266,792800,0.0162730456129691
2022-11-11,FRST,11.589489098046828,11.919830512026005,11.525256264105336,11.580312728881836,34100,0.0013792991865775
2022-11-11,FRSX,3.0,3.384000062942505,3.0,3.299999952316284,30817,0.0015969426091462
2022-11-11,FSBW,30.52846434907735,31.23907937449764,30.52846434907735,30.82767105102539,10300,0.001328004125838
2022-11-11,FSLR,155.32000732421875,157.67999267578125,150.0800018310547,150.4199981689453,2532000,0.0236105930622901
2022-11-11,FSTR,12.260000228881836,12.729999542236328,11.56999969482422,12.68000030517578,12200,0.0011346093037962
2022-11-11,FSV,126.26741110862002,128.12862876308725,125.5436034081927,127.97106170654295,120700,0.0026560454190368
2022-11-11,FTAI,17.034671783447266,18.075679864558573,16.703441693312925,17.034671783447266,3369200,0.0328538970853526
2022-11-11,FTDR,24.709999084472656,25.15999984741211,24.13999938964844,25.020000457763672,782500,0.0105895641381412
2022-11-11,FTEK,1.2899999618530271,1.2999999523162842,1.2300000190734863,1.25,109200,0.0035560418518771
2022-11-11,FTFT,20.0,21.0,18.5,20.5,3328,0.0011059087027172
2022-11-11,FTNT,54.0,56.22999954223633,53.7599983215332,56.130001068115234,6267100,0.0081499502838857
2022-11-11,FULC,7.239999771118164,7.809999942779541,6.784999847412109,7.139999866485596,361000,0.0066877488222337
2022-11-11,FULT,16.9050076657528,16.95881622867963,16.626994761663582,16.67183494567871,837100,0.0045944017563117
2022-11-11,FUNC,16.62115972451649,16.97909688240402,16.62115972451649,16.859785079956055,2300,0.0003553012491156
2022-11-11,FUND,6.812004089355469,6.870728007350128,6.761669531089583,6.812004089355469,18800,0.0006262846330405
2022-11-11,FUTU,42.50769237113248,44.86217492870984,41.70658237074987,44.55931854248047,2765500,0.0295842479792209
2022-11-11,FVCB,16.375999450683594,16.375999450683594,16.08799934387207,16.167999267578125,11750,0.0006392540041782
2022-11-11,FWONA,51.709232330322266,52.01375198364258,51.03143310546875,51.807464599609375,85512,0.0035647972519478
2022-11-11,FWONK,57.58111953735352,58.10029602050781,56.93706893920898,57.77777862548828,770378,0.003457059261719
2022-11-11,FWRD,112.36384795709075,114.42439045271512,112.3046959304222,113.31031799316406,275200,0.0090517680879126
2022-11-11,GABC,37.50312731147783,37.60569734551929,36.5147293690031,36.542701721191406,50500,0.0013493257379208
2022-11-11,GAIA,2.799999952316284,2.9100000858306885,2.5899999141693115,2.799999952316284,69500,0.0035328324674928
2022-11-11,GAIN,10.095097356759547,10.173853187491746,9.944744819691325,10.073617935180664,146000,0.0039633633209727
2022-11-11,GALT,1.149999976158142,1.2300000190734863,1.1399999856948853,1.2200000286102295,131300,0.002078172853966
2022-11-11,GASS,3.0999999046325684,3.2699999809265137,3.039999961853028,3.2300000190734863,214600,0.0058408226142716
2022-11-11,GBDC,10.086787357350865,10.117009911507015,9.973452238843391,10.018786430358888,420900,0.0015853166577556
2022-11-11,GDEN,40.87327490236958,40.87327490236958,39.62167685191624,39.74957656860352,197700,0.0074786365201075
2022-11-11,GDS,12.43000030517578,13.489999771118164,12.1899995803833,13.34000015258789,2740000,0.0145012681517771
2022-11-11,GDYN,12.489999771118164,13.56999969482422,12.329999923706056,13.229999542236328,910900,0.0108649497127807
2022-11-11,GECC,6.703377442391504,6.840882489561813,6.600248820932717,6.737753868103027,6600,0.0005717057621011
2022-11-11,GEN,21.34010660944583,21.8979562472862,21.264466072285067,21.689945220947266,10688700,0.0173433113669237
2022-11-11,GEOS,4.630000114440918,4.71999979019165,4.53000020980835,4.71999979019165,7200,0.0005635213825057
2022-11-11,GERN,2.259999990463257,2.3399999141693115,2.240000009536743,2.2699999809265137,4421200,0.0069416071479172
2022-11-11,GEVO,2.0299999713897705,2.4200000762939453,2.0299999713897705,2.4100000858306885,12873500,0.0537268895288176
2022-11-11,GGAL,6.4135363615696255,6.61904375330315,6.404973774746523,6.567667007446289,291300,0.0021984407900198
2022-11-11,GH,49.4900016784668,54.470001220703125,49.470001220703125,53.540000915527344,2114000,0.0171283655131622
2022-11-11,GIFI,5.28000020980835,5.440000057220459,5.099999904632568,5.309999942779541,231600,0.0141683439065721
2022-11-11,GIII,19.5,20.790000915527344,19.5,20.75,881700,0.0200919714150289
2022-11-11,GILD,74.16503468973447,74.68430806202461,72.94428249408827,74.53854370117188,11413200,0.0091552424163674
2022-11-11,GILT,5.75,5.929999828338623,5.710000038146973,5.860000133514404,157700,0.0027635443463875
2022-11-11,GLAD,15.833864902401768,16.056205059146084,15.754457054459344,15.945034980773926,57750,0.002586218478363
2022-11-11,GLBS,1.190000057220459,1.340000033378601,1.190000057220459,1.340000033378601,327900,0.0159311641556094
2022-11-11,GLDD,6.909999847412109,7.300000190734863,6.909999847412109,7.269999980926514,388100,0.0057615193570423
2022-11-11,GLMD,4.176000118255615,4.559999942779541,3.983999967575073,4.104000091552734,2858,0.0012657050614916
2022-11-11,GLNG,23.750050631160335,24.50104147138424,23.47781777207228,23.82514953613281,1816600,0.0173634608399762
2022-11-11,GLPG,41.22999954223633,41.970001220703125,40.93000030517578,41.810001373291016,88300,0.0013399679196808
2022-11-11,GLPI,44.39235705207678,44.50363845903787,43.031310895967614,43.22819137573242,1248700,0.0045434865403641
2022-11-11,GLRE,8.199999809265137,8.210000038146973,7.789999961853027,7.829999923706055,53800,0.0015565238020842
2022-11-11,GLYC,1.0299999713897705,1.2999999523162842,1.0199999809265137,1.2400000095367432,1948500,0.0302027935065156
2022-11-11,GMAB,41.90999984741211,42.16999816894531,41.040000915527344,41.84000015258789,1314700,0.0021568475978804
2022-11-11,GMGI,2.450999975204468,2.509999990463257,2.450000047683716,2.4800000190734863,8200,6.208029556277302e-05
2022-11-11,GNLN,55.77000045776367,60.5,52.02999877929688,59.400001525878906,8539,0.0010242354818008
2022-11-11,GNPX,53.20000076293945,56.79999923706055,53.20000076293945,55.59999847412109,2485,0.0001028866218409
2022-11-11,GNSS,3.069999933242798,3.0999999046325684,2.859999895095825,3.0999999046325684,35800,0.0007967418155921
2022-11-11,GNTX,27.3982026949444,28.42467570161521,27.379017668749647,28.08891487121582,1162600,0.0051382910077697
2022-11-11,GO,29.899999618530277,30.190000534057617,28.94499969482422,29.920000076293945,2698400,0.0277162910162897
2022-11-11,GOGL,8.05972208862114,8.262269881072676,8.05972208862114,8.177874565124512,3123800,0.0156677266298187
2022-11-11,GOGO,15.220000267028809,15.34000015258789,14.520000457763672,15.149999618530272,709800,0.0054038827559954
2022-11-11,GOOD,15.353961695263514,15.451601277758948,15.1424071972525,15.40278148651123,206300,0.0045086096304601
2022-11-11,GOOG,94.26352790803072,96.90103709613888,93.7161252119438,96.27400970458984,30569100,0.0055610515473726
2022-11-11,GOOGL,94.2394538485674,96.46879348169524,93.47311336671255,95.9512710571289,33090500,0.0056729813754621
2022-11-11,GOSS,10.289999961853027,10.390000343322754,9.744999885559082,9.84000015258789,1260900,0.0055492231985326
2022-11-11,GPRE,35.22999954223633,37.06999969482422,35.060001373291016,36.52999877929688,1124400,0.0173707774210791
2022-11-11,GPRO,5.380000114440918,5.755000114440918,5.349999904632568,5.710000038146973,3637500,0.0277313999496832
2022-11-11,GRCE,3.0,3.0,2.940000057220459,3.0,22450,0.0016365240084268
2022-11-11,GREE,7.099999904632568,9.300000190734863,7.099999904632568,9.300000190734863,86440,0.0099321730477776
2022-11-11,GRFS,7.429999828338623,8.220000267028809,7.429999828338623,8.180000305175781,2419000,0.0093678356775512
2022-11-11,GRNQ,1.100000023841858,1.1699999570846558,1.0800000429153442,1.1649999618530271,74700,0.0098603317665041
2022-11-11,GROW,2.7610381536800874,2.8530726710317182,2.6874105397987837,2.7150208950042725,65400,0.0057959198142469
2022-11-11,GRPN,9.479999542236328,10.289999961853027,9.15999984741211,10.100000381469728,1428000,0.0358695734082876
2022-11-11,GRVY,51.5,54.0,48.84999847412109,53.630001068115234,22400,0.0032235317820086
2022-11-11,GRWG,5.210000038146973,5.980000019073486,5.130000114440918,5.929999828338623,5277900,0.0887668606411248
2022-11-11,GRYP,26.600000381469727,31.600000381469727,26.399999618530277,28.399999618530277,31635,0.0004520390239352
2022-11-11,GSAT,29.399999618530277,30.0,28.649999618530277,28.649999618530277,389427,0.0030764800682561
2022-11-11,GSBC,58.36522832623059,58.5791562273868,57.20257437550887,57.6025276184082,23300,0.0020086206896551
2022-11-11,GSHD,39.09756842422465,41.3217084165844,38.7568483073504,39.05024337768555,396100,0.015860685441084
2022-11-11,GSIT,2.109999895095825,2.109999895095825,2.0199999809265137,2.069999933242798,18400,0.0007186994664437
2022-11-11,GSM,5.999127487524589,6.265098631469316,5.9892764782530925,6.107485771179199,2018100,0.0107411453065926
2022-11-11,GT,10.800000190734863,11.739999771118164,10.800000190734863,11.579999923706056,7240200,0.0253940543302148
2022-11-11,GTBP,62.84999847412109,65.69999694824219,62.400001525878906,63.900001525878906,1113,0.0004388109131051
2022-11-11,GTEC,2.0799999237060547,2.190000057220459,2.059999942779541,2.150000095367432,30800,0.0022656221265953
2022-11-11,GTIM,2.3499999046325684,2.400000095367432,2.309999942779541,2.369999885559082,15700,0.0014754807059752
2022-11-11,GWAV,208.5,217.5,201.0,216.0,303,7.633664713321879e-06
2022-11-11,GWRS,12.090189484675577,12.358860222263171,12.05719495887126,12.132611274719238,14600,0.0005319536544487
2022-11-11,GYRE,5.199999809265137,5.292857307155119,4.921428496334829,5.199999809265137,15340,0.0001638671799889
2022-11-11,HAFC,23.84964911161903,23.858482517169683,23.1871588585185,23.24899101257324,133300,0.0044144627469681
2022-11-11,HAIN,20.190000534057617,21.15999984741211,20.13999938964844,21.01000022888184,1289100,0.0142841477894153
2022-11-11,HALO,54.369998931884766,54.66999816894531,52.34000015258789,53.970001220703125,1959700,0.0158637772902787
2022-11-11,HAS,54.49266365257287,57.00467241839897,54.2952903863291,56.88804244995117,1359700,0.0097034097883333
2022-11-11,HBAN,13.523150136166326,13.62949197393818,13.150953281399929,13.266157150268556,22359800,0.0153070687898266
2022-11-11,HBCP,40.46981697141779,40.554699043559104,39.92280197143555,39.92280197143555,12700,0.0015833674110571
2022-11-11,HBIO,2.3399999141693115,2.4100000858306885,2.240000009536743,2.400000095367432,104600,0.0023732543761131
2022-11-11,HBNC,14.310188559787978,14.43347580065717,13.878681537083123,13.89629364013672,137500,0.0031239705097183
2022-11-11,HBT,20.58095117975262,20.71920173221571,19.880479721595,19.96343040466309,27600,0.0008725506932984
2022-11-11,HCAT,9.140000343322754,10.489999771118164,9.09000015258789,9.81999969482422,2248500,0.0320250788342501
2022-11-11,HCKT,21.5627059707726,21.743823759038573,20.85729314943521,21.41018295288086,196600,0.0071110789597424
2022-11-11,HCM,9.970000267028809,10.0,9.475000381469728,9.899999618530272,504600,0.0029512742860747
2022-11-11,HCSG,14.403219599425716,14.728104174391673,14.324459759366778,14.501668930053713,481100,0.0065466741534528
2022-11-11,HDSN,10.93000030517578,11.34000015258789,10.489999771118164,10.579999923706056,715800,0.0162589068508646
2022-11-11,HEES,39.67589126814933,40.48907743238538,39.18419722449397,39.61915969848633,185700,0.005071941267084
2022-11-11,HELE,96.16999816894533,101.51000213623048,94.77999877929688,100.79000091552734,402300,0.0176017361095919
2022-11-11,HEPA,370.0,389.0,361.0,380.0,412,0.0003814814814814
2022-11-11,HFFG,4.980000019073486,5.0,4.923999786376953,4.96999979019165,35700,0.0006769363793574
2022-11-11,HFWA,30.46815342439794,30.630891608088582,29.64542302856894,29.708709716796875,160300,0.0047159819715923
2022-11-11,HGBL,2.150000095367432,2.190000057220459,2.0999999046325684,2.150000095367432,198400,0.0055895039033556
2022-11-11,HIFS,263.50893356473017,263.50893356473017,251.01037554127453,253.2731170654297,4600,0.0021098497878683
2022-11-11,HIMX,5.999335951465619,6.413704544522424,5.990328162678553,6.368664741516113,1857700,0.0106207090665969
2022-11-11,HIVE,2.3499999046325684,2.6600000858306885,2.3399999141693115,2.630000114440918,2330800,0.0149985199675679
2022-11-11,HLIT,13.529999732971191,13.630000114440918,12.90999984741211,13.0600004196167,2066900,0.0176578131273867
2022-11-11,HLNE,69.77633752458496,73.64057987241499,69.73712086233623,72.80843353271484,265600,0.0061286839020518
2022-11-11,HMST,25.640609004196133,26.2380040340503,25.45095881227892,26.057836532592773,108100,0.0057132890786858
2022-11-11,HNRG,7.239999771118164,7.380000114440918,6.840000152587891,6.96999979019165,180800,0.0042422095154073
2022-11-11,HOFT,14.84557258090414,15.768477777035317,14.70493969555627,15.372946739196776,59900,0.0055926949507021
2022-11-11,HOLX,74.86000061035156,76.1500015258789,74.73999786376953,75.93000030517578,1521000,0.0067383472047297
2022-11-11,HON,204.47003780393496,204.822598672824,201.47811923893903,202.69775390625,4226800,0.0065709348554272
2022-11-11,HONE,13.534642295763648,13.571876489501289,13.227459975494815,13.255385398864746,115300,0.0026622088714127
2022-11-11,HOOK,12.600000381469728,13.0,12.399999618530272,12.5,36990,0.0038293828264758
2022-11-11,HOPE,12.294560432434082,12.427906736485856,12.241222249931424,12.294560432434082,517500,0.0040683002759368
2022-11-11,HOTH,4.050000190734863,4.249000072479248,4.039999961853027,4.159999847412109,10100,0.0007681951976391
2022-11-11,HQY,65.87999725341797,66.04499816894531,62.88999938964844,64.1500015258789,1641400,0.0189765123172756
2022-11-11,HROW,11.359999656677246,11.640000343322754,11.199999809265137,11.5600004196167,88400,0.0024793712942654
2022-11-11,HRTX,3.0199999809265137,3.5,3.0,3.440000057220459,4060900,0.0266585702094137
2022-11-11,HRZN,9.876007878259395,9.883495546368826,9.77867104909016,9.831083297729492,177100,0.0043929058663028
2022-11-11,HSDT,12.75,13.5,12.5,13.0,5440,0.0009587220798629
2022-11-11,HSIC,77.68000030517578,79.61000061035156,77.01000213623047,78.62999725341797,1004800,0.0082016455530886
2022-11-11,HSII,27.85723709171589,27.895606989069165,26.878780008734584,27.23370933532715,98100,0.0048065145175356
2022-11-11,HST,16.113583504964804,16.384619978011106,15.999921918848544,16.227243423461914,6341800,0.0091481504493357
2022-11-11,HSTM,26.173339001736768,26.38145816801454,24.46875265674317,24.795795440673828,680900,0.0223060870818632
2022-11-11,HTBK,12.587576823950831,12.67560133184849,12.358711592367452,12.402724266052246,179700,0.0029166822212231
2022-11-11,HTHT,33.19630316026529,34.99443695163436,32.74446304172577,34.8007926940918,2805100,0.0089524273036477
2022-11-11,HTLD,15.536500619163474,15.575883346832194,15.004833326156612,15.250975608825684,419000,0.0053341956313065
2022-11-11,HUBG,41.03229047618097,41.71246402763536,40.71684734271991,41.431522369384766,368200,0.0060667573989065
2022-11-11,HURA,155.75,155.75,131.25,147.0,4480,0.0001025631633409
2022-11-11,HURC,23.36809822235731,23.77066603917777,22.96553040553685,23.67481803894043,6200,0.0009562013513284
2022-11-11,HURN,75.94999694824219,76.0,69.6500015258789,69.9000015258789,137900,0.0076947972234002
2022-11-11,HUT,8.3100004196167,8.350000381469727,7.400000095367432,8.0,4319380,0.0415900862733015
2022-11-11,HWC,52.638107220945045,52.97314168821427,51.13974472632367,51.25142288208008,462500,0.0053699833789435
2022-11-11,HWKN,42.39835401563857,42.4569166203034,40.924563835543545,41.00264358520508,43600,0.0020832337904343
2022-11-11,IAC,39.13453674316406,41.55865478515625,38.15422439575195,41.43560409545898,2438488,0.0327984763462438
2022-11-11,IART,52.630001068115234,53.84000015258789,52.290000915527344,53.459999084472656,567600,0.0073475819465096
2022-11-11,IBCP,22.33748568285907,22.41072327213578,21.760739885570207,22.007917404174805,103700,0.0049444995422642
2022-11-11,IBIO,33.0,35.0,32.0,35.0,4810,0.0004871043922435
2022-11-11,IBKR,77.58685670771547,77.96176505816169,72.01251970124235,72.56502532958984,2056300,0.0188682534730505
2022-11-11,IBOC,49.81445560026478,49.9648387190376,47.474114504857816,47.74668502807617,383500,0.0061640290730007
2022-11-11,IBRX,5.230000019073486,5.980000019073486,5.21999979019165,5.840000152587891,2122300,0.0024049624300515
2022-11-11,ICAD,1.9600000381469729,1.9600000381469729,1.7999999523162842,1.919999957084656,362500,0.013246509316407
2022-11-11,ICCC,7.110000133514404,7.610000133514404,7.110000133514404,7.510000228881836,6700,0.000745884830929
2022-11-11,ICFI,108.11379768479996,108.11379768479996,102.2601896203378,102.53704833984376,69100,0.0037480812102342
2022-11-11,ICHR,28.13999938964844,29.71299934387207,27.8799991607666,29.38999938964844,273500,0.0080174713452349
2022-11-11,ICLR,219.32000732421875,224.7899932861328,217.3000030517578,221.4600067138672,872500,0.0107954882901431
2022-11-11,ICMB,2.5574077917342404,2.652792197133768,2.4882885642429757,2.6472625732421875,20700,0.0014361037879839
2022-11-11,ICUI,157.1999969482422,165.74000549316406,157.0399932861328,165.55999755859375,215600,0.008760595200364
2022-11-11,IDCC,48.761324730912136,49.08819494877267,48.07874032450282,48.33831405639648,174400,0.0067902195919638
2022-11-11,IDN,2.049999952316284,2.109999895095825,2.0299999713897705,2.0799999237060547,44300,0.0022355672184093
2022-11-11,IDXX,416.7000122070313,442.2000122070313,416.7000122070313,441.2699890136719,872900,0.0107713570009501
2022-11-11,IDYA,17.139999389648438,17.549999237060547,16.96500015258789,17.260000228881836,869100,0.0099283277776127
2022-11-11,IEP,33.086719285700944,33.26989177158235,32.909656120689114,33.14777755737305,671400,0.0012843959474763
2022-11-11,IESC,35.0,35.470001220703125,34.369998931884766,34.380001068115234,12700,0.0006347905191286
2022-11-11,IFRX,2.690000057220459,2.7699999809265137,2.6549999713897705,2.680000066757202,173500,0.0025844105732571
2022-11-11,IGMS,21.809999465942383,26.25,21.790000915527344,25.3799991607666,770300,0.0223999953472682
2022-11-11,IHRT,7.550000190734863,8.149999618530273,7.460000038146973,7.929999828338623,1345800,0.0106491738937773
2022-11-11,III,5.102243831212981,5.102243831212981,4.931570125371206,5.039364337921143,170800,0.0035395222473893
2022-11-11,IIIV,20.440000534057617,21.270000457763672,20.420000076293945,20.959999084472656,127400,0.0054378678777376
2022-11-11,ILMN,230.99221801757807,242.0914459228516,230.12646484375,236.1284027099609,1348428,0.0085201716878779
2022-11-11,ILPT,4.3701172841909335,4.3701172841909335,4.019729577699749,4.0294623374938965,1155900,0.0174754287217492
2022-11-11,IMAB,3.9800000190734863,4.309999942779541,3.869999885559082,4.230000019073486,766600,0.0094060075554313
2022-11-11,IMKTA,94.6403442489345,94.6403442489345,90.10105182337992,90.2771453857422,79500,0.0054654951944891
2022-11-11,IMMR,4.9258684153169305,5.221051251385161,4.9258684153169305,5.082684516906738,184500,0.0056950772308034
2022-11-11,IMNN,1.5099999904632568,1.5499999523162842,1.5,1.5299999713897705,13800,0.0009438672566976
2022-11-11,IMOS,19.41247521900165,19.41247521900165,18.99675263900204,19.24076461791992,28000,0.0007807707322514
2022-11-11,IMUX,1.5,1.5499999523162842,1.4500000476837158,1.4600000381469729,1697000,0.0177107514718813
2022-11-11,IMVT,12.550000190734863,12.720000267028809,11.949999809265137,12.149999618530272,978300,0.0057594153223831
2022-11-11,IMXI,20.450000762939453,21.420000076293945,20.3799991607666,20.530000686645508,710600,0.0231826753055245
2022-11-11,INBK,23.907113394823952,25.9139853992337,23.907113394823952,25.75811195373535,36100,0.0041508184356128
2022-11-11,INCY,77.47000122070312,77.7699966430664,75.45999908447266,77.52999877929688,1211800,0.0062617556478782
2022-11-11,INDB,80.35359584454359,81.19770371405451,78.48385436090655,78.61092376708984,108200,0.0025392921429795
2022-11-11,INDP,1.9800000190734863,1.9800000190734863,1.7400000095367432,1.9049999713897705,13700,0.0009494635877248
2022-11-11,INGN,21.350000381469727,22.8799991607666,21.020000457763672,22.5,152900,0.0056867208188282
2022-11-11,INM,57.0,64.80000305175781,53.20000076293945,60.0,8065,0.0066808041816118
2022-11-11,INMB,7.139999866485596,7.659999847412109,7.0,7.5,52200,0.0022764638927532
2022-11-11,INMD,34.880001068115234,39.0,34.70500183105469,37.52000045776367,3026000,0.0445860248007921
2022-11-11,INO,28.31999969482422,29.040000915527344,26.63999938964844,28.200000762939453,620700,0.0169250276084911
2022-11-11,INOD,3.0299999713897705,3.5,3.0299999713897705,3.380000114440918,73400,0.0023450704000357
2022-11-11,INSE,11.449999809265137,11.949999809265137,11.329999923706056,11.829999923706056,362600,0.0134771490589039
2022-11-11,INSG,14.300000190734863,15.5,13.600000381469728,15.100000381469728,80340,0.0053537514244017
2022-11-11,INSM,19.31999969482422,19.3799991607666,18.8700008392334,19.06999969482422,1176200,0.0064690353096469
2022-11-11,INTC,27.89655701103716,29.53582816532065,27.838700858094292,29.342973709106445,49826500,0.0114265505381319
2022-11-11,INTU,395.62364645701,405.14394155743776,392.0633729183782,401.3082885742188,1720200,0.0061531971385637
2022-11-11,INTZ,68.19999694824219,72.80000305175781,68.19999694824219,69.80000305175781,945,4.7499132952334994e-05
2022-11-11,INVA,13.630000114440918,13.710000038146973,13.15999984741211,13.619999885559082,686100,0.0109301717985318
2022-11-11,INVE,9.779999732971191,10.350000381469728,9.779999732971191,10.18000030517578,90800,0.0038604293239571
2022-11-11,IONS,45.220001220703125,45.75,42.5099983215332,43.25,1126700,0.0070877240694605
2022-11-11,IOSP,105.16279711304908,108.02938331805348,103.51645361742438,104.82384490966795,77600,0.0030892334640418
2022-11-11,IOVA,8.600000381469727,9.31999969482422,8.600000381469727,8.880000114440918,4380500,0.0133601933251845
2022-11-11,IPAR,79.12027351206012,83.83679996326521,78.89297286068766,82.40669250488281,116700,0.0036328092168136
2022-11-11,IPGP,90.20999908447266,94.7300033569336,89.56999969482422,94.62999725341795,297000,0.0069507177727747
2022-11-11,IPWR,12.0600004196167,12.380000114440918,11.628999710083008,11.949999809265137,20300,0.0024345490087907
2022-11-11,IQ,2.380000114440918,2.8299999237060547,2.3399999141693115,2.75,22922400,0.0433712508230592
2022-11-11,IRBT,53.45000076293945,53.86000061035156,53.25,53.400001525878906,464000,0.0149586702257985
2022-11-11,IRD,2.430000066757202,2.8299999237060547,2.430000066757202,2.700000047683716,754200,0.0159842996960821
2022-11-11,IRDM,51.068463581734754,51.34847684254368,47.57313770250894,47.90142822265625,630000,0.0057940091784462
2022-11-11,IRMD,28.067947387695312,29.154389101556152,27.293268525309177,28.067947387695312,23800,0.0018717902336591
2022-11-11,IRTC,98.26000213623048,111.9499969482422,97.16999816894533,110.13999938964844,949500,0.0302296113290204
2022-11-11,IRWD,11.539999961853027,11.609999656677246,11.229999542236328,11.5,2227200,0.0137643771985181
2022-11-11,ISRG,255.7400054931641,267.6700134277344,255.7400054931641,265.0799865722656,3188300,0.0088990298759549
2022-11-11,ISSC,8.760000228881836,8.899999618530273,8.760000228881836,8.800000190734863,4200,0.0002393803468735
2022-11-11,ISTR,20.734058273596094,20.7715850497114,20.54641902463811,20.72467613220215,5200,0.0005294975984229
2022-11-11,ITCI,50.900001525878906,53.66999816894531,50.56999969482422,52.880001068115234,971000,0.0091154878804378
2022-11-11,ITIC,137.90656127929688,145.86270904541016,137.90656127929688,141.442626953125,5000,0.002651141581565
2022-11-11,ITRI,54.0,55.27000045776367,53.77999877929688,55.16999816894531,341900,0.0075027430326969
2022-11-11,ITRM,1.399999976158142,1.5099999904632568,1.399999976158142,1.4950000047683716,58100,0.0016800939233229
2022-11-11,ITRN,21.367637579620677,21.395044326782227,21.06617033058029,21.395044326782227,10400,0.0005227811959625
2022-11-11,IVAC,5.118437325003251,5.215931276311461,5.089188907166872,5.137936115264893,209846,0.0077196093218312
2022-11-11,IZEA,2.684000015258789,2.799999952316284,2.640000104904175,2.6760001182556152,97175,0.0057450707972449
2022-11-11,JACK,81.67513591430719,81.71229274452541,77.27130726271538,78.9808120727539,420400,0.0222925714406918
2022-11-11,JAKK,18.636346586974067,19.121822707195665,18.031979358397024,18.04188537597656,80200,0.0071952773142416
2022-11-11,JAZZ,149.0,149.8000030517578,141.75999450683594,149.14999389648438,771700,0.0127065409788828
2022-11-11,JBHT,181.15922892579275,185.2818320071797,179.78830019720937,181.5509185791016,991100,0.0099102071834253
2022-11-11,JBLU,8.09000015258789,8.229999542236328,8.010000228881836,8.109999656677246,8831300,0.0250177767205821
2022-11-11,JBSS,78.9990331285348,78.9990331285348,75.10334561899921,75.75262451171875,51900,0.0057407440181226
2022-11-11,JD,46.021889714806655,47.02661072500567,45.147406439638615,45.519527435302734,12951800,0.0089230449290131
2022-11-11,JFIN,1.9616812598647064,1.973172229195724,1.8549788426741256,1.8796024322509768,25500,0.0009795447997695
2022-11-11,JG,18.600000381469727,18.600000381469727,17.600000381469727,18.600000381469727,620,0.0001311303435615
2022-11-11,JJSF,137.8952439671781,137.8952439671781,127.78604996617942,134.1186065673828,138400,0.0071009681739121
2022-11-11,JKHY,169.7422837499647,172.24077419914445,167.19537002226517,168.9772491455078,713200,0.0097835739554786
2022-11-11,JOUT,52.57240372325828,54.855750018503976,52.44298391366021,54.64313125610352,28100,0.003079195595764
2022-11-11,JRVR,23.36109464247424,23.414078862456776,22.34958406303106,22.49408531188965,123800,0.0027122773270704
2022-11-11,JSM,15.814532290313512,15.974360466003418,15.486465365255375,15.974360466003418,6300,2.2983976884686103e-05
2022-11-11,JVA,2.0299999713897705,2.0899999141693115,2.0,2.0799999237060547,22300,0.0039063868549206
2022-11-11,JXG,7.199999809265137,7.699999809265137,6.699999809265137,7.599999904632568,9550,0.0063003034701147
2022-11-11,JYNT,16.09000015258789,16.885000228881836,15.21500015258789,16.139999389648438,120400,0.0078577255669766
2022-11-11,KALA,6.659999847412109,7.71999979019165,6.53000020980835,6.989999771118164,454100,0.0703769140164899
2022-11-11,KALU,84.56563288029692,86.49565091399987,84.36534713817782,84.7750244140625,162300,0.0100804322847116
2022-11-11,KALV,5.570000171661377,5.849999904632568,5.46999979019165,5.5,372700,0.0074966408934016
2022-11-11,KDP,35.65684083611611,35.72245513466638,34.57888551585698,35.000694274902344,7058600,0.0052025798781822
2022-11-11,KE,23.239999771118164,23.729999542236328,23.040000915527344,23.309999465942383,51400,0.0020932856031635
2022-11-11,KELYA,17.6793286613197,17.97670155076506,16.89272834298395,17.04621124267578,339400,0.0107431581213084
2022-11-11,KHC,33.64659296930371,33.69118093640052,32.1261218596863,32.9866828918457,8622500,0.0072251546317999
2022-11-11,KIDS,42.130001068115234,44.22499847412109,40.4900016784668,43.540000915527344,87200,0.0035116827887271
2022-11-11,KIRK,4.059999942779541,4.340000152587891,3.920000076293945,4.21999979019165,253000,0.0113135830072666
2022-11-11,KLAC,360.80639460589134,372.8907297288854,356.541331654632,370.23236083984375,1665300,0.012531699865299
2022-11-11,KLIC,44.78249735614647,46.09226560856424,44.54173124132848,45.167724609375,611600,0.0114567879033104
2022-11-11,KLXE,16.8799991607666,18.6299991607666,16.790000915527344,17.420000076293945,648700,0.0372811806760841
2022-11-11,KMDA,4.30660160119007,4.539916610711872,4.267715843528903,4.374651908874512,19400,0.0003373619685244
2022-11-11,KNDI,3.240000009536743,3.289999961853028,3.2100000381469727,3.220000028610229,148400,0.0017241379310344
2022-11-11,KNSA,14.949999809265137,15.40999984741211,14.579999923706056,15.390000343322754,388000,0.009236006141468
2022-11-11,KOD,7.190000057220459,7.690000057220459,7.130000114440918,7.559999942779541,388700,0.0073689578621491
2022-11-11,KOPN,1.0800000429153442,1.2400000095367432,1.0800000429153442,1.2100000381469729,804100,0.0052456128905995
2022-11-11,KPRX,54.540000915527344,60.75,53.63999938964844,55.43999862670898,42022,0.0140036457066305
2022-11-11,KPTI,85.3499984741211,87.9000015258789,81.07499694824219,84.9000015258789,151820,0.0180394486692015
2022-11-11,KRMD,2.799999952316284,2.990000009536743,2.720000028610229,2.970000028610229,89800,0.0019462083613272
2022-11-11,KRNT,28.32999992370605,29.61000061035156,27.549999237060547,28.82999992370605,490500,0.0108212453808394
2022-11-11,KRNY,8.39630482480198,8.474775095458929,8.204488700029385,8.230645179748535,212600,0.0032920561724504
2022-11-11,KRRO,112.0,118.5,107.5,118.0,1210,0.0001288755871294
2022-11-11,KRUS,64.5,72.5,63.65999984741211,65.81999969482422,301400,0.0271889151496563
2022-11-11,KRYS,76.9000015258789,77.75,74.51000213623047,76.63999938964844,197400,0.0068308280043185
2022-11-11,KTCC,4.96999979019165,5.059999942779541,4.909999847412109,5.050000190734863,4000,0.00037168158039
2022-11-11,KTOS,10.93000030517578,11.09000015258789,10.84000015258789,10.970000267028809,675200,0.0044048380152133
2022-11-11,KURA,15.15999984741211,15.5600004196167,14.739999771118164,15.149999618530272,1144800,0.014176211999257
2022-11-11,KVHI,10.489999771118164,10.75,10.300000190734863,10.68000030517578,45400,0.0022971058490184
2022-11-11,KXIN,432.0,432.0,384.2999877929688,414.8999938964844,154,1.7394604509946552e-05
2022-11-11,KZR,72.5999984741211,80.9000015258789,72.5999984741211,76.19999694824219,86030,0.0117755755700949
2022-11-11,LAB,1.0800000429153442,1.3600000143051147,1.059999942779541,1.340000033378601,647000,0.0017071871449472
2022-11-11,LAKE,12.660660157437816,13.142689732769076,11.903185244511857,12.808220863342283,41200,0.0043374813130356
2022-11-11,LAMR,84.48984290654863,85.44915144151834,83.9617827313126,84.41063690185547,624500,0.0070879082215195
2022-11-11,LANC,199.1237108218063,199.62890625860905,190.4209943698326,194.8915100097656,171000,0.0062019440011605
2022-11-11,LAND,19.874865219260972,19.960328830836925,19.00204317945875,19.33844375610352,246700,0.0068177986828687
2022-11-11,LASR,10.600000381469728,11.65999984741211,10.454999923706056,11.56999969482422,241600,0.0049274948501968
2022-11-11,LAUR,11.670614012715737,11.72279906900596,11.381220453344222,11.44289493560791,1542300,0.0103403892829719
2022-11-11,LBRDA,86.8499984741211,91.0500030517578,86.0999984741211,90.83999633789062,202300,0.0110834739541101
2022-11-11,LBRDK,86.6500015258789,91.47000122070312,85.58000183105469,90.87999725341795,1626100,0.0132178535720962
2022-11-11,LBTYA,19.36000061035156,20.670000076293945,19.350000381469727,20.5,3504400,0.0201712983215527
2022-11-11,LBTYK,20.06999969482422,21.299999237060547,20.06999969482422,21.13999938964844,2681000,0.0167075891466104
2022-11-11,LCNB,15.169081297949973,15.238744061509792,14.846889978428738,15.11683464050293,19800,0.0013985026133634
2022-11-11,LCUT,6.776203846077033,6.87044859336296,6.587713902110775,6.700808048248291,63200,0.0028516123792463
2022-11-11,LE,10.510000228881836,11.279999732971191,10.359999656677246,10.979999542236328,123000,0.0039880682186628
2022-11-11,LECO,140.4566469167047,141.4110247815741,139.25163104626338,140.2060089111328,252200,0.0045011681263039
2022-11-11,LEDS,2.4100000858306885,2.4200000762939453,2.390000104904175,2.400000095367432,9400,0.0013034302401362
2022-11-11,LEE,18.049999237060547,18.270000457763672,17.989999771118164,18.06999969482422,5800,0.0009368528850223
2022-11-11,LEGH,17.360000610351562,17.5,17.1200008392334,17.299999237060547,35900,0.0014878115493961
2022-11-11,LFCR,9.119999885559082,9.119999885559082,8.9399995803833,9.079999923706056,57300,0.0015475904314077
2022-11-11,LFMD,2.259999990463257,2.680000066757202,2.25,2.4800000190734863,224000,0.0050242577444222
2022-11-11,LFUS,226.22799933112543,231.91951124182853,223.67460384964428,229.1419677734375,105200,0.0042568516292978
2022-11-11,LFVN,3.3562834158013866,3.490893798466251,3.275517314576851,3.454997539520264,44000,0.0035056129643941
2022-11-11,LFWD,6.474999904632568,6.579999923706055,6.019999980926514,6.166999816894531,130400,0.0122668221969276
2022-11-11,LGIH,95.4499969482422,95.4499969482422,92.16000366210938,94.5199966430664,238300,0.0101850229301922
2022-11-11,LGMK,370.0,370.0,360.0,360.0,71,1.17184534282253e-06
2022-11-11,LGND,81.2699966430664,82.30999755859375,79.0,81.41999816894531,153500,0.0079717897317116
2022-11-11,LGO,4.920000076293945,5.199999809265137,4.829999923706055,4.980000019073486,154400,0.0024082742313097
2022-11-11,LGTY,15.515402229374905,15.8530911614874,15.396755801799904,15.661429405212402,115900,0.0034402818715845
2022-11-11,LILA,7.550000190734863,8.130000114440918,7.53000020980835,8.0,297900,0.0076466375586203
2022-11-11,LILAK,7.579999923706055,8.140000343322754,7.519999980926514,8.029999732971191,1625100,0.0103685891480971
2022-11-11,LIN,322.45994811920224,323.5149054935176,318.8982227532262,319.6047668457031,2133700,0.0045118330683086
2022-11-11,LINC,6.760000228881836,6.760000228881836,6.519999980926514,6.579999923706055,77400,0.0024499252994353
2022-11-11,LIND,10.359999656677246,10.729999542236328,10.010000228881836,10.260000228881836,310500,0.0056882300353201
2022-11-11,LITE,55.310001373291016,58.13999938964844,55.310001373291016,57.72999954223633,2000600,0.0289104046242774
2022-11-11,LIVN,50.869998931884766,52.209999084472656,49.22999954223633,52.11000061035156,392600,0.0072233118314388
2022-11-11,LKCO,37.70399856567383,38.39999771118164,36.47999954223633,36.71999740600586,4616,0.0006710921530485
2022-11-11,LKFN,74.85871042115414,74.85871042115414,71.8352492124988,71.86324310302734,88300,0.0033940260528976
2022-11-11,LKQ,51.33528033250016,51.48568569650415,50.69605663899653,51.03446960449219,1242600,0.0048059780333155
2022-11-11,LMAT,44.080457844048375,45.65336488557187,44.080457844048375,44.83271789550781,109200,0.0048407259315737
2022-11-11,LMFA,4.800000190734863,5.099999904632568,4.679999828338623,5.081999778747559,9917,0.0019318542645142
2022-11-11,LMNR,13.090776584159908,13.320944786071776,12.937331725954328,13.320944786071776,118200,0.0065502183406113
2022-11-11,LNT,50.9439161038113,51.19336987277317,49.74284514260516,49.82599639892578,2150800,0.0083730094910094
2022-11-11,LNTH,59.72999954223633,60.68000030517578,55.8650016784668,56.470001220703125,1336200,0.0194749272772809
2022-11-11,LNW,57.11000061035156,60.630001068115234,57.11000061035156,58.95000076293945,916000,0.0108445611637038
2022-11-11,LOAN,4.578318581401618,4.578318581401618,4.385547450101512,4.417675971984863,12200,0.0010665547658387
2022-11-11,LOCO,11.050000190734863,11.079999923706056,10.729999542236328,10.989999771118164,205000,0.0068844619373211
2022-11-11,LOGI,59.1938743352492,61.3041386180844,59.04867120767096,60.54908752441406,1365100,0.0091494638069705
2022-11-11,LOOP,2.799999952316284,3.150000095367432,2.7939999103546143,3.0799999237060547,37600,0.0007895792340661
2022-11-11,LOPE,109.37999725341795,109.97000122070312,106.9800033569336,108.36000061035156,259400,0.0090305241463822
2022-11-11,LOVE,26.209999084472656,27.299999237060547,26.030000686645508,26.56999969482422,263100,0.0177848379355798
2022-11-11,LPCN,6.545000076293945,6.953000068664551,6.460000038146973,6.477000236511231,11006,0.0020570578428367
2022-11-11,LPLA,242.939131470529,244.23446162621644,225.1999944751854,225.57574462890625,2214600,0.0276916049997239
2022-11-11,LPRO,7.130000114440918,7.570000171661377,6.960000038146973,7.539999961853027,1200200,0.0100197857792842
2022-11-11,LPSN,13.010000228881836,14.5,13.0,14.0600004196167,1579800,0.0173007424929364
2022-11-11,LPTH,1.0199999809265137,1.090000033378601,0.9900000095367432,1.0399999618530271,60800,0.0014430391163284
2022-11-11,LPTX,6.349999904632568,6.599999904632568,6.0,6.260000228881836,61060,0.0014799697510276
2022-11-11,LQDA,4.929999828338623,5.03000020980835,4.820000171661377,4.920000076293945,379600,0.0044502543163246
2022-11-11,LQDT,17.860000610351562,18.09000015258789,17.75,17.989999771118164,151400,0.0048776873189794
2022-11-11,LRCX,47.44348684225464,49.66618846026514,47.26531683611977,49.29901885986328,26080000,0.0203169058394427
2022-11-11,LRMR,3.0299999713897705,3.130000114440918,3.0,3.0799999237060547,31100,0.0004857257539291
2022-11-11,LSAK,4.0,4.090000152587891,3.9600000381469727,3.9800000190734863,100400,0.0012688847716133
2022-11-11,LSCC,62.79999923706055,65.29000091552734,61.91999816894531,64.66999816894531,3231700,0.0234838025200924
2022-11-11,LSTR,158.55252907841617,161.29880834423506,157.89684056685945,159.8638916015625,405200,0.0114735205756014
2022-11-11,LTBR,5.170000076293945,5.340000152587891,5.059999942779541,5.210000038146973,28900,0.0013837351272413
2022-11-11,LTRX,5.329999923706055,5.869999885559082,5.320000171661377,5.619999885559082,367400,0.0094715865294137
2022-11-11,LULU,353.42999267578125,370.4599914550781,353.0,359.70001220703125,2337900,0.0202378788272262
2022-11-11,LVO,0.7099999785423279,0.7900000214576721,0.7099999785423279,0.7599999904632568,219600,0.0022853003983665
2022-11-11,LWAY,6.690000057220459,7.079999923706055,6.570000171661377,6.909999847412109,21300,0.0014010208377183
2022-11-11,LWLG,8.15999984741211,8.649999618530273,8.039999961853027,8.510000228881836,608000,0.004879418963926
2022-11-11,LX,1.251270645934785,1.3606474546612817,1.2425205095814535,1.3300219774246216,839400,0.0065200167777415
2022-11-11,LYFT,11.1899995803833,12.789999961853027,11.140000343322754,12.699999809265137,26140500,0.0638385920088076
2022-11-11,LYTS,10.099767066231273,10.41993252349915,9.624369984258175,9.750495910644531,136800,0.0045719785838897
2022-11-11,MANH,121.75,125.54000091552734,121.1500015258789,124.04000091552734,340400,0.0056065592131052
2022-11-11,MAR,156.03017323542417,160.79884480972396,155.86439296198515,159.7163848876953,2634300,0.0095662976273286
2022-11-11,MARA,9.449999809265137,9.949999809265137,8.890000343322754,9.770000457763672,21901900,0.0633337878319177
2022-11-11,MASI,121.37999725341795,130.82000732421875,121.11000061035156,130.0,1012200,0.0187322338031505
2022-11-11,MAT,17.440000534057617,17.450000762939453,16.979999542236328,17.15999984741211,9681900,0.0299829992594413
2022-11-11,MATW,25.339491236464763,25.75717587776787,25.311646773961414,25.469438552856445,87800,0.002835120621789
2022-11-11,MBIN,24.306593657587957,24.72584125336021,23.83859711983643,23.877595901489254,43200,0.0009415518605457
2022-11-11,MBIO,337.5,360.0,336.75,354.75,297,0.0001554867993277
2022-11-11,MBOT,3.5999999046325684,3.640000104904175,3.539999961853028,3.5999999046325684,11500,0.0003309876383312
2022-11-11,MBUU,58.04999923706055,60.619998931884766,57.63999938964844,60.02000045776367,123200,0.0062744139381623
2022-11-11,MBWM,32.670099668829984,33.097934357767635,31.81443376341335,31.932771682739254,23000,0.0014166574275964
2022-11-11,MCBS,22.21051992330871,22.57219378292999,21.533538243828332,21.63554954528809,61900,0.0024367392570897
2022-11-11,MCFT,25.21999931335449,26.18400001525879,25.15999984741211,25.75,108500,0.0064766452768243
2022-11-11,MCHP,70.33568757361195,72.27813444191335,69.21759341965475,71.85174560546875,4963700,0.0092293130703182
2022-11-11,MCHX,1.8200000524520876,1.8600000143051147,1.75,1.7999999523162842,17600,0.0004506661408895
2022-11-11,MCRB,7.5,7.659999847412109,7.15500020980835,7.170000076293945,780800,0.0044781167830457
2022-11-11,MCRI,73.57944948545804,74.15895725709721,71.98579965931154,72.2483901977539,65700,0.0035587959677812
2022-11-11,MDB,163.4499969482422,180.75999450683597,161.58999633789062,175.94000244140625,2806300,0.0345655824498332
2022-11-11,MDGL,69.05999755859375,73.77999877929688,69.05999755859375,73.30999755859375,198800,0.0090035416345866
2022-11-11,MDLZ,61.12353591048112,61.25508483160589,60.09932540300566,60.88862609863281,6384600,0.0049281381954246
2022-11-11,MDWD,9.65999984741211,10.010000228881836,9.3100004196167,9.765000343322754,12343,0.0011420561266504
2022-11-11,MDXG,3.200000047683716,3.4600000381469727,3.1700000762939453,3.25,813900,0.0055229835918732
2022-11-11,MEDP,216.63999938964844,224.77999877929688,216.63999938964844,221.1100006103516,259300,0.00857802596234
2022-11-11,MEIP,4.971428749691537,5.2821431159973145,4.816071381338498,5.2821431159973145,41630,0.0062480676466262
2022-11-11,MELI,943.3300170898438,989.02001953125,932.8599853515624,974.8900146484376,838900,0.0165471996591541
2022-11-11,MEOH,38.24601804673647,39.15892626332665,37.78475996867848,38.630401611328125,439400,0.0065197521485209
2022-11-11,MERC,12.816971770944154,12.944684810140886,12.66189090622255,12.69838047027588,308200,0.004608887586211
2022-11-11,MESA,1.3700000047683716,1.5399999618530271,1.3700000047683716,1.5199999809265137,230700,0.0055841716448979
2022-11-11,META,108.7176152481457,114.36101596630525,108.29957965918128,112.48983001708984,59961700,0.027381021564367
2022-11-11,METC,10.319764498990654,10.538523720897397,9.872732522831235,10.19611644744873,546891,0.0123164494530811
2022-11-11,MFIC,9.148271913292778,9.163050661261206,9.03742813227565,9.066987037658691,134400,0.0014331367490555
2022-11-11,MFIN,6.064125751840814,6.23331580316577,5.939459554668563,6.135363578796387,50500,0.0021709132021614
2022-11-11,MGEE,66.61390162986635,66.87876689009849,64.75983759120429,65.39362335205078,89100,0.0024386639077741
2022-11-11,MGIC,14.544406114932922,14.768165990142917,14.507112802397923,14.740196228027344,28900,0.0005886030961744
2022-11-11,MGNI,9.34000015258789,11.760000228881836,9.140000343322754,11.600000381469728,8918300,0.0623871081762501
2022-11-11,MGNX,6.420000076293945,6.849999904632568,6.300000190734863,6.730000019073486,1109000,0.0175779794992257
2022-11-11,MGPI,114.0110018183346,114.0110018183346,111.63987592447438,111.7677764892578,129500,0.0060883015284222
2022-11-11,MGRC,95.6797195141827,96.34249674190406,93.3455989821682,94.1140365600586,98100,0.003995731369546
2022-11-11,MGTX,6.449999809265137,6.760000228881836,6.150000095367432,6.190000057220459,206700,0.0026212703393838
2022-11-11,MHLD,2.369999885559082,2.4100000858306885,2.200000047683716,2.299999952316284,281100,0.0028253868699417
2022-11-11,MIDD,138.13999938964844,144.97000122070312,136.7100067138672,141.38999938964844,1562500,0.0291260145173376
2022-11-11,MIRM,20.07999992370605,20.280000686645508,19.690000534057617,19.90999984741211,510000,0.0104051478959158
2022-11-11,MIST,4.53000020980835,4.730000019073486,4.510000228881836,4.619999885559082,201500,0.0037766615436518
2022-11-11,MITK,11.609999656677246,11.800000190734863,11.460000038146973,11.579999923706056,253600,0.0056052002820282
2022-11-11,MKSI,75.72703858813351,79.37594075878647,74.4259522269677,78.57376861572266,850200,0.0126054157919083
2022-11-11,MKTX,269.60613586265475,276.9062047830477,263.3962058150581,275.7479248046875,508200,0.0134825379644073
2022-11-11,MLAB,174.11245873772472,184.8358829339836,172.46346262666498,178.23988342285156,69700,0.0128275676760017
2022-11-11,MLCO,7.019999980926514,7.5,6.949999809265137,7.380000114440918,6068700,0.0142620792175483
2022-11-11,MLKN,21.37480752739381,22.266573059637093,20.67610393113039,22.073511123657227,663800,0.009798277699545
2022-11-11,MMLP,3.1005995326315343,3.248246984145709,3.1005995326315343,3.189188003540039,111500,0.0028549408399927
2022-11-11,MMSI,70.4000015258789,71.5999984741211,69.0,69.68000030517578,345700,0.0058526658664468
2022-11-11,MMYT,29.200000762939453,30.780000686645508,29.190000534057617,30.56999969482422,182800,0.0026071602776026
2022-11-11,MNDO,1.513402355402837,1.5276798934685782,1.47770893573761,1.47770893573761,21300,0.0010458453425511
2022-11-11,MNKD,4.269999980926514,4.5,4.199999809265137,4.380000114440918,6554200,0.02157008583013
2022-11-11,MNMD,2.569999933242798,2.9100000858306885,2.569999933242798,2.890000104904175,780300,0.0103531453500406
2022-11-11,MNOV,2.1700000762939453,2.220000028610229,2.119999885559082,2.200000047683716,19600,0.0003996232123997
2022-11-11,MNRO,42.5683126297581,43.571850544283855,41.71986548303809,42.65954208374024,203800,0.0068048107808503
2022-11-11,MNST,49.5,49.65499877929688,48.11000061035156,49.060001373291016,5388800,0.005537430299569
2022-11-11,MODV,90.55999755859376,92.36000061035156,87.61000061035156,90.38999938964844,52200,0.0036401673640167
2022-11-11,MOFG,32.158614956688,32.158614956688,31.341021700088472,31.413698196411133,24100,0.0011577799449454
2022-11-11,MOGO,1.919999957084656,2.1600000858306885,1.919999957084656,2.052000045776367,70133,0.0028883068318939
2022-11-11,MOMO,3.927570738696187,4.415565807438013,3.911828986498901,4.391952991485596,2233300,0.0180234200353479
2022-11-11,MORN,242.03216310872943,245.8722333311364,240.3779901077748,241.87461853027344,60900,0.0014237920562222
2022-11-11,MPAA,17.290000915527344,17.540000915527344,16.18000030517578,16.329999923706055,65700,0.0033548308031679
2022-11-11,MPB,31.22501365184561,31.327083526740665,30.97447078119548,31.113658905029297,79300,0.0040969208514155
2022-11-11,MPWR,379.3995942855825,394.756808307834,374.6237616028018,385.76409912109375,751600,0.0157021685538795
2022-11-11,MRAM,5.710000038146973,6.550000190734863,5.53000020980835,6.380000114440918,163600,0.0073192228023317
2022-11-11,MRCC,5.9615780243686,6.106982231140137,5.8961459579859214,6.106982231140137,43900,0.0020261881354915
2022-11-11,MRCY,50.91999816894531,51.29999923706055,50.47999954223633,50.970001220703125,222000,0.0037197643479018
2022-11-11,MREO,0.800000011920929,0.8500000238418579,0.7699999809265137,0.8109999895095825,281500,0.0017704402515723
2022-11-11,MRIN,6.900000095367432,7.320000171661377,6.900000095367432,7.199999809265137,15367,0.0048885778364535
2022-11-11,MRKR,4.199999809265137,4.199999809265137,3.5999999046325684,3.799999952316284,14050,0.0013119805770846
2022-11-11,MRNA,168.30999755859375,172.13499450683594,162.74000549316406,171.1999969482422,3611600,0.0093413995682326
2022-11-11,MRSN,6.860000133514404,7.210000038146973,6.795000076293945,6.940000057220459,967600,0.0077637184970031
2022-11-11,MRTN,19.465661089304653,19.610854607415853,19.02039887469646,19.097835540771484,226800,0.0027840349003079
2022-11-11,MRUS,18.950000762939453,19.229999542236328,18.295000076293945,18.549999237060547,181800,0.0026313315220663
2022-11-11,MRVL,41.79084469650553,43.35441589843654,41.47417271700543,42.89919662475586,12133800,0.0140102809953998
2022-11-11,MSBI,25.0193964797138,25.0193964797138,23.792800056095167,24.12426376342773,54700,0.0025448370513387
2022-11-11,MSEX,85.91764407062271,85.95572900528734,83.04230051104989,84.67991638183594,56200,0.0031406298024532
2022-11-11,MSFT,237.91774361175212,242.81337179055075,236.87985788801876,241.9517364501953,34620200,0.0046570209291757
2022-11-11,MSTR,16.25200080871582,17.809999465942383,15.529999732971191,17.51799964904785,16441000,0.0666877609993716
2022-11-11,MTC,1.159999966621399,1.2799999713897705,1.1200000047683716,1.2100000381469729,30200,0.001199036006813
2022-11-11,MTCH,48.4407658153178,51.736357576571095,48.07019692484225,50.83216857910156,4649500,0.0185661410959957
2022-11-11,MTLS,9.869999885559082,10.460000038146973,9.869999885559082,10.260000228881836,838900,0.0142024676978085
2022-11-11,MTRX,5.570000171661377,5.71999979019165,5.349999904632568,5.380000114440918,72300,0.0026189104897688
2022-11-11,MTSI,69.1500015258789,71.55999755859375,68.5,71.04000091552734,829100,0.0111528414120027
2022-11-11,MTVA,10.960000038146973,11.520000457763672,10.15999984741211,10.960000038146973,422963,0.048869942587237
2022-11-11,MU,59.76253889164192,62.25551740177469,59.003805484453984,61.60517501831055,17579400,0.0157300207100754
2022-11-11,MVBF,23.073357627309964,23.128711050839225,22.547495704647968,22.796586990356445,12300,0.0009497849470668
2022-11-11,MVIS,3.400000095367432,3.5899999141693115,3.369999885559082,3.509999990463257,2205600,0.0090022655538381
2022-11-11,MXL,35.540000915527344,36.9900016784668,35.09000015258789,36.40999984741211,646400,0.0074837508596356
2022-11-11,MYGN,20.549999237060547,22.170000076293945,20.06999969482422,20.989999771118164,731400,0.0079352163469362
2022-11-11,MYRG,95.93000030517578,97.0500030517578,94.4800033569336,95.97000122070312,73600,0.0045605229730148
2022-11-11,MYSZ,35.79999923706055,36.0,34.20000076293945,35.599998474121094,231,0.0001132264136146
2022-11-11,NAAS,102.0,106.5999984741211,101.8000030517578,104.5999984741211,5305,0.0007982581270351
2022-11-11,NATH,63.52230910278717,63.93418606767958,60.87320433625572,60.91064834594727,25200,0.0061621074407447
2022-11-11,NATR,8.579999923706055,8.649999618530273,8.100000381469727,8.170000076293945,45400,0.0024562447588389
2022-11-11,NAVI,14.432705969139874,14.762569495950627,14.432705969139874,14.45981788635254,1027400,0.0100453674371309
2022-11-11,NBIX,122.93000030517578,123.25,119.63999938964844,121.44000244140624,871000,0.0088034753007432
2022-11-11,NBN,43.77938070485939,45.257000605938856,43.77938070485939,44.22865676879883,13800,0.001624894322996
2022-11-11,NBTB,44.41460863605697,44.42383897345628,42.90981007862116,43.02059173583984,114300,0.0024187711880546
2022-11-11,NCMI,5.073251857164243,5.769580841064453,4.9737764235602935,5.769580841064453,110520,0.0011610194952947
2022-11-11,NCNA,25.0,26.0,24.5,25.0,588,9.70784023668639e-05
2022-11-11,NCTY,7.400000095367432,7.5,6.800000190734863,7.300000190734863,17540,0.0018873995099648
2022-11-11,NDAQ,64.13192618985423,64.48859219420152,63.56319625917428,64.0066146850586,1797200,0.0031247770996972
2022-11-11,NDLS,6.210000038146973,6.480000019073486,6.130000114440918,6.300000190734863,108800,0.0023701689834632
2022-11-11,NDSN,229.22142557633367,232.08524913023345,227.95941870991717,229.6388702392578,219800,0.0038621232540936
2022-11-11,NEGG,36.20000076293945,40.59999847412109,34.79999923706055,40.20000076293945,44570,0.0022978490853972
2022-11-11,NEO,10.149999618530272,11.390000343322754,10.100000381469728,11.25,1587000,0.0123351236232773
2022-11-11,NEOG,15.850000381469728,16.420000076293945,15.739999771118164,16.280000686645508,3926400,0.0180908412351754
2022-11-11,NEON,3.799999952316284,3.869999885559082,3.759999990463257,3.849999904632568,10500,0.0006256368088947
2022-11-11,NERV,3.3499999046325684,3.549999952316284,3.109999895095825,3.3399999141693115,207200,0.0296278925445526
2022-11-11,NEWT,13.28578229477144,14.051608144836935,13.173920857246376,13.888116836547852,133400,0.0050740375874358
2022-11-11,NEXT,6.639999866485596,6.730000019073486,6.309999942779541,6.610000133514404,541100,0.0020776218889426
2022-11-11,NFBK,14.211672363197208,14.238639242681977,13.86109950084862,13.897055625915527,84500,0.0019598111159558
2022-11-11,NFE,45.44597622052743,48.831019192433374,45.21190574420168,45.55400848388672,6622200,0.0241887409961573
2022-11-11,NFLX,274.4700012207031,290.6600036621094,271.5599975585937,290.1300048828125,9573800,0.0223813992034056
2022-11-11,NGNE,10.600000381469728,11.420000076293944,10.239999771118164,10.800000190734863,4050,0.0002712731754367
2022-11-11,NHTC,3.300058985625439,3.530468463897705,3.300058985625439,3.530468463897705,108800,0.0094501046633834
2022-11-11,NICE,200.1100006103516,201.88999938964844,193.02999877929688,199.0500030517578,459500,0.0072648451062295
2022-11-11,NIU,3.1600000858306885,3.2799999713897705,3.0899999141693115,3.220000028610229,1433800,0.0206815775580794
2022-11-11,NKTR,3.890000104904175,4.300000190734863,3.839999914169312,4.28000020980835,1556600,0.0083641404805914
2022-11-11,NMFC,9.70973584469954,9.763678584808684,9.632674157473865,9.686616897583008,315200,0.0029225505558594
2022-11-11,NMIH,22.63999938964844,22.76000022888184,21.770000457763672,21.81999969482422,412800,0.005276161016164
2022-11-11,NMRK,8.295858694312278,8.626138932545643,8.257002250191336,8.490140914916992,1165000,0.0073188969420907
2022-11-11,NNBR,1.940000057220459,2.0999999046325684,1.919999957084656,1.940000057220459,297300,0.0059615596707406
2022-11-11,NNDM,2.650000095367432,2.7300000190734863,2.619999885559082,2.7100000381469727,2213500,0.0100963336647843
2022-11-11,NODK,13.600000381469728,13.949999809265137,13.470000267028809,13.520000457763672,17000,0.0008213115862908
2022-11-11,NOTV,17.0,17.260000228881836,16.100000381469727,16.479999542236328,408300,0.0120551650019339
2022-11-11,NOVT,151.3300018310547,156.75,150.80999755859375,155.3000030517578,368100,0.0102362029554568
2022-11-11,NRC,37.66927251284553,38.05336593075251,36.74182908666873,36.84487915039063,38600,0.0016940672535922
2022-11-11,NRIM,46.455583671253216,47.39634560107954,46.455583671253216,47.30674743652344,19800,0.003586384779238
2022-11-11,NSIT,98.80999755859376,100.37000274658205,98.26000213623048,99.7699966430664,248000,0.0077717852856287
2022-11-11,NSPR,0.8199999928474426,0.8600000143051147,0.8100000023841858,0.8399999737739563,41600,0.0014011498859881
2022-11-11,NSSC,27.32760245112267,27.9429140670949,27.05413227769131,27.249467849731445,264900,0.007277192635448
2022-11-11,NTAP,68.28454506094093,69.80239897178562,67.53975902080258,69.29330444335938,1406100,0.0068132594935776
2022-11-11,NTCT,34.61000061035156,34.91999816894531,34.27000045776367,34.58000183105469,395300,0.0055090464870428
2022-11-11,NTES,61.75599827008533,62.645193199547215,61.10583780452388,61.91854476928711,1555200,0.0024130557637326
2022-11-11,NTGR,19.21999931335449,19.56999969482422,19.21999931335449,19.350000381469727,120900,0.0041878977030645
2022-11-11,NTLA,52.70000076293945,56.26499938964844,52.04499816894531,54.95000076293945,1433500,0.0138479670005892
2022-11-11,NTNX,27.6299991607666,28.61000061035156,27.450000762939453,28.43000030517578,2348100,0.0088055290967591
2022-11-11,NTRA,37.79999923706055,41.75,37.650001525878906,40.43999862670898,2285500,0.0169063364549583
2022-11-11,NTRS,83.18063743994175,87.10278875081967,82.83241209088696,86.1680679321289,1466900,0.0075236444207373
2022-11-11,NTRSO,18.3156366262445,18.70214384323505,18.3156366262445,18.62031555175781,17100,
2022-11-11,NURO,13.119999885559082,14.239999771118164,13.119999885559082,14.0,15563,0.0075559914356043
2022-11-11,NUWE,735.0,735.0,665.0,700.0,274,6.264303302019437e-05
2022-11-11,NVAX,21.700000762939453,25.170000076293945,21.399999618530277,25.040000915527344,5675300,0.0352844992663699
2022-11-11,NVCR,76.2699966430664,83.29000091552734,76.02300262451172,82.25,916000,0.0083337124141381
2022-11-11,NVDA,15.790020660509551,16.37139526908105,15.465369958229326,16.30946159362793,655487000,0.0268642224388919
2022-11-11,NVEC,58.90826996915061,60.357633263540336,58.78378511117436,58.881595611572266,30000,0.0062019734679575
2022-11-11,NVEE,37.255001068115234,38.11249923706055,36.47249984741211,36.89500045776367,233600,0.0035813005824212
2022-11-11,NVMI,87.69999694824219,90.6999969482422,86.26000213623047,89.88999938964844,161500,0.0055158987670343
2022-11-11,NVNO,5.602000236511231,6.119999885559082,5.599999904632568,6.090000152587891,38900,0.0022183064456343
2022-11-11,NWBI,13.067031484653702,13.136032246908396,12.730652974300565,12.808279037475586,561700,0.0044049719640826
2022-11-11,NWE,47.67560443213301,47.67560443213301,46.80667993666028,47.12587738037109,261300,0.004260404811828
2022-11-11,NWL,12.1754392054278,12.823834735818735,12.13941637268559,12.715768814086914,4154300,0.0099462262615041
2022-11-11,NWPX,34.70000076293945,35.150001525878906,33.81999969482422,33.880001068115234,50100,0.0050426257888538
2022-11-11,NWS,17.175824726451424,17.90983436205504,17.175824726451424,17.900049209594727,878100,0.0046456384644686
2022-11-11,NWSA,17.140058631114695,17.66804575595137,17.061838247252926,17.658267974853516,3456300,0.0091580416142598
2022-11-11,NXPI,159.53619513539437,163.82830091401885,156.68116509682568,162.81275939941406,2515200,0.0099171989590726
2022-11-11,NXST,149.4686974138546,155.425788356421,149.21169020579663,154.41610717773438,614300,0.0201349101254703
2022-11-11,NXTC,1.649999976158142,1.7999999523162842,1.649999976158142,1.7699999809265137,166400,0.0059414354422334
2022-11-11,NYMT,8.002246829062079,8.263189412491707,7.97325320868101,8.060234069824219,714725,0.0078916365049675
2022-11-11,NYMTM,15.620881634950695,16.479433864033638,15.620881634950695,16.240947723388672,16700,
2022-11-11,NYMTN,15.435453414916992,15.608268613864151,15.349047313702522,15.435453414916992,10700,7.577098320881021e-05
2022-11-11,OBLG,144.0,150.0,120.0,120.0,442,0.0003827071770583
2022-11-11,OCCI,5.692697224383455,5.692697224383455,5.47960138279669,5.595281600952148,27300,0.0011639358939923
2022-11-11,OCFC,21.39649486374051,21.558045852856058,20.920817141550625,21.0015926361084,320300,0.0054863833890878
2022-11-11,OCGN,1.690000057220459,1.830000042915344,1.6799999475479126,1.7699999809265137,5687500,0.0194768048393951
2022-11-11,OCSL,14.53993797302246,14.75825619782143,14.474442644385231,14.53993797302246,144500,0.0017569393877553
2022-11-11,OCUL,3.069999933242798,3.299999952316284,2.9679999351501465,3.2699999809265137,982700,0.0061796480990051
2022-11-11,OCX,13.199999809265137,13.199999809265137,9.020000457763672,9.399999618530272,82145,0.0028722730975932
2022-11-11,ODFL,153.27438758218807,157.5667236743978,152.11362657169968,155.15135192871094,2533200,0.0119184177249398
2022-11-11,ODP,44.470001220703125,45.119998931884766,44.02000045776367,45.060001373291016,495900,0.0166307267684609
2022-11-11,OESX,1.6299999952316284,1.659999966621399,1.600000023841858,1.659999966621399,28000,0.0008497182273663
2022-11-11,OFIX,17.40999984741211,18.059999465942383,17.40999984741211,17.899999618530273,239800,0.0061451726568005
2022-11-11,OFLX,86.75764858707502,88.0743179321289,82.5992684192288,88.0743179321289,13500,0.0013373884271321
2022-11-11,OFS,7.613393984939149,7.692550008618832,7.469473629945915,7.656570434570312,19900,0.0014852852270097
2022-11-11,OGI,3.839999914169312,4.079999923706055,3.759999990463257,3.940000057220459,308875,0.0023088451849692
2022-11-11,OKTA,49.53499984741211,54.81999969482422,49.04999923706055,54.34999847412109,6175400,0.0372418100583498
2022-11-11,OLED,104.81052217156044,109.3917038234542,104.23420696060354,108.0437240600586,347800,0.0073268715859369
2022-11-11,OLLI,55.5,58.0,54.75,57.70000076293945,973700,0.0158968833161907
2022-11-11,OMAB,59.9410212346736,60.05695886648017,58.93323682335232,59.71805953979492,92400,0.0021973631642029
2022-11-11,OMCL,50.34000015258789,53.18999862670898,50.0099983215332,52.61000061035156,979400,0.020907872153293
2022-11-11,OMER,2.630000114440918,2.9100000858306885,2.630000114440918,2.740000009536743,305500,0.0052614447186634
2022-11-11,OMEX,3.0,3.039999961853028,2.9609999656677246,2.9800000190734863,11200,0.0003840640838357
2022-11-11,ON,72.58999633789062,76.13999938964844,72.25,75.05000305175781,7264400,0.0172122197604964
2022-11-11,ONB,18.173003667535216,18.338883298367744,17.24223599498002,17.315961837768555,2544900,0.0079699478879591
2022-11-11,ONC,195.0,200.9600067138672,190.6499938964844,197.9499969482422,269100,0.0027217833699137
2022-11-11,ONCY,1.919999957084656,1.9900000095367432,1.6399999856948853,1.649999976158142,577500,0.0066823571884806
2022-11-11,ONEW,34.5099983215332,35.439998626708984,34.5099983215332,35.369998931884766,80200,0.0050036810122159
2022-11-11,ONVO,18.600000381469727,19.68000030517578,18.600000381469727,19.440000534057617,1775,0.0009861111111111
2022-11-11,OPBK,10.253113713756925,10.406820070911726,10.090365603294416,10.24407196044922,36800,0.0024674305867523
2022-11-11,OPCH,31.43000030517578,31.530000686645508,27.540000915527344,29.450000762939453,3760200,0.0228939869949587
2022-11-11,OPI,13.14559327171408,13.14559327171408,12.804257537162758,12.91248607635498,528800,0.0075732508654816
2022-11-11,OPK,1.6100000143051147,1.6699999570846558,1.5700000524520874,1.649999976158142,3700500,0.0046665269218085
2022-11-11,OPRA,3.915285520524432,4.1725528856400445,3.907246119023528,4.003721237182617,91600,0.0010234534411811
2022-11-11,OPRT,6.5,7.110000133514404,6.449999809265137,6.599999904632568,566400,0.0156748574069512
2022-11-11,OPRX,19.86000061035156,22.34000015258789,19.86000061035156,22.01000022888184,551700,0.0298371046597153
2022-11-11,OPTN,40.95000076293945,41.71500015258789,32.70000076293945,33.45000076293945,25327,0.0025016050492379
2022-11-11,ORGO,2.6600000858306885,2.970000028610229,2.634999990463257,2.880000114440918,1298400,0.0102374869902545
2022-11-11,ORKA,12.133272116387706,12.972275733947754,12.004194873489562,12.972275733947754,2058,5.496721464724029e-05
2022-11-11,ORLY,839.3400268554688,842.219970703125,808.8099975585938,815.5999755859375,652300,0.0113957774652562
2022-11-11,ORMP,6.800000190734863,7.559999942779541,6.559999942779541,7.550000190734863,525600,0.0128664275835057
2022-11-11,ORRF,24.84326855055766,25.01972590728075,24.47178077697754,24.47178077697754,7700,0.0003947624760322
2022-11-11,OSBC,16.720021737448434,16.807307382902106,16.26419813882879,16.33208656311035,166300,0.0036916833898666
2022-11-11,OSIS,87.93000030517578,89.44000244140625,87.62999725341797,88.05999755859375,57900,0.0034465721786026
2022-11-11,OSPN,14.033506816524657,14.808728605352966,13.556447545809547,13.665773391723633,1511900,0.0396036232377579
2022-11-11,OSS,3.3299999237060547,3.3299999237060547,3.0999999046325684,3.259999990463257,50000,0.0023448528135888
2022-11-11,OSUR,4.820000171661377,5.369999885559082,4.820000171661377,5.289999961853027,1280300,0.0165224730411261
2022-11-11,OSW,10.312754095726994,10.462358462992734,10.103307410858136,10.193070411682127,392100,0.0037461664134827
2022-11-11,OTEX,27.33901862600077,28.162933448550977,27.217302820187737,28.031856536865234,535500,0.002028409090909
2022-11-11,OTLK,20.399999618530277,22.700000762939453,20.399999618530277,22.0,22760,0.0006977271751859
2022-11-11,OTRK,38.70000076293945,43.20000076293945,36.900001525878906,40.5,3459,0.0008200860628045
2022-11-11,OTTR,53.54454968668996,53.54454968668996,51.23415894791408,51.69623565673828,250300,0.0059779701173143
2022-11-11,OVID,1.600000023841858,1.6100000143051147,1.5,1.600000023841858,76200,0.0010721069293
2022-11-11,OXLC,3.5582146870057945,3.577242403213258,3.4884456885515367,3.5074737071990967,1040300,0.0023372013765237
2022-11-11,OXSQ,2.1968382553974126,2.2174335940936043,2.1556475780050293,2.1693778038024902,137400,0.0019687774253274
2022-11-11,OZK,43.09614924788335,43.66659259576959,42.82932767023869,43.234161376953125,871300,0.0076696243090032
2022-11-11,PAA,10.61567276834773,10.649426862811431,10.354078737444317,10.396270751953123,6422200,0.0091253467012231
2022-11-11,PACB,9.859999656677246,10.859999656677246,9.720000267028809,10.300000190734863,6640200,0.0222936223359252
2022-11-11,PAGP,11.19829732890573,11.223805751658428,10.95171374656794,11.045245170593262,2357300,0.0119209685249615
2022-11-11,PAHC,12.849809988777842,13.48767876562124,12.4615422676439,12.942255020141602,236400,0.0116237904177484
2022-11-11,PALI,60.0,60.0,60.0,60.0,2628,0.0005977278154958
2022-11-11,PAMT,29.450000762939453,30.61000061035156,28.71999931335449,28.84000015258789,30000,0.001376734111341
2022-11-11,PANL,4.166616551779296,4.345551042312587,4.158096074576709,4.319989204406738,124700,0.001900092033327
2022-11-11,PANW,82.01499938964844,84.05999755859375,81.44999694824219,82.66000366210938,8047600,0.0121546600044541
2022-11-11,PARA,15.727123456213189,18.23023889851987,15.538210136991394,17.767398834228516,29935200,0.0475155871036558
2022-11-11,PARAA,18.767986080748557,21.388785630914555,18.48958722850659,20.956785202026367,135400,0.0033265606458539
2022-11-11,PASG,1.350000023841858,1.4800000190734863,1.350000023841858,1.4600000381469729,560600,0.0090203593662256
2022-11-11,PATK,35.2078354486222,36.3560589866422,34.84659745366465,35.769046783447266,250200,0.0074563703986267
2022-11-11,PAVM,16.350000381469727,16.350000381469727,15.600000381469728,16.049999237060547,42133,0.0025593007222387
2022-11-11,PAYS,2.430000066757202,2.5999999046325684,2.400000095367432,2.569999933242798,141600,0.0026345313380851
2022-11-11,PAYX,113.79039574679892,114.19271365332906,111.49811664652908,113.21966552734376,2098000,0.0058246873281189
2022-11-11,PBFS,10.850000381469728,11.0,10.850000381469728,11.0,11400,0.000453545412229
2022-11-11,PBPB,5.690000057220459,5.880000114440918,5.630000114440918,5.710000038146973,36600,0.0012130371666633
2022-11-11,PBYI,3.039999961853028,3.180000066757202,3.009999990463257,3.180000066757202,277100,0.005585477355737
2022-11-11,PCAR,60.25030830848912,60.98341085726713,60.02564752261173,60.67006301879883,3567900,0.0067968414101274
2022-11-11,PCB,17.198300535516218,17.307322070710324,16.48056820854645,17.089277267456055,18300,0.0012725388889275
2022-11-11,PCH,42.44084854888837,42.65349390721464,41.78518470418547,42.48514938354492,414100,0.0052587802454155
2022-11-11,PCRX,52.59000015258789,53.31999969482422,51.9900016784668,52.93000030517578,450500,0.0097350257799905
2022-11-11,PCTY,215.50999450683597,221.94500732421875,214.69000244140625,216.1100006103516,509200,0.0091112097224409
2022-11-11,PCYO,8.600000381469727,8.630000114440918,8.380000114440918,8.520000457763672,92100,0.0038253386109991
2022-11-11,PDCO,26.525784447939248,27.340823524204666,26.442428138626937,26.951828002929688,613000,0.00692860485251
2022-11-11,PDD,67.5,68.5999984741211,64.55000305175781,65.18000030517578,12816800,0.0092288856736633
2022-11-11,PDFS,26.739999771118164,31.1299991607666,26.59000015258789,29.790000915527344,509700,0.0130312063772888
2022-11-11,PDLB,9.739999771118164,9.789999961853027,9.720000267028809,9.770000457763672,65900,0.002907669364019
2022-11-11,PDSB,5.510000228881836,5.690000057220459,5.309999942779541,5.599999904632568,175300,0.0038615822133716
2022-11-11,PEBO,26.13165116416148,26.19361619052933,25.6093721013177,25.671337127685547,130700,0.003664122993423
2022-11-11,PEGA,36.31717297038834,38.79334169932907,35.83983928521315,37.828731536865234,1503100,0.017498478676606
2022-11-11,PENG,16.09000015258789,16.719999313354492,15.949999809265137,16.6200008392334,448900,0.008362892528727
2022-11-11,PENN,35.119998931884766,36.65999984741211,34.720001220703125,35.97999954223633,2995400,0.0196334701047415
2022-11-11,PEP,168.06822156800914,168.58783616094294,162.78854086760012,165.2103271484375,7390500,0.005389372394783
2022-11-11,PERI,24.549999237060547,25.59000015258789,24.549999237060547,25.290000915527344,679500,0.0150875276438144
2022-11-11,PETS,19.96172945903993,20.10112665959261,19.56212285093244,19.757280349731445,352700,0.0170745285987461
2022-11-11,PFBC,69.85871334920087,69.8951748903515,67.91718322464284,68.26355743408203,45400,0.0034281485732408
2022-11-11,PFG,86.71829135491708,88.17612348658425,85.91143453165546,87.10337829589844,1970600,0.0087593122699713
2022-11-11,PFIS,51.9383391945624,52.38997692668903,50.998931884765625,50.998931884765625,5600,0.0005601641280895
2022-11-11,PGC,40.87253371115954,41.52208504286243,39.70137405751073,39.83915710449219,51300,0.002915402189109
2022-11-11,PGEN,1.75,1.8899999856948853,1.7200000286102295,1.840000033378601,1094400,0.0037219045181308
2022-11-11,PGNY,37.84000015258789,39.4900016784668,37.61000061035156,38.0,1023300,0.0119805703318134
2022-11-11,PHAT,10.359999656677246,11.149999618530272,10.229999542236328,10.59000015258789,165200,0.0023723020807903
2022-11-11,PHIO,59.400001525878906,59.400001525878906,50.7599983215332,51.84000015258789,1616,0.0003382062095162
2022-11-11,PHLT,2.4200000762939453,2.430000066757202,2.380000114440918,2.4200000762939453,33100,0.0004226866525515
2022-11-11,PHUN,61.0,70.75,60.5,70.0,114458,0.0056744684121027
2022-11-11,PI,112.91999816894533,117.25800323486328,109.58999633789062,112.18000030517578,491500,0.0172225901514116
2022-11-11,PINC,28.75405080824733,28.890670912591023,28.298649302289107,28.708511352539062,715300,0.0078339762166045
2022-11-11,PKBK,19.675750622270265,19.675750622270265,19.286758494815608,19.377222061157227,6500,0.0005488659584888
2022-11-11,PKOH,13.009553224575049,13.084807257196688,12.736757132046892,13.05658721923828,1600,0.0001124432512966
2022-11-11,PLAB,18.56999969482422,19.200000762939453,18.38999938964844,18.690000534057617,781900,0.0123014330957164
2022-11-11,PLAY,40.0,40.220001220703125,39.08000183105469,39.36000061035156,2412600,0.0698994359023389
2022-11-11,PLCE,37.22999954223633,38.400001525878906,36.400001525878906,37.709999084472656,719800,0.0563003519749706
2022-11-11,PLMR,71.87000274658203,71.98999786376953,65.19499969482422,67.08000183105469,198900,0.007455693165802
2022-11-11,PLPC,84.64997489831764,85.38820142359367,82.6813708309149,83.15383911132812,10000,0.0020238859014084
2022-11-11,PLSE,2.150000095367432,2.150000095367432,1.870000004768372,2.039999961853028,72100,0.0010717396668539
2022-11-11,PLUG,17.059999465942383,18.15999984741211,16.739999771118164,17.889999389648438,23421300,0.0241039723183363
2022-11-11,PLUS,50.709999084472656,52.5099983215332,50.709999084472656,51.77000045776367,80000,0.0030056656798064
2022-11-11,PLXS,107.0999984741211,107.87999725341795,105.70999908447266,105.79000091552734,152900,0.0056545439752664
2022-11-11,PLYA,6.349999904632568,6.349999904632568,6.110000133514404,6.239999771118164,879100,0.007147851822942
2022-11-11,PMCB,2.9800000190734863,3.0899999141693115,2.940000057220459,3.0,83500,0.0121654501216545
2022-11-11,PNFP,84.64558341740263,85.65930391442936,83.20298660607428,83.59288024902344,379800,0.0049090885402071
2022-11-11,PNTG,11.8100004196167,12.34000015258789,11.345000267028809,11.850000381469728,96500,0.002802788266047
2022-11-11,POAI,4.800000190734863,5.800000190734863,4.800000190734863,5.159999847412109,18310,0.0020500200411571
2022-11-11,PODD,305.2099914550781,307.4800109863281,289.19000244140625,293.6700134277344,611300,0.0087047413257886
2022-11-11,POET,2.680000066757202,2.7100000381469727,2.619999885559082,2.619999885559082,17200,0.0002248154422067
2022-11-11,POLA,16.100000381469727,16.450000762939453,15.260000228881836,16.309999465942383,6471,0.0025765171031204
2022-11-11,POOL,329.7528569081048,350.1905163585888,328.7032896681489,341.46343994140625,769300,0.0203959892041507
2022-11-11,POWI,74.69076538652119,76.46239531304812,72.8704613293536,75.92700958251953,454300,0.0079916125888567
2022-11-11,POWL,25.87133708166693,26.528262672186145,25.021195047249822,25.175765991210938,24300,0.002014140426202
2022-11-11,POWW,3.069999933242798,3.1600000858306885,3.0,3.0999999046325684,992500,0.008357402089982
2022-11-11,PPBI,32.56224362760683,32.941489981656126,32.40349254781925,32.53578567504883,346400,0.0035681323752389
2022-11-11,PPBT,40.59999847412109,44.400001525878906,40.59999847412109,41.5,3180,0.0012008156483649
2022-11-11,PPC,22.329115536103824,22.63924077933808,22.12531677476383,22.462026596069336,654400,0.0027569703659389
2022-11-11,PRAA,33.83000183105469,34.779998779296875,33.70000076293945,33.810001373291016,200100,0.0050645918966529
2022-11-11,PRDO,13.981370434199876,14.135117314389516,13.616221135547637,13.81801414489746,595700,0.0090374926229968
2022-11-11,PRGS,50.66692682855977,51.23249478183674,50.28663293158768,50.57916641235352,254600,0.0059173522986101
2022-11-11,PROF,4.679999828338623,5.048999786376953,4.619999885559082,4.864999771118164,28100,0.0009354256686129
2022-11-11,PRPL,4.588383926597165,5.318126898837354,4.51840840332207,5.278141021728516,3245000,0.0301734157794411
2022-11-11,PRQR,0.9010000228881836,0.9190000295639038,0.8949999809265137,0.9089999794960022,229400,0.0021803389315008
2022-11-11,PRSO,59.59999847412109,61.59999847412109,58.400001525878906,59.59999847412109,1825,0.0004763520567968
2022-11-11,PRTA,56.54999923706055,58.290000915527344,55.845001220703125,56.88999938964844,488900,0.0090828023111078
2022-11-11,PRTH,5.130000114440918,5.139999866485596,4.796999931335449,5.0,41500,0.0005218865380939
2022-11-11,PRTS,4.75,5.340000152587891,4.679999828338623,5.21999979019165,1945600,0.0333750177973792
2022-11-11,PSEC,5.5980516050154,5.710462354440946,5.575569669536644,5.68048620223999,1495800,0.00335560990496
2022-11-11,PSHG,4.949999809265137,4.949999809265137,4.650000095367432,4.800000190734863,82640,0.0066472547095445
2022-11-11,PSMT,68.71294189357734,69.69632726347952,67.4813209897584,68.88479614257812,103200,0.0033556501409568
2022-11-11,PSNL,2.5199999809265137,2.930000066757202,2.5199999809265137,2.759999990463257,691300,0.0078282650988243
2022-11-11,PSTV,6.599999904632568,7.050000190734863,6.449999809265137,6.900000095367432,16033,0.0009431398385844
2022-11-11,PTC,130.0,133.13999938964844,129.3300018310547,131.9199981689453,1191700,0.009904092284166
2022-11-11,PTCT,37.70000076293945,38.4900016784668,36.65999984741211,37.2400016784668,519400,0.0065855705761676
2022-11-11,PTEN,18.133007479771727,18.42127530719011,17.75174951567793,17.9470272064209,2514200,0.0065138430278966
2022-11-11,PTGX,8.420000076293945,8.609999656677246,8.149999618530273,8.479999542236328,507600,0.0082692154182747
2022-11-11,PTMN,15.57684693923818,15.703488189465595,15.302458458369912,15.53463363647461,29600,0.0032180279142178
2022-11-11,PTON,9.760000228881836,10.600000381469728,9.5,10.329999923706056,15066300,0.0402951055703255
2022-11-11,PULM,3.635999917984009,3.799999952316284,3.635999917984009,3.799999952316284,2700,0.0007392642404196
2022-11-11,PVBC,12.0,12.0,11.65999984741211,11.789999961853027,95500,0.0053686370407847
2022-11-11,PVLA,80.0,84.0,78.4000015258789,80.0,6359,0.0005771098223928
2022-11-11,PWOD,21.47430186427171,21.53548194549812,21.45682136476925,21.50052261352539,8500,0.0011165288300879
2022-11-11,PXLW,1.5399999618530271,1.6699999570846558,1.5399999618530271,1.6100000143051147,366900,0.0058374673442307
2022-11-11,PXS,5.210000038146973,5.329999923706055,5.099999904632568,5.199999809265137,88500,0.0084399050153062
2022-11-11,PYPL,86.5199966430664,92.0,86.45999908447266,91.02999877929688,19916700,0.0201332943022361
2022-11-11,PZZA,76.84377331383638,82.4312294878075,76.41468777668771,81.34918212890625,1137600,0.0347790995221542
2022-11-11,QCOM,112.3222524133216,115.31462318250568,112.3222524133216,114.62552642822266,9433800,0.0085296564195298
2022-11-11,QCRH,51.94498477181392,52.132974786500846,50.86650779414815,51.18312454223633,59500,0.0035166939530595
2022-11-11,QDEL,91.41999816894533,96.16000366210938,91.12999725341795,93.3499984741211,868900,0.0128812564302508
2022-11-11,QFIN,12.730910732964285,14.433483067106422,12.41929898985089,13.168972969055176,1923700,0.0137098663031113
2022-11-11,QLGN,107.5,107.5,95.0,105.0,318,0.0004318123490184
2022-11-11,QLYS,121.91999816894533,126.7300033569336,121.8499984741211,126.5199966430664,669000,0.0183399720925387
2022-11-11,QMCO,27.200000762939453,28.399999618530277,27.0,27.0,6020,0.0009223537487091
2022-11-11,QNCX,0.746999979019165,0.8450000286102295,0.7200000286102295,0.8220000267028809,549000,0.0124768190247627
2022-11-11,QNST,13.760000228881836,14.270000457763672,13.699999809265137,14.079999923706056,379800,0.0067258618063844
2022-11-11,QNTM,59.47499847412109,70.19999694824219,58.5,69.55000305175781,7652,0.0033276799304196
2022-11-11,QQQX,19.272616710678104,19.54569364473265,19.09056436908005,19.38019180297852,143400,0.0029369116960357
2022-11-11,QRHC,8.829999923706055,8.949999809265137,8.65999984741211,8.760000228881836,58400,0.0028340709682428
2022-11-11,QRVO,94.0500030517578,97.38999938964844,93.16000366210938,96.77999877929688,1167500,0.012500428280198
2022-11-11,QTRX,11.649999618530272,13.40999984741211,11.649999618530272,12.68000030517578,778100,0.0200598107710948
2022-11-11,QTTB,25.200000762939453,27.899999618530277,25.200000762939453,27.0,10256,0.0008408211451433
2022-11-11,QUBT,2.150000095367432,2.2300000190734863,2.0199999809265137,2.150000095367432,176000,0.0012823783034647
2022-11-11,QUIK,6.550000190734863,6.889999866485596,6.550000190734863,6.880000114440918,15600,0.0009874042660927
2022-11-11,QURE,20.46999931335449,22.440000534057617,20.46999931335449,22.100000381469727,965300,0.0178505054838572
2022-11-11,QVCGA,1.8799999952316284,2.009999990463257,1.830000042915344,1.919999957084656,8434200,0.0213965528144714
2022-11-11,RAIL,4.0,4.159999847412109,3.940000057220459,4.099999904632568,55300,0.0029016533652357
2022-11-11,RAPT,23.229999542236328,24.649999618530277,22.11000061035156,24.170000076293945,482500,0.0036551091987546
2022-11-11,RARE,36.720001220703125,37.77000045776367,35.380001068115234,36.54999923706055,1113400,0.0118573333826341
2022-11-11,RAVE,1.5399999618530271,1.600000023841858,1.5,1.5199999809265137,51000,0.003466652165638
2022-11-11,RBB,21.22419144338541,21.297663258675325,20.618048529317065,20.64559936523437,13300,0.0007501367730582
2022-11-11,RBBN,2.700000047683716,2.8299999237060547,2.700000047683716,2.75,683600,0.0038901914365709
2022-11-11,RBCAA,41.2715516945668,42.34618681214345,40.900989932558765,41.52168273925781,33700,0.0019434384443265
2022-11-11,RCEL,6.119999885559082,7.010000228881836,6.110000133514404,7.0,280500,0.0106421322204306
2022-11-11,RCKT,17.979999542236328,19.709999084472656,17.8700008392334,19.540000915527344,976800,0.0091606489730844
2022-11-11,RCKY,24.756846594795988,26.14630888002276,24.24049113306836,25.73322486877441,30400,0.0040737291372136
2022-11-11,RCMT,16.75,16.75,14.65999984741211,14.770000457763672,281500,0.0370952141243816
2022-11-11,RDFN,4.269999980926514,5.239999771118164,4.230000019073486,5.230000019073486,12056800,0.0953943776752723
2022-11-11,RDHL,470.0,558.0,450.0,536.0,6846,0.0039075119434249
2022-11-11,RDI,3.400000095367432,3.849999904632568,3.400000095367432,3.470000028610229,57600,0.0027956822241205
2022-11-11,RDNT,16.1200008392334,16.760000228881836,16.1200008392334,16.59000015258789,244200,0.0032981416308994
2022-11-11,RDUS,27.433438080520453,30.15830882761393,27.433438080520453,29.3731746673584,371700,0.013274051853439
2022-11-11,RDVT,19.5474191314464,20.717686082837425,19.5474191314464,20.50445938110352,44000,0.0031567015338699
2022-11-11,RDWR,21.940000534057617,22.479999542236328,21.40999984741211,21.420000076293945,1554200,0.0364096377074719
2022-11-11,REAL,1.4299999475479126,1.6399999856948853,1.3700000047683716,1.6399999856948853,4553700,0.0409332386491321
2022-11-11,REFR,2.440000057220459,2.450000047683716,2.380000114440918,2.4100000858306885,79400,0.0023597101776618
2022-11-11,REG,59.92273837161676,60.1393572800762,58.993075049696095,59.40826416015625,634100,0.0034931635137666
2022-11-11,REGN,735.0553837211941,736.4835410785512,705.8429245176004,733.5073852539062,951900,0.0088542248018752
2022-11-11,REKR,0.959999978542328,1.0800000429153442,0.959999978542328,1.0399999618530271,224500,0.0020241272360069
2022-11-11,RELL,22.17682924225616,22.54101329678281,21.113032684567667,21.56346893310547,293400,0.0237340236207733
2022-11-11,REPL,20.11000061035156,21.280000686645508,19.40999984741211,21.0,258300,0.0033539008086757
2022-11-11,REYN,27.48495117463324,28.185204920424468,26.56356494449816,28.000926971435547,654000,0.0031095769263686
2022-11-11,RGCO,20.26920429021692,20.352426528930664,19.991798003641872,20.352426528930664,3700,0.0003593279595998
2022-11-11,RGEN,192.8699951171875,207.72999572753903,189.1999969482422,199.2899932861328,1038700,0.0184890822387685
2022-11-11,RGLD,102.25843611240876,103.0336380635525,99.87470009302125,101.84176635742188,317700,0.0048278272497948
2022-11-11,RGLS,1.6299999952316284,1.6799999475479126,1.5800000429153442,1.6399999856948853,25400,0.0003834344251653
2022-11-11,RGNX,21.8700008392334,23.270000457763672,21.8700008392334,22.520000457763672,327300,0.0065307311505699
2022-11-11,RGP,16.951275534241624,17.040493114232287,16.335676104158228,16.415971755981445,125400,0.0037920367228819
2022-11-11,RGS,26.0,26.399999618530277,24.399999618530277,25.399999618530277,7625,0.0031301570620448
2022-11-11,RICK,83.21917080004341,83.59509870426619,81.47801633497944,82.44751739501953,51400,0.0057968530080479
2022-11-11,RIGL,7.300000190734863,7.900000095367432,7.199999809265137,7.800000190734863,115040,0.0064401276381346
2022-11-11,RILY,36.39642527927423,37.9741629584484,35.49486407560931,37.89903259277344,359500,0.0117880060727085
2022-11-11,RILYN,17.71983899781631,17.81702344170932,17.339203144015205,17.61455726623535,40300,
2022-11-11,RIOT,5.09499979019165,5.400000095367432,4.940000057220459,5.340000152587891,18159100,0.0518523277595029
2022-11-11,RKDA,12.800000190734863,13.479999542236328,12.0,12.239999771118164,10695,0.0078355092531539
2022-11-11,RLMD,5.789999961853027,6.559999942779541,5.673999786376953,6.349999904632568,1255600,0.0378288482628134
2022-11-11,RMBL,9.6899995803833,10.0,8.850000381469727,9.25,651800,0.0172718070475756
2022-11-11,RMBS,37.68999862670898,37.95000076293945,37.060001373291016,37.4900016784668,875600,0.0081492098356383
2022-11-11,RMCF,6.670000076293945,6.789999961853027,6.559999942779541,6.730000019073486,4000,0.00052033874052
2022-11-11,RMNI,4.260000228881836,4.434999942779541,4.230000019073486,4.239999771118164,320200,0.0035072730459165
2022-11-11,RMR,23.968902734651877,24.22507296367948,23.729812475309064,23.84935760498047,62100,0.0039192916243286
2022-11-11,RMTI,0.9300000071525574,1.0800000429153442,0.9200000166893004,1.0299999713897705,137800,0.0040461697923181
2022-11-11,RNAC,44.09999847412109,47.25,43.79999923706055,46.20000076293945,35143,0.0013565007275997
2022-11-11,RNTX,2.9600000381469727,3.5360000133514404,2.9100000858306885,3.365000009536743,56700,0.0025781633655262
2022-11-11,ROAD,30.959999084472656,31.854999542236328,30.780000686645508,30.8799991607666,132800,0.0028145372544697
2022-11-11,ROCK,51.380001068115234,53.09999847412109,51.29999923706055,52.540000915527344,193300,0.0065140322971989
2022-11-11,ROKU,53.290000915527344,61.93999862670898,52.90999984741211,61.29999923706055,12304500,0.0955763554450831
2022-11-11,ROP,431.678199939015,436.36950689636,427.686666970422,432.0329895019531,609200,0.0056730455836476
2022-11-11,ROST,95.04456999004005,95.803446504712,92.88468611117897,93.56572723388672,2892700,0.0087968401708747
2022-11-11,RPAY,6.53000020980835,7.360000133514404,6.460000038146973,7.269999980926514,4047700,0.0455831311895961
2022-11-11,RPD,29.989999771118164,32.189998626708984,29.170000076293945,31.3799991607666,2380500,0.0372133958845626
2022-11-11,RRBI,57.53956596051829,57.73618235093891,56.45818143842347,56.52699661254883,4000,0.0005901741899121
2022-11-11,RRGB,7.75,8.079999923706055,7.670000076293945,7.78000020980835,390300,0.0223443537999141
2022-11-11,RRR,39.19713127688748,40.08196056665564,38.7957621130988,39.07854461669922,443300,0.007381161304932
2022-11-11,RSLS,652.5,722.0999755859375,632.2000122070312,675.7000122070312,53,4.700164949185009e-06
2022-11-11,RUN,30.200000762939453,31.78499984741211,29.802000045776367,30.489999771118164,12198600,0.0539259979664913
2022-11-11,RUSHA,32.79083217451095,33.44200940481286,32.79083217451095,32.990699768066406,220950,0.0035300038343558
2022-11-11,RUSHB,33.731774578069626,35.292592237968535,33.731774578069626,34.04780578613281,17250,0.0009740204741926
2022-11-11,RVMD,21.459999084472656,22.38999938964844,21.299999237060547,22.170000076293945,558200,0.0030024797836613
2022-11-11,RVSB,6.637721745345703,6.711782725479492,6.637721745345703,6.674752235412598,10800,0.0005148692327494
2022-11-11,RVYL,8.399999618530273,9.699999809265137,7.800000190734863,9.699999809265137,39160,0.0046892082350926
2022-11-11,RYAAY,30.297028724738837,31.12980015734069,30.10668010463357,31.002901077270508,1839014,0.0034590234449507
2022-11-11,RYTM,25.600000381469727,26.739999771118164,23.81999969482422,26.34000015258789,944100,0.014932691379973
2022-11-11,SABR,5.21999979019165,5.545000076293945,5.159999847412109,5.480000019073486,5507500,0.014265547107393
2022-11-11,SAFT,77.769707688219,77.90360324741152,75.02027203017548,75.8683090209961,40500,0.002719270564064
2022-11-11,SAGE,34.9900016784668,35.869998931884766,34.529998779296875,35.61000061035156,436100,0.0070932598579396
2022-11-11,SAIA,245.75,254.13999938964844,244.66000366210935,247.5,545800,0.0204932959362597
2022-11-11,SAIC,107.76778547284032,107.77747714753664,103.72722205654192,103.8047332763672,401000,0.0084001575291387
2022-11-11,SAMG,16.376236993198162,16.770627885761392,16.25971109021608,16.367273330688477,12000,0.0012565523971878
2022-11-11,SANM,68.27999877929688,69.27999877929688,67.33000183105469,67.61000061035156,457900,0.0084288535912364
2022-11-11,SANW,16.530000686645508,18.049999237060547,16.530000686645508,17.100000381469727,1463,0.000682009948115
2022-11-11,SATS,17.940000534057617,18.020000457763672,17.559999465942383,17.700000762939453,254000,0.0016365662191289
2022-11-11,SAVA,34.709999084472656,38.970001220703125,34.560001373291016,37.59999847412109,1806500,0.03739553985994
2022-11-11,SBAC,285.03740686557313,289.8189255136423,284.8261744120147,286.1031799316406,775500,0.0071786944125597
2022-11-11,SBCF,30.695668980505992,30.98445751534759,30.192613169629016,30.48140525817871,644100,0.0075232586780631
2022-11-11,SBGI,15.727747313678552,16.57949148051639,15.710880710338122,16.301198959350586,479200,0.0112239807187376
2022-11-11,SBLK,15.901039585066124,16.538636021285907,15.85438510211922,16.32869529724121,2215700,0.0189169114131548
2022-11-11,SBRA,10.590162128861436,10.79970812626571,10.324199221460528,10.662696838378906,2834900,0.0119158000457044
2022-11-11,SBT,-0.0133877851294493,-0.0133877851294493,-0.0131192027847246,-0.013284483924508,18600,0.0003556480155414
2022-11-11,SBUX,91.86392953682136,93.67727944475018,91.6835412513334,92.45255279541016,8294400,0.0073018584920107
2022-11-11,SCHL,36.810874286207,37.52077801847613,36.810874286207,37.37879943847656,231900,0.0089680722705194
2022-11-11,SCOR,28.399999618530277,29.799999237060547,28.200000762939453,29.399999618530277,20830,0.004239702996898
2022-11-11,SCPH,6.099999904632568,6.449999809265137,5.900000095367432,6.449999809265137,231800,0.0046098254113145
2022-11-11,SCSC,31.299999237060547,31.549999237060547,30.920000076293945,31.0,94400,0.0040232701856074
2022-11-11,SCVL,23.67903378823883,24.21480131451945,23.286775192681493,23.51638984680176,532000,0.0195772491756947
2022-11-11,SCYX,1.909999966621399,2.0,1.909999966621399,1.9700000286102293,91100,0.002337029996588
2022-11-11,SDGR,21.68000030517578,24.299999237060547,21.68000030517578,21.96999931335449,1022500,0.016008028280589
2022-11-11,SDOT,3.200000047683716,3.509999990463257,3.200000047683716,3.430000066757202,10270,0.0019654938135747
2022-11-11,SEDG,280.45001220703125,299.8999938964844,279.32000732421875,288.9100036621094,1813300,0.030847616212308
2022-11-11,SEED,9.210000038146973,9.5,9.149999618530272,9.210000038146973,17400,0.0024235738521452
2022-11-11,SEIC,57.957364360777056,59.53187379099723,56.03511015481942,59.473915100097656,636100,0.0050106341079165
2022-11-11,SELF,4.274700880527748,4.481959327152578,4.274700880527748,4.464687824249268,57200,0.0050758718608572
2022-11-11,SENEA,67.54000091552734,68.08999633789062,65.25,66.9000015258789,31300,0.0059592372937827
2022-11-11,SEVN,7.318621673182906,7.349534511566162,7.202697976480542,7.349534511566162,27000,0.0018117400756904
2022-11-11,SFIX,4.070000171661377,4.699999809265137,4.070000171661377,4.659999847412109,3358700,0.0298455605317409
2022-11-11,SFM,32.720001220703125,33.209999084472656,31.670000076293945,33.099998474121094,2192200,0.0223288767929205
2022-11-11,SFNC,22.03454893734707,22.34020988924193,21.800808108562112,21.8547477722168,363300,0.00288518809711
2022-11-11,SFST,48.0099983215332,48.0099983215332,46.2599983215332,46.810001373291016,11400,0.001395526480727
2022-11-11,SGBX,12.470699310302734,12.84575653076172,12.376934051513672,12.376934051513672,2048,0.0003205489400598
2022-11-11,SGC,9.838296508925998,10.024930899091489,9.713874147191518,9.79386043548584,25500,0.0015475366857226
2022-11-11,SGLY,24.5,24.5,22.799999237060547,23.799999237060547,4830,0.0011490451981567
2022-11-11,SGMO,4.079999923706055,4.21999979019165,3.950000047683716,4.03000020980835,2096300,0.0093289128209692
2022-11-11,SGRY,28.86000061035156,31.030000686645508,28.700000762939453,29.780000686645508,990500,0.007761748411212
2022-11-11,SHBI,18.30843051970706,18.54751621343245,18.01417174402062,18.188888549804688,33100,0.0009924382799335
2022-11-11,SHEN,18.590264776378252,19.213567098725083,16.99737833794105,18.857393264770508,128300,0.0023388380186049
2022-11-11,SHIP,4.152517273291496,4.240869045257568,4.152517273291496,4.240869045257568,194270,0.0092941480404164
2022-11-11,SHOO,30.661914609125237,31.19089534766924,30.63357757785222,31.1720027923584,949300,0.0130800642679925
2022-11-11,SHYF,25.0276207302054,26.032979906972773,25.0276207302054,25.607635498046875,228700,0.0065469493849531
2022-11-11,SIBN,13.579999923706056,14.4399995803833,13.18000030517578,13.800000190734863,199400,0.0046969479260642
2022-11-11,SIEB,1.7699999809265137,1.7899999618530271,1.7300000190734863,1.7899999618530271,5900,0.0001459207724402
2022-11-11,SIFY,9.359999656677246,9.479999542236328,9.239999771118164,9.359999656677246,6467,8.954347146538811e-05
2022-11-11,SIGA,7.960364347247532,8.252961654568544,7.762431357420363,8.080845832824707,1427100,0.019977071792145
2022-11-11,SIGI,89.55575116404371,90.59843863445192,88.0882530909747,88.1751480102539,325000,0.0053481831810335
2022-11-11,SILC,44.0,44.75,43.459999084472656,43.93999862670898,26700,0.0046303602489642
2022-11-11,SIMO,57.45802329434703,59.99378302690026,57.30434099734608,59.63839340209961,492500,0.0146222269725903
2022-11-11,SINT,1820.0,2060.0,1640.0,2000.0,393,0.0001562512424558
2022-11-11,SIRI,61.95658092720125,62.44061671569501,61.18212440419123,62.34381103515625,1517810,0.0044803687345741
2022-11-11,SITM,104.3499984741211,109.13999938964844,103.12999725341795,107.47000122070312,571400,0.0242141216554085
2022-11-11,SKYE,6.25,6.25,5.0,5.25,6000,0.000193707101948
2022-11-11,SKYW,18.170000076293945,18.38999938964844,17.889999389648438,18.18000030517578,446900,0.0110014819628869
2022-11-11,SLAB,137.0,143.07000732421875,135.58999633789062,141.24000549316406,586300,0.0180549995380777
2022-11-11,SLDB,6.639999866485596,6.650000095367432,6.369999885559082,6.610000133514404,21600,0.0002787348534706
2022-11-11,SLE,11.880000114440918,12.600000381469728,11.420000076293944,12.0,9555,0.0005375164545853
2022-11-11,SLM,16.248908008804595,16.86012233678891,16.248908008804595,16.634443283081055,1515400,0.0072016839527358
2022-11-11,SLNO,1.0299999713897705,1.0709999799728394,0.9900000095367432,1.059999942779541,79700,0.0017380002747654
2022-11-11,SLP,42.16446154803781,43.5006615864304,42.16446154803781,42.23374557495117,104200,0.0051812440952712
2022-11-11,SLRC,10.979759895678807,11.227365983830682,10.902383592693097,11.10356330871582,270300,0.0049546692671195
2022-11-11,SLRX,14.880000114440918,15.4399995803833,13.68000030517578,15.039999961853027,3713,0.0021487268518518
2022-11-11,SLS,5.0,5.090000152587891,4.5,4.550000190734863,558200,0.0061444166427876
2022-11-11,SMBC,50.29569496371996,50.91615955517254,49.16931544287987,49.87569046020508,29700,0.0026336324619586
2022-11-11,SMCI,8.187999725341797,8.614999771118164,8.140999794006348,8.347000122070312,13950000,0.0235053850685544
2022-11-11,SMLR,32.310001373291016,33.9900016784668,31.1299991607666,31.670000076293945,34800,0.0036263258753981
2022-11-11,SMSI,17.280000686645508,18.31999969482422,17.280000686645508,17.84000015258789,26400,0.0014853239862945
2022-11-11,SMTC,29.739999771118164,30.979999542236328,29.68000030517578,30.780000686645508,891500,0.0103059409015385
2022-11-11,SNBR,31.059999465942383,33.189998626708984,31.01000022888184,33.099998474121094,533900,0.0238465317789986
2022-11-11,SNCR,8.550000190734863,8.640000343322754,8.369999885559082,8.550000190734863,32900,0.0028631351765309
2022-11-11,SND,2.109545470222343,2.2775453538699493,2.109545470222343,2.2049999237060547,197100,0.0050480473712248
2022-11-11,SNDL,2.380000114440918,2.650000095367432,2.3299999237060547,2.5999999046325684,6298800,0.0244809439784837
2022-11-11,SNDX,23.299999237060547,23.899999618530277,22.15999984741211,22.190000534057617,622400,0.0072335084375435
2022-11-11,SNES,408.0,408.0,357.6000061035156,376.7999877929688,66,3.778056361731723e-05
2022-11-11,SNEX,42.511112213134766,42.78666687011719,41.84000015258789,41.84000015258789,91350,0.0018981068799361
2022-11-11,SNFCA,6.303854942321777,6.439908981323242,6.204082012176514,6.4308390617370605,9702,0.0004550293832105
2022-11-11,SNGX,165.60000610351562,168.0,156.0,168.0,214,6.781594625427811e-05
2022-11-11,SNOA,40.0,42.79999923706055,37.59999847412109,40.79999923706055,4045,0.0025034658612665
2022-11-11,SNPS,318.4700012207031,331.45001220703125,317.1099853515625,331.3999938964844,1276000,0.0082524899754236
2022-11-11,SNT,1.590000033378601,1.6299999952316284,1.5800000429153442,1.590000033378601,30600,0.0013127413127413
2022-11-11,SNY,39.86763313627075,39.95084494412006,39.044762773633245,39.57176971435547,5337100,0.0021852673267316
2022-11-11,SOGP,4.550000190734863,4.829999923706055,4.380000114440918,4.760000228881836,23570,0.0062529845598769
2022-11-11,SOHO,2.180000066757202,2.2699999809265137,2.1700000762939453,2.2300000190734863,46900,0.0023302726766833
2022-11-11,SOHU,15.34000015258789,16.0,15.270000457763672,15.960000038146973,380000,0.0126391133994558
2022-11-11,SONM,4.300000190734863,4.539999961853027,4.179999828338623,4.409999847412109,11510,0.001820033333017
2022-11-11,SONO,16.549999237060547,17.899999618530273,16.450000762939453,17.670000076293945,4401600,0.0369624547584457
2022-11-11,SPCB,42.0,48.0,42.0,48.0,1016,0.0002923295152106
2022-11-11,SPFI,30.39170765500712,30.592722797782308,29.42491610578926,29.568498611450195,42500,0.0026177043041218
2022-11-11,SPNS,18.15505709346612,18.530549123170683,17.873438518809508,18.22076797485352,78800,0.001409982965688
2022-11-11,SPOK,6.870182664770193,6.917837446378106,6.782816448843921,6.901952266693115,214500,0.0105049218864782
2022-11-11,SPRO,1.9800000190734863,2.0799999237060547,1.950000047683716,2.0,991500,0.0177368400339173
2022-11-11,SPSC,130.9600067138672,136.00999450683594,130.9600067138672,133.1300048828125,274500,0.0072175872486662
2022-11-11,SPT,63.900001525878906,69.62000274658203,61.369998931884766,68.97000122070312,1022800,0.0197276549782046
2022-11-11,SPTN,31.05788118052273,31.05788118052273,30.0808183563285,30.10795783996582,331500,0.0097943048259479
2022-11-11,SPWH,9.4399995803833,9.789999961853027,9.420000076293944,9.640000343322754,358000,0.0093913709565294
2022-11-11,SRCE,55.72880796030926,55.95500100308444,53.7119026184082,53.7119026184082,45900,0.0018693948699569
2022-11-11,SRDX,33.060001373291016,34.58000183105469,33.0,33.4900016784668,128100,0.0089605484051482
2022-11-11,SRRK,8.039999961853027,8.6899995803833,7.699999809265137,8.5,130300,0.0013762611326111
2022-11-11,SRTS,7.349999904632568,7.840000152587891,7.349999904632568,7.579999923706055,444500,0.0269469064102719
2022-11-11,SSNC,50.439810189390045,51.64512009345229,50.439810189390045,51.59690475463867,1435100,0.005824127659229
2022-11-11,SSP,12.6899995803833,13.619999885559082,12.489999771118164,13.470000267028809,462600,0.0061181981930127
2022-11-11,SSRM,14.709409904254503,14.797198308933448,14.40702865506907,14.641130447387695,1496500,0.0073887369283788
2022-11-11,SSSS,4.170000076293945,4.389999866485596,4.119999885559082,4.289999961853027,207000,0.008789099817849
2022-11-11,SSTI,36.369998931884766,36.38999938964844,33.95000076293945,34.81999969482422,71700,0.0056607795611908
2022-11-11,SSYS,13.390000343322754,14.329999923706056,13.390000343322754,13.9399995803833,1364100,0.0163496458235949
2022-11-11,STAA,64.44000244140625,67.70999908447266,63.91999816894531,66.19000244140625,624400,0.0126587924274308
2022-11-11,STBA,34.435776828952264,34.893334307712614,33.978219350191914,34.124637603759766,117500,0.0030622722842205
2022-11-11,STGW,7.489999771118164,7.699999809265137,7.400000095367432,7.639999866485596,465000,0.0017498043229574
2022-11-11,STIM,4.329999923706055,4.699999809265137,3.950000047683716,4.699999809265137,313700,0.0047664268512257
2022-11-11,STKL,8.930000305175781,9.369999885559082,8.640000343322754,9.350000381469728,1772400,0.0151217056710662
2022-11-11,STKS,6.449999809265137,6.78000020980835,6.28000020980835,6.349999904632568,95900,0.0030894722768991
2022-11-11,STLD,96.33060342329064,98.17052147640754,92.74710380003351,93.19022369384766,1940800,0.0129475580137058
2022-11-11,STNE,10.34000015258789,11.31999969482422,10.3100004196167,11.050000190734863,6931400,0.0269313417314587
2022-11-11,STOK,10.979999542236328,12.880000114440918,10.979999542236328,12.489999771118164,542200,0.0100263139889455
2022-11-11,STRA,74.54131336418223,74.54131336418223,71.66139141065271,73.26030731201172,109600,0.0044454900179279
2022-11-11,STRL,33.060001373291016,33.5099983215332,32.029998779296875,32.119998931884766,266700,0.008768123089062
2022-11-11,STRM,26.25,26.700000762939453,25.5,26.549999237060547,1953,0.0004570366799432
2022-11-11,STRO,7.300000190734863,7.610000133514404,7.190000057220459,7.25,264300,0.0031548679935431
2022-11-11,STRR,5.25,5.349999904632568,4.449999809265137,4.5,33620,0.010501327502733
2022-11-11,STRS,28.450000762939453,28.450000762939453,27.57999992370605,27.940000534057617,12000,0.0014864546817128
2022-11-11,STX,49.24489888549434,52.52789075301336,49.199302452653626,52.11751937866211,2597600,0.0122697874980123
2022-11-11,SUPN,34.310001373291016,35.25,34.310001373291016,35.029998779296875,598200,0.0107176450563921
2022-11-11,SURG,5.730000019073486,5.900000095367432,5.552000045776367,5.610000133514404,199100,0.0097543051711045
2022-11-11,SVC,6.428511449663888,6.724453256489476,6.379187880524436,6.683350086212158,1801100,0.0108085244361588
2022-11-11,SVRA,1.1399999856948853,1.190000057220459,1.1399999856948853,1.1699999570846558,12300,7.124941679745665e-05
2022-11-11,SWBI,10.626398472779186,10.888666996331615,10.517873655703552,10.798229217529297,638200,0.014503655457506
2022-11-11,SWKS,86.70427349465434,90.16089055594858,86.3595479554976,89.76957702636719,1867500,0.0121601816878954
2022-11-11,SWTX,23.51000022888184,25.68000030517578,23.46500015258789,24.979999542236328,719800,0.009599329993972
2022-11-11,SXTC,15.475000381469728,17.5,15.0,16.0,13696,0.0009951101843307
2022-11-11,SY,0.4882190648345694,0.5404300930046826,0.4882190648345694,0.5184465050697327,64400,0.0007544747145531
2022-11-11,SYBT,71.38539335084586,71.82061881859458,69.22822149819216,69.26606750488281,65800,0.0022331883005369
2022-11-11,SYBX,0.6970000267028809,0.7829999923706055,0.6840000152587891,0.7400000095367432,254500,0.0217593898820974
2022-11-11,SYNA,102.33999633789062,106.91000366210938,101.58999633789062,105.31999969482422,592400,0.0151174125849142
2022-11-11,SYPR,2.039999961853028,2.0999999046325684,2.0,2.0899999141693115,20800,0.0009035621198957
2022-11-11,SYRE,37.25,37.75,34.25,34.25,17220,0.0002857759264483
2022-11-11,TACT,4.599999904632568,5.599999904632568,4.599999904632568,5.5,288100,0.0285793645282569
2022-11-11,TAIT,3.503990411758423,3.5388559549098453,3.477841254394856,3.503990411758423,14200,0.0027003538984933
2022-11-11,TANH,2.430000066757202,3.859999895095825,2.2100000381469727,2.319999933242798,988600,0.8315179450084531
2022-11-11,TAOP,6.300000190734863,6.800000190734863,6.099999904632568,6.400000095367432,12220,0.0009130236624053
2022-11-11,TARA,2.4800000190734863,2.650000095367432,2.470000028610229,2.609999895095825,76300,0.0020752022846263
2022-11-11,TBBK,29.899999618530277,30.25,29.40999984741211,29.459999084472656,333900,0.0069628937611304
2022-11-11,TBCH,8.489999771118164,8.989999771118164,8.420000076293945,8.970000267028809,405500,0.020304339770969
2022-11-11,TBNK,19.337025554833797,19.44869169226081,19.141607151984637,19.26258087158203,4300,0.0005396850498455
2022-11-11,TBPH,11.130000114440918,11.470000267028809,10.670000076293944,11.270000457763672,1282300,0.0256453332213362
2022-11-11,TBRG,29.520000457763672,29.770000457763672,28.26000022888184,28.61000061035156,94900,0.0063480808594324
2022-11-11,TCBI,61.86000061035156,62.59000015258789,60.130001068115234,61.150001525878906,522200,0.0113214828497529
2022-11-11,TCBK,53.667423519696655,54.05591403042482,51.354969921959935,51.45671844482422,70100,0.0021261495159294
2022-11-11,TCMD,8.319999694824219,8.920000076293945,8.319999694824219,8.800000190734863,183200,0.0077411285483693
2022-11-11,TCOM,28.92940674367555,29.99423153597473,28.591050953844636,28.700519561767575,9035900,0.0138247527771475
2022-11-11,TCPC,9.677941503963453,9.677941503963453,9.449553048095932,9.52092456817627,194300,0.0022838055407872
2022-11-11,TCRT,165.0,169.5,151.5,162.0,9574,0.0059790788446526
2022-11-11,TCX,35.630001068115234,37.400001525878906,35.4900016784668,35.869998931884766,36900,0.003344633178036
2022-11-11,TEAM,138.8300018310547,148.14999389648438,137.80999755859375,142.3699951171875,2730900,0.0166526415922727
2022-11-11,TECH,83.37518268074659,89.74200615947095,83.3380526412257,86.63285827636719,2114000,0.013372298972724
2022-11-11,TENB,37.970001220703125,40.0,37.52999877929688,39.75,1459200,0.0121294741567056
2022-11-11,TENX,152.0,153.60000610351562,136.0,145.60000610351562,2858,0.0007207379872799
2022-11-11,TER,92.29808634598308,95.85980750311656,91.66489180908266,95.28597259521484,1716400,0.0106719397472876
2022-11-11,TFIN,57.43999862670898,59.630001068115234,57.130001068115234,59.06999969482422,248000,0.0105891043240265
2022-11-11,TFSL,11.342925019495985,11.439528971909338,11.254370820645432,11.318774223327637,231800,0.0008255014918001
2022-11-11,TGTX,8.34000015258789,9.600000381469728,8.300000190734863,9.34000015258789,6969700,0.044372924632915
2022-11-11,TH,12.899999618530272,13.93000030517578,12.75,13.520000457763672,1269300,0.0128454622779585
2022-11-11,THFF,44.70185388895981,45.082602140003125,43.56866963008721,43.84969711303711,35700,0.0030117686759185
2022-11-11,THRM,72.38999938964844,73.0,71.0999984741211,72.55999755859375,167200,0.0054290826084274
2022-11-11,THTX,7.559999942779541,7.800000190734863,7.320000171661377,7.760000228881836,7400,0.0001609395389299
2022-11-11,TIGO,12.586673896120768,12.651148398789408,12.278314479410152,12.38110065460205,380500,0.0022615291507957
2022-11-11,TIGR,4.320000171661377,4.440000057220459,4.210000038146973,4.389999866485596,1611800,0.0095475030868561
2022-11-11,TILE,10.919997774705523,11.16795412229169,10.860487835098349,10.969589233398438,181700,0.0031002593502593
2022-11-11,TIPT,12.237978280426477,12.400768365311125,11.998581204211098,12.228403091430664,36700,0.0009788258890112
2022-11-11,TITN,35.68000030517578,36.369998931884766,35.4900016784668,35.61000061035156,183600,0.0079399401477278
2022-11-11,TLPH,2.069999933242798,2.2100000381469727,1.9700000286102293,2.059999942779541,186400,0.0090911307825493
2022-11-11,TLRY,3.900000095367432,4.25,3.809999942779541,4.179999828338623,35574300,0.0356857812386445
2022-11-11,TLSA,0.6600000262260437,0.7200000286102295,0.6499999761581421,0.6899999976158142,52400,0.0004484458441736
2022-11-11,TMUS,146.64741896138628,146.8234356335223,141.84587633733736,142.960693359375,7576700,0.0066360991010605
2022-11-11,TNDM,38.70000076293945,40.18999862670898,38.220001220703125,39.77999877929688,1060900,0.015938212198013
2022-11-11,TNFA,66.5999984741211,68.55000305175781,63.0,65.4000015258789,5833,0.0021171875850704
2022-11-11,TNXP,9200.0,9400.0,9000.0,9400.0,45,6.542770819823723e-06
2022-11-11,TOMZ,0.699999988079071,0.7200000286102295,0.6899999976158142,0.7200000286102295,79500,0.0039719812942163
2022-11-11,TOUR,0.753633805247703,0.8541183471679688,0.750735250900956,0.8541183471679688,554200,0.0049517512508934
2022-11-11,TOWN,30.30095222465732,30.484372726921148,28.68685775210929,29.49390411376953,108500,0.0014391409190871
2022-11-11,TPIC,11.760000228881836,12.050000190734863,11.479999542236328,11.770000457763672,762000,0.0160053435162605
2022-11-11,TPST,20.020000457763672,23.01000022888184,19.76000022888184,20.93000030517578,1500,0.0004260976274884
2022-11-11,TRAW,17.25,18.0,16.25,17.75,6164,0.0012246463049019
2022-11-11,TREE,26.6299991607666,28.8799991607666,26.489999771118164,28.530000686645508,404600,0.0302084577708756
2022-11-11,TRI,103.287937418551,103.72726281828515,102.4466767734688,102.69905853271484,914000,0.0020292036236301
2022-11-11,TRIB,6.599999904632568,6.900000095367432,6.5,6.650000095367432,11060,0.0005762187338817
2022-11-11,TRIP,21.07999992370605,22.18000030517578,21.07999992370605,22.170000076293945,3160900,0.024775438541487
2022-11-11,TRMB,59.33000183105469,62.400001525878906,59.33000183105469,62.0,1285700,0.0052308455930217
2022-11-11,TRMK,35.14819077535561,35.48952745895428,34.170316814647435,34.22566604614258,204400,0.0033618918701099
2022-11-11,TRNS,81.27999877929688,84.91999816894531,78.79000091552734,79.19999694824219,53200,0.0057146110358591
2022-11-11,TROW,112.37447576236558,120.2328336646754,110.74922530507553,119.07193756103516,5549500,0.0249705276230415
2022-11-11,TRS,26.12881046137366,26.532914882713943,25.192469848069475,26.14852333068848,67700,0.001662720672751
2022-11-11,TRST,33.933091389250905,33.99538632696797,33.13215162600364,33.1944465637207,54300,0.0028549346204198
2022-11-11,TRUE,1.75,2.0,1.7400000095367432,1.940000057220459,475800,0.0054367077181139
2022-11-11,TRUP,55.75,65.37000274658203,55.125,64.86000061035156,1296100,0.0305031453941686
2022-11-11,TRVG,2.926167853664028,3.044158496554501,2.831775429371365,3.020560503005981,95880,0.0042030694505937
2022-11-11,TRVI,2.0429999828338623,2.0429999828338623,1.850000023841858,1.950000047683716,40500,0.0004188982046333
2022-11-11,TSAT,8.800000190734863,9.09000015258789,8.4399995803833,8.720000267028809,40700,0.002890625
2022-11-11,TSBK,31.65502636851267,31.933352395973674,31.4787540435791,31.4787540435791,8800,0.0011061599280996
2022-11-11,TSCO,41.54745314685118,41.80477321526632,40.44799602477768,40.75210189819336,6381500,0.012003987667707
2022-11-11,TSEM,40.7599983215332,41.2599983215332,40.720001220703125,41.06999969482422,467400,0.0041822883577762
2022-11-11,TSLA,186.0,196.5200042724609,182.58999633789065,195.97000122070312,114403600,0.0355675084489823
2022-11-11,TTD,46.90499877929688,49.70000076293945,46.400001525878906,48.77000045776367,7504100,0.0167402460276532
2022-11-11,TTEC,42.14075769703552,45.15970895034184,42.14075769703552,44.27798461914063,156100,0.0032654102890756
2022-11-11,TTEK,32.28380034071411,33.62755385347951,31.996418306524014,32.21245193481445,2972500,0.0110899282185975
2022-11-11,TTGT,45.95000076293945,49.68000030517578,45.81999969482422,48.7599983215332,387200,0.0054188557145696
2022-11-11,TTMI,14.850000381469728,15.399999618530272,14.84000015258789,15.210000038146973,667800,0.0065714763680735
2022-11-11,TTSH,4.110000133514404,4.349999904632568,4.0,4.239999771118164,678400,0.0151910412267482
2022-11-11,TTWO,98.9499969482422,104.0500030517578,98.16000366210938,102.25,4107000,0.0232696491705194
2022-11-11,TUSK,6.820000171661377,7.599999904632568,6.760000228881836,7.230000019073486,760900,0.0158101206381396
2022-11-11,TVTX,21.93000030517578,22.34000015258789,21.520000457763672,22.1299991607666,616900,0.0069492870790707
2022-11-11,TW,58.773434912064936,59.01098119989866,57.87273070459089,58.44680404663086,810200,0.0069582095192291
2022-11-11,TWIN,10.45229841748456,10.746729556562462,10.45229841748456,10.501370429992676,9600,0.0006786418679617
2022-11-11,TWST,33.310001373291016,40.5,33.20000076293945,39.369998931884766,2352700,0.0394410161757285
2022-11-11,TXG,37.68999862670898,41.959999084472656,37.56999969482422,41.29999923706055,2765000,0.0255439050302554
2022-11-11,TXMD,6.090000152587891,6.980000019073486,5.920000076293945,6.980000019073486,68100,0.0059051021469945
2022-11-11,TXN,163.8110972932637,169.18255734669526,162.26702528208327,167.96603393554688,6911900,0.0075961788627778
2022-11-11,TXRH,97.04430343848992,97.40808530459752,90.76422928664554,92.0183334350586,1341800,0.020199313542482
2022-11-11,TZOO,5.5,6.019999980926514,5.400000095367432,5.75,54000,0.0048020915776649
2022-11-11,UAL,44.63999938964844,45.40999984741211,44.220001220703125,44.709999084472656,8173400,0.0249414105412201
2022-11-11,UBFO,5.907239746046067,6.027096668410474,5.907239746046067,5.950045585632324,11700,0.000669493416648
2022-11-11,UBSI,39.649184092029394,39.76627714582904,38.55932775507922,38.60436248779297,621400,0.0043313093976281
2022-11-11,UBX,2.190000057220459,2.539999961853028,2.130000114440918,2.509999990463257,467100,0.02769214351775
2022-11-11,UCTT,34.650001525878906,35.41999816894531,34.040000915527344,34.77000045776367,417900,0.0092594439015959
2022-11-11,UEIC,21.82999992370605,22.32999992370605,21.450000762939453,22.239999771118164,57000,0.0043472623687241
2022-11-11,UFCS,27.742181020708998,30.07039215027609,26.16198888655456,26.713653564453125,71800,0.0028275397647392
2022-11-11,UFPI,76.24167543825791,78.24317490076169,75.78502092102848,77.77680969238281,269500,0.0044307876444321
2022-11-11,UFPT,115.51000213623048,117.06999969482422,110.94000244140624,111.81999969482422,94200,0.0122651458927385
2022-11-11,ULBI,4.539999961853027,4.739999771118164,4.53000020980835,4.619999885559082,13000,0.000781578789154
2022-11-11,ULH,35.409939909072975,36.52376234667995,35.129061500794215,35.332454681396484,57200,0.002173475242521
2022-11-11,ULTA,427.0799865722656,430.75,420.2699890136719,430.2699890136719,893400,0.0197177192421015
2022-11-11,UMBF,81.68908439486559,82.88211348544375,81.12597815931511,81.37413024902344,116000,0.001596582212973
2022-11-11,UNIT,5.977018736988399,6.199271539603282,5.881767157373107,6.183396339416504,2245300,0.0091934212298595
2022-11-11,UNTY,27.92777907223017,28.627170708772255,26.60564143291256,27.51580810546875,28400,0.0028237352847597
2022-11-11,UONEK,4.800000190734863,4.800000190734863,4.440000057220459,4.510000228881836,34700,0.001016468548061
2022-11-11,UPBD,20.46349164865378,20.710676834432032,19.827868750771888,20.21630477905273,626300,0.0109066655521423
2022-11-11,UPLD,7.210000038146973,8.399999618530273,7.175000190734863,8.130000114440918,693800,0.0246305243837931
2022-11-11,UPWK,13.600000381469728,14.920000076293944,13.460000038146973,14.850000381469728,3580400,0.0264314188690388
2022-11-11,URBN,25.0,25.43000030517578,24.71999931335449,25.350000381469727,1920100,0.0207218154818434
2022-11-11,URGN,9.079999923706056,9.473999977111816,8.600000381469727,8.90999984741211,127700,0.0027704016106077
2022-11-11,USAU,4.349999904632568,4.440000057220459,4.260000228881836,4.409999847412109,31600,0.0025308142654631
2022-11-11,USEG,2.7059602970303027,2.920101070012831,2.7059602970303027,2.861699104309082,182800,0.0054049259335915
2022-11-11,USIO,1.9900000095367432,2.150000095367432,1.830000042915344,2.150000095367432,548300,0.0206793289684096
2022-11-11,USLM,27.155264146907445,27.155264146907445,26.69144389196912,26.85794448852539,16000,0.0005590339892665
2022-11-11,UTHR,264.0299987792969,264.0299987792969,251.5399932861328,255.4499969482422,499200,0.0111150199723015
2022-11-11,UTMD,89.2692088288652,90.124516632656,88.01027410616307,88.39468383789062,3500,0.0010664814036114
2022-11-11,UVSP,26.205148844417607,26.260297736840727,25.36871667120163,25.38710021972656,68600,0.0023653785812555
2022-11-11,UXIN,28.299999237060547,29.299999237060547,27.8799991607666,27.899999618530277,14460,7.699229216638889e-05
2022-11-11,VANI,1.659999966621399,1.7000000476837158,1.5800000429153442,1.690000057220459,56600,0.0009553887470059
2022-11-11,VBTX,30.02573060839753,30.485965611333853,29.786409951848988,29.9612979888916,228200,0.0041895082376527
2022-11-11,VC,144.6999969482422,152.10000610351562,144.3300018310547,147.83999633789062,416400,0.0153763778364505
2022-11-11,VCEL,21.989999771118164,24.600000381469727,21.989999771118164,23.799999237060547,627500,0.0125159815621141
2022-11-11,VCTR,29.439071766116093,29.769638548676117,29.090136075652747,29.62271881103516,346400,0.0051534808966533
2022-11-11,VCYT,27.549999237060547,31.09000015258789,27.46999931335449,29.940000534057617,1967000,0.0252358079050815
2022-11-11,VECO,19.690000534057617,19.96999931335449,19.450000762939453,19.729999542236328,729500,0.0125913715878591
2022-11-11,VEON,10.0,10.25,9.25,10.0,16924,0.0002395375696363
2022-11-11,VERB,1552.0,1840.0,1480.0,1840.0,253,0.0002547526985661
2022-11-11,VERI,6.260000228881836,7.039999961853027,6.210000038146973,6.909999847412109,545400,0.0121647392075299
2022-11-11,VERU,7.150000095367432,7.190000057220459,6.5,6.590000152587891,8643500,0.0590467537435785
2022-11-11,VFF,2.0199999809265137,2.265000104904175,2.009999990463257,2.220000028610229,1893100,0.0168519721908186
2022-11-11,VIAV,11.020000457763672,11.220000267028809,10.869999885559082,11.010000228881836,2587800,0.0116495680287234
2022-11-11,VICR,53.0,59.36000061035156,53.0,58.900001525878906,394100,0.0117839832315204
2022-11-11,VIOT,0.9399999976158142,0.9399999976158142,0.9100000262260436,0.9200000166893004,38600,0.0011368690156069
2022-11-11,VIR,27.049999237060547,27.76000022888184,26.71999931335449,27.350000381469727,1211000,0.0088301986201148
2022-11-11,VIRT,20.844037485657392,20.96511966548092,20.440431930286653,20.512184143066406,1340400,0.0154747363730191
2022-11-11,VKTX,4.210000038146973,4.329999923706055,4.059999942779541,4.179999828338623,828100,0.0073747205870566
2022-11-11,VLGEA,20.946206120447936,20.946206120447936,19.918003044062445,20.09088706970215,26100,0.002457210642264
2022-11-11,VLY,11.48293666574308,11.544767593611375,11.288609809378588,11.38577365875244,2376200,0.0042430018931623
2022-11-11,VLYPP,19.25390626185981,19.647184081609996,18.96940687021146,19.454729080200195,3400,1.025665777756326e-05
2022-11-11,VMD,6.960000038146973,6.960000038146973,6.800000190734863,6.829999923706055,42100,0.0010652402736731
2022-11-11,VNDA,10.720000267028809,10.859999656677246,10.489999771118164,10.699999809265137,253200,0.0043418615817271
2022-11-11,VNET,5.599999904632568,5.760000228881836,5.519999980926514,5.610000133514404,1101800,0.0042054236392168
2022-11-11,VNOM,28.86918116220428,29.654795741492435,28.67061959746961,28.774219512939453,664300,0.0050585198327787
2022-11-11,VOD,9.857955140477223,9.99387185875403,9.770009342610075,9.969886779785156,6345400,0.0025439397007503
2022-11-11,VRA,3.490000009536743,3.680000066757202,3.430000066757202,3.670000076293945,217400,0.00784812045818
2022-11-11,VRCA,2.1600000858306885,2.5899999141693115,2.1600000858306885,2.359999895095825,176700,0.001925256047069
2022-11-11,VRDN,19.71999931335449,20.75,19.6299991607666,20.51000022888184,405300,0.004973921580659
2022-11-11,VREX,22.459999084472656,22.739999771118164,22.209999084472656,22.420000076293945,475000,0.0115204579078848
2022-11-11,VRME,1.2450000047683716,1.3545000553131104,1.2450000047683716,1.3401000499725342,24300,0.001966846893515
2022-11-11,VRNA,12.18000030517578,13.029999732971191,11.93000030517578,12.489999771118164,310700,0.003654516092668
2022-11-11,VRNS,19.8700008392334,21.415000915527344,19.75,20.790000915527344,4268000,0.0379209240337627
2022-11-11,VRNT,36.72999954223633,37.400001525878906,36.61000061035156,36.91999816894531,564100,0.009078136994414
2022-11-11,VRRM,14.130000114440918,14.5,14.100000381469728,14.34000015258789,1643300,0.0103078621520241
2022-11-11,VRSK,178.34190832707824,178.34190832707824,174.7772413558551,175.54531860351562,880800,0.0062939015352546
2022-11-11,VRSN,190.2400054931641,193.27999877929688,189.75,192.38999938964844,576000,0.0060887949260042
2022-11-11,VRTX,308.8900146484375,309.79998779296875,288.8299865722656,303.260009765625,2182100,0.008487986540833
2022-11-11,VSAT,32.70000076293945,35.4900016784668,32.599998474121094,34.04999923706055,480000,0.0037174721189591
2022-11-11,VSEC,50.823896979253774,52.26361063352125,49.384183324986296,49.97584533691406,41000,0.0019836182163885
2022-11-11,VSTM,4.920000076293945,5.159999847412109,4.679999828338623,5.039999961853027,89350,0.0017352884055156
2022-11-11,VTGN,4.199999809265137,4.800000190734863,3.5999999046325684,4.800000190734863,276500,0.0095800374886096
2022-11-11,VTRS,10.171826278202152,10.314965299204422,10.01079445298667,10.23444938659668,8520700,0.0071381180324957
2022-11-11,VTSI,4.800000190734863,4.979899883270264,4.78000020980835,4.820000171661377,23200,0.0020603541677767
2022-11-11,VUZI,4.53000020980835,5.190000057220459,4.360000133514404,5.010000228881836,1469700,0.0192766754456837
2022-11-11,VVPR,3.660000085830689,3.660000085830689,3.319999933242798,3.5899999141693115,27300,0.0035734247152713
2022-11-11,VXRT,1.5800000429153442,1.690000057220459,1.5099999904632568,1.659999966621399,5442900,0.0238777103256504
2022-11-11,VYGR,5.21999979019165,5.5,5.199999809265137,5.489999771118164,117800,0.0021337912471086
2022-11-11,VYNE,4.5,5.21999979019165,4.320000171661377,4.860000133514404,10111,0.000664764396873
2022-11-11,WABC,58.536513404347765,58.84076498408061,56.76630992536461,56.7939682006836,131900,0.0049372456981579
2022-11-11,WAFD,35.83422119040401,36.01812508201869,35.02503073788023,35.080204010009766,274900,0.0033708845043983
2022-11-11,WASH,41.0697990041907,41.21999356272218,40.00174845651883,40.03512573242188,55700,0.0028895886616068
2022-11-11,WATT,21.0,22.0,21.0,21.399999618530277,7550,0.0002480558010559
2022-11-11,WB,10.284895705564262,10.77428878184264,10.101373575429417,10.713114738464355,905600,0.0058240566880338
2022-11-11,WBA,34.4252150661246,35.43095324135666,33.58141982249297,35.16673278808594,13101300,0.0151506008090422
2022-11-11,WBD,10.81999969482422,12.359999656677246,10.609999656677246,11.84000015258789,48852200,0.019901009171432
2022-11-11,WDAY,153.1199951171875,159.2899932861328,150.86000061035156,156.9499969482422,2680200,0.0124660465116279
2022-11-11,WDC,28.72260093688965,30.226757049560547,28.616779327392575,30.045351028442383,5188012,0.0149156239937439
2022-11-11,WDFC,163.2666674382823,164.9656470962081,161.00777851185236,164.11614990234375,103300,0.0076262052061954
2022-11-11,WEN,18.84846921594461,18.927738614810128,18.27596930853176,18.549007415771484,2362800,0.0120407268872876
2022-11-11,WERN,40.75558800601498,40.9493824177811,39.49590215118645,39.8447380065918,885300,0.0142963723742345
2022-11-11,WEYS,21.319399456385977,21.354122400819715,20.82460908797302,20.954816818237305,9300,0.0009648483943055
2022-11-11,WHF,9.194686627072006,9.30185121662653,8.816040045841655,8.93034839630127,57700,0.002482457159329
2022-11-11,WINA,239.0322257505871,239.0322257505871,235.40725273906764,236.32997131347656,11000,0.0031073885224367
2022-11-11,WING,165.28403120428897,168.0757925215925,161.9120930849641,165.53196716308594,561800,0.0201341079242659
2022-11-11,WIX,82.5,86.38999938964844,82.41000366210938,84.98999786376953,1369400,0.0245993224138736
2022-11-11,WKHS,687.5,742.5,667.5,702.5,33902,0.0066142629433879
2022-11-11,WKSP,19.0,19.5,18.549999237060547,19.0,7080,0.0014767074429809
2022-11-11,WLDN,16.489999771118164,16.649999618530273,15.720000267028809,16.18000030517578,41600,0.0028873650018046
2022-11-11,WLFC,39.74187419173651,40.18268942075921,38.87983593685106,40.1239128112793,9700,0.0013517618892335
2022-11-11,WNEB,8.305906292517262,8.471655479924257,8.305906292517262,8.44403076171875,36700,0.001763490461775
2022-11-11,WPRT,7.800000190734863,8.300000190734863,7.800000190734863,8.199999809265137,100140,0.005779519469951
2022-11-11,WRAP,1.600000023841858,1.7799999713897705,1.559999942779541,1.7599999904632568,298900,0.0059194331286253
2022-11-11,WRLD,81.66999816894531,85.5,81.22000122070312,81.66999816894531,59300,0.0103190015800427
2022-11-11,WSBC,36.481003417441954,36.72112744261181,35.31595797515605,35.378211975097656,184500,0.0019285002017347
2022-11-11,WSBF,14.967917738669255,15.135797533556074,14.623318733510416,14.747021675109863,26100,0.0013527030739011
2022-11-11,WSC,47.5190836091875,48.11768484827567,45.76816946642447,46.34183120727539,2260700,0.0123148571509254
2022-11-11,WSFS,47.86458433574516,48.25262460146561,46.43854061494264,46.80717849731445,220300,0.0037982234727796
2022-11-11,WTBA,20.370640233976832,20.53040853388688,20.0422239493698,20.201993942260746,11400,0.0006772572270475
2022-11-11,WTFC,91.73106129153584,92.0475754946306,86.3599424443968,87.42457580566406,743000,0.0111042529438226
2022-11-11,WTFCM,20.525473743446504,20.650075258570045,20.197134017944336,20.197134017944336,21300,0.0003777111414146
2022-11-11,WTW,224.5249561102937,226.91413811674155,222.42596096170303,226.23704528808597,795700,0.0080065767230692
2022-11-11,WVE,4.190000057220459,4.460000038146973,3.539999961853028,3.640000104904175,589600,0.0038413927003114
2022-11-11,WW,4.300000190734863,4.590000152587891,4.289999961853027,4.389999866485596,1517700,0.018941156290885
2022-11-11,WWD,98.33338184517396,99.93878948169518,97.72274263406852,98.51066589355467,235500,0.0039673247427977
2022-11-11,WYNN,73.40539986566866,77.15397074426615,73.17050467690987,76.3220443725586,6394400,0.0602296382114969
2022-11-11,XAIR,5.679999828338623,6.409999847412109,5.679999828338623,6.199999809265137,175000,0.0019823603908535
2022-11-11,XBIT,3.509999990463257,3.6040000915527344,3.5,3.509999990463257,17000,0.0005576019181505
2022-11-11,XCUR,5.78000020980835,6.400000095367432,5.75,6.150000095367432,3460,0.0005476615957845
2022-11-11,XEL,62.92365061472278,63.22630211938362,61.30034308759684,61.8964729309082,5005300,0.0086895908767076
2022-11-11,XENE,34.560001373291016,35.2599983215332,33.79499816894531,34.40999984741211,597600,0.0078073966460594
2022-11-11,XERS,1.5199999809265137,1.5199999809265137,1.4700000286102295,1.4800000190734863,768600,0.0049928543588411
2022-11-11,XFOR,1.8200000524520876,2.007999897003174,1.7899999618530271,1.9900000095367432,626200,0.0036058550517672
2022-11-11,XGN,2.220000028610229,2.4179999828338623,2.1700000762939453,2.2699999809265137,31600,0.0017655505332968
2022-11-11,XNCR,30.479999542236328,30.700000762939453,28.88999938964844,29.450000762939453,392000,0.0055632899162077
2022-11-11,XNET,1.2999999523162842,1.5,1.2999999523162842,1.4950000047683716,491300,0.007992490670276
2022-11-11,XOMA,17.40999984741211,18.399999618530277,17.40999984741211,17.809999465942383,12900,0.0010769115179443
2022-11-11,XP,18.28821440148984,18.695039947521867,17.90031139354129,18.193603515625,4395400,0.0101265297847242
2022-11-11,XPEL,64.95999908447266,65.45999908447266,61.56999969482422,64.77999877929688,148500,0.0053702779525679
2022-11-11,XRAY,28.980429164608623,30.54156851741986,28.69658630214437,30.323955535888672,4094400,0.0212925076333515
2022-11-11,XRX,12.430971537763083,13.024492948366468,12.3732683402555,12.719489097595217,1581200,0.0125716557344464
2022-11-11,XTKG,32.15094375610352,35.32075500488281,30.566038131713867,33.96226501464844,24236,0.0017663306877728
2022-11-11,XWEL,11.399999618530272,11.600000381469728,10.600000381469728,11.0,19705,0.0037454714104869
2022-11-11,XXII,36612.0,39528.0,35737.19921875,38556.0,57,2.405520035449769e-05
2022-11-11,YI,2.900000095367432,2.9800000190734863,2.819999933242798,2.859999895095825,104100,0.0209607303435264
2022-11-11,YMAB,4.650000095367432,4.96999979019165,4.480000019073486,4.559999942779541,1023300,0.0226302683432777
2022-11-11,YORW,43.13072140257559,43.13072140257559,40.944849931129085,41.455833435058594,36000,0.0025018416334246
2022-11-11,YTRA,2.220000028610229,2.220000028610229,2.150000095367432,2.220000028610229,36700,0.00059267728641
2022-11-11,YY,27.538407825329315,28.4194098188096,27.38683778417759,28.06890296936035,577405,0.0161587823088892
2022-11-11,Z,35.95000076293945,37.97999954223633,35.47999954223633,37.91999816894531,3359100,0.0184558827537014
2022-11-11,ZBRA,254.08999633789065,265.9800109863281,252.83999633789065,263.3800048828125,571600,0.0111764395336241
2022-11-11,ZD,87.0,88.43000030517578,85.33000183105469,88.0,392200,0.0091385910911552
2022-11-11,ZEUS,29.9702481245403,31.872505820319684,29.07735203287988,29.261754989624023,71800,0.006432135594435
2022-11-11,ZG,35.5,37.59999847412109,35.20000076293945,37.47999954223633,913300,0.0168092127663882
2022-11-11,ZION,49.29687818200342,51.138215553854586,48.950486434044,50.49101257324219,2324300,0.0157512376001443
2022-11-11,ZKIN,0.5849999785423279,0.625,0.5849999785423279,0.6240000128746033,7400,0.001433011551235
2022-11-11,ZLAB,30.690000534057617,38.310001373291016,30.549999237060547,37.7599983215332,1268000,0.0115654386748998
2022-11-11,ZM,81.45999908447266,89.66999816894531,80.05000305175781,88.31999969482422,5906400,0.0224788204936937
2022-11-11,ZS,134.7899932861328,143.3800048828125,132.13999938964844,142.19000244140625,2900100,0.0187435782837203
2022-11-11,ZUMZ,23.770000457763672,24.6200008392334,23.670000076293945,24.280000686645508,205000,0.0106998204517933
2022-11-11,ZYME,8.199999809265137,8.5,7.96999979019165,8.350000381469727,517700,0.0074406883572385
2022-11-11,ZYXI,13.43000030517578,13.449999809265137,12.800000190734863,13.0,180400,0.0059680951719301
