Date,Stock,Open,High,Low,Close,Volume,Turnover
2022-01-28,AACG,1.5299999713897705,1.5800000429153442,1.4800000190734863,1.5499999523162842,28500,0.0009055121862876
2022-01-28,AAL,15.670000076293944,15.779999732971191,14.90999984741211,15.640000343322754,51662600,0.0785652152754966
2022-01-28,AAOI,3.759999990463257,3.819999933242798,3.660000085830689,3.819999933242798,228200,0.0045413116072103
2022-01-28,AAON,40.601789608028014,41.00183868408203,39.56559476608423,41.00183868408203,208950,0.0025695544383995
2022-01-28,AAPL,162.86021394342566,167.42041708553484,160.0002549802617,167.4007568359375,179935700,0.0119780652672082
2022-01-28,ABAT,11.175000190734863,11.175000190734863,10.664999961853027,10.949999809265137,106207,0.0012545418034916
2022-01-28,ABEO,5.75,6.0,5.5,5.75,90844,0.0018717677165192
2022-01-28,ABTS,2.0,2.055000066757202,1.8899999856948853,1.9700000286102293,112700,0.04754672404337
2022-01-28,ABUS,2.4200000762939453,2.5299999713897705,2.380000114440918,2.5299999713897705,2470900,0.012904219761855
2022-01-28,ACB,37.79999923706055,39.400001525878906,37.09999847412109,39.09999847412109,693250,0.0126311627593419
2022-01-28,ACET,11.779999732971191,11.93000030517578,11.170000076293944,11.6899995803833,228100,0.0027586357028655
2022-01-28,ACGL,42.55270828368469,43.2563747764944,42.10578482362758,43.15177536010742,2416900,0.0064327843371056
2022-01-28,ACGLO,20.613862939610737,20.909167495432172,20.597458347847358,20.851747512817383,17600,4.367906718031132e-05
2022-01-28,ACHC,50.709999084472656,52.369998931884766,50.06999969482422,52.310001373291016,378200,0.0041051669528633
2022-01-28,ACHV,7.0,7.0,6.619999885559082,6.809999942779541,65400,0.001885535864103
2022-01-28,ACIC,3.688070588179285,3.744810080191225,3.593504542696685,3.6975271701812735,67900,0.0014055497479739
2022-01-28,ACIU,4.070000171661377,4.25,4.039999961853027,4.239999771118164,112100,0.001116422667065
2022-01-28,ACIW,32.16999816894531,34.369998931884766,32.16999816894531,34.36000061035156,1021900,0.0097013366750208
2022-01-28,ACLS,56.22999954223633,59.119998931884766,54.20000076293945,59.09000015258789,517700,0.0160872321384179
2022-01-28,ACMR,23.803333282470703,24.739999771118164,22.833332061767575,24.703332901000977,687900,0.0118383214674768
2022-01-28,ACNB,28.819655932979853,29.567167407815457,28.819655932979853,29.45008659362793,13200,0.0012520511823346
2022-01-28,ACRS,9.920000076293944,10.380000114440918,9.90999984741211,10.369999885559082,339600,0.0031401412878647
2022-01-28,ACTG,4.21999979019165,4.28000020980835,4.010000228881836,4.159999847412109,382200,0.0039776866557042
2022-01-28,ADAP,2.680000066757202,2.7100000381469727,2.5899999141693115,2.680000066757202,925000,0.0035959756173415
2022-01-28,ADBE,494.0899963378906,519.0,480.6199951171875,518.1599731445312,4339000,0.0101806663538244
2022-01-28,ADI,145.321422021014,149.6493939484414,142.54926169745866,149.57395935058594,3839700,0.0077417052438021
2022-01-28,ADIL,56.25,56.25,52.5,53.75,2944,0.0004477845766808
2022-01-28,ADMA,1.350000023841858,1.3899999856948853,1.2999999523162842,1.3799999952316284,958100,0.0040321527165489
2022-01-28,ADP,183.92678681062773,186.1214971779821,179.9576142999402,186.1028289794922,2261800,0.0055590099946369
2022-01-28,ADPT,14.390000343322754,15.039999961853027,13.579999923706056,15.039999961853027,1557500,0.0104824272119099
2022-01-28,ADSK,229.6100006103516,239.77999877929688,226.3999938964844,239.5399932861328,1958800,0.0091962441314554
2022-01-28,ADTN,16.960042726692095,17.639593947002115,16.625054616907168,17.61087989807129,405100,0.0050661564243015
2022-01-28,ADUS,73.3499984741211,76.41999816894531,72.0,76.19000244140625,95200,0.0052385695183487
2022-01-28,ADVM,14.899999618530272,15.5,14.5,15.5,102300,0.0049176781636822
2022-01-28,AEHL,456.0,456.0,428.0,432.0,84,0.0001083391479641
2022-01-28,AEHR,11.029999732971191,11.529999732971191,10.539999961853027,11.380000114440918,617800,0.0207514594543756
2022-01-28,AEIS,78.12919335131214,80.83351135253906,76.77703058567585,80.83351135253906,224600,0.0059279670187551
2022-01-28,AEMD,14.800000190734863,14.800000190734863,13.600000381469728,14.600000381469728,13210,0.0006394895701719
2022-01-28,AEP,78.84244112121256,79.85063330537628,78.24106273528325,79.7091293334961,4460800,0.0083537457770586
2022-01-28,AEYE,5.099999904632568,5.28000020980835,4.880000114440918,5.269999980926514,69900,0.005631419939577
2022-01-28,AFMD,36.900001525878906,38.59999847412109,35.900001525878906,38.5,110450,0.0067379196329984
2022-01-28,AFYA,13.652436666370363,14.116402603766298,13.632693935752506,13.958456993103027,302700,0.0065146509700954
2022-01-28,AGAE,1.75,1.8600000143051147,1.7200000286102295,1.8600000143051147,394500,0.0089443613113862
2022-01-28,AGEN,49.85279846191406,51.81550598144531,47.89008712768555,51.61923599243164,235425,0.0093021004551776
2022-01-28,AGIO,29.3700008392334,30.15999984741211,28.36000061035156,30.059999465942383,594700,0.0103793968884498
2022-01-28,AGNC,9.31446525747095,9.352483749389648,9.149719466295634,9.352483749389648,6581900,0.0069495299098458
2022-01-28,AGNCM,19.016784591481965,19.07400719515995,18.959563443035243,18.974822998046875,176500,0.0003693766846925
2022-01-28,AGNCN,18.25060272216797,18.3091920809518,18.17736567446806,18.25060272216797,39400,8.245575850926685e-05
2022-01-28,AGNCO,19.376603280312786,19.470511667861185,19.290519347854325,19.40790557861328,25200,
2022-01-28,AGNCP,19.551003828823305,19.681024868505524,19.431352948006435,19.45528221130371,87300,
2022-01-28,AGYS,35.279998779296875,36.97999954223633,34.34000015258789,36.95000076293945,144400,0.0051637820054355
2022-01-28,AHCO,17.68000030517578,17.889999389648438,17.100000381469727,17.8700008392334,2604400,0.0193108754959552
2022-01-28,AHG,1.4600000381469729,1.600000023841858,1.440000057220459,1.5800000429153442,91600,0.0002312191302267
2022-01-28,AIFU,6.603008036900385,6.603008036900385,6.083780645920332,6.348292827606201,74300,0.0013102808550861
2022-01-28,AIHS,3.109999895095825,3.200000047683716,2.809999942779541,2.9100000858306885,16120,0.0015326107625023
2022-01-28,AIOT,3.2799999713897705,3.4100000858306885,3.1700000762939453,3.4100000858306885,174700,0.0013184010142707
2022-01-28,AIRG,9.0,9.34000015258789,8.875,9.270000457763672,52200,0.004516000657502
2022-01-28,AKAM,110.06999969482422,112.25,108.66000366210938,112.16999816894533,1056900,0.0072333432031841
2022-01-28,AKBA,1.868000030517578,1.919999957084656,1.7699999809265137,1.909999966621399,4523500,0.0173160913577303
2022-01-28,AKRO,16.31999969482422,16.520000457763672,15.699999809265137,16.510000228881836,239200,0.0030042666615222
2022-01-28,ALAR,5.599999904632568,6.199999809265137,5.199999809265137,5.800000190734863,15630,0.0022480830884605
2022-01-28,ALBT,102.0,126.0,102.0,112.1999969482422,2342,0.0014179587932214
2022-01-28,ALCO,33.35866368432776,33.36806156062136,32.85109230990217,33.21767044067383,35700,0.0046742064978016
2022-01-28,ALDX,3.2699999809265137,3.430000066757202,3.1700000762939453,3.430000066757202,758300,0.0126999917934907
2022-01-28,ALEC,14.149999618530272,14.699999809265137,13.739999771118164,14.68000030517578,1639300,0.0165442301459953
2022-01-28,ALGN,454.7200012207031,467.5,442.3699951171875,463.9599914550781,1039800,0.0142029187585397
2022-01-28,ALGT,165.10416250716585,166.00303649902344,158.54135589108813,166.00303649902344,173800,0.0094774324773834
2022-01-28,ALLK,6.199999809265137,6.400000095367432,5.949999809265137,6.389999866485596,1385900,0.0153346537282715
2022-01-28,ALLO,10.550000190734863,10.760000228881836,9.970000267028809,10.619999885559082,1976600,0.0090976460671583
2022-01-28,ALLT,8.680000305175781,8.979999542236328,8.470000267028809,8.890000343322754,251700,0.0063412004192196
2022-01-28,ALNT,34.79727357618534,35.35023575893942,33.572850318938336,35.320613861083984,98700,0.0058235242056819
2022-01-28,ALNY,129.05999755859375,132.55999755859375,125.0,132.08999633789062,929800,0.0071839724323363
2022-01-28,ALRM,69.0199966430664,70.98999786376953,67.65799713134766,70.9800033569336,425900,0.0085785819457005
2022-01-28,ALRS,25.31813076819552,25.939542489057228,24.79436846887167,25.2914981842041,25000,0.0009799809491703
2022-01-28,ALT,6.559999942779541,7.260000228881836,6.480000019073486,7.199999809265137,988000,0.0128288869553799
2022-01-28,ALTO,4.980000019073486,5.059999942779541,4.78000020980835,4.980000019073486,1505800,0.0196551142246951
2022-01-28,ALTR,58.13999938964844,59.790000915527344,56.880001068115234,59.77999877929688,242760,0.0039973258950183
2022-01-28,AMAL,16.722665837672526,16.722665837672526,15.280405942278534,15.36524486541748,47700,0.0015543838839393
2022-01-28,AMAT,125.95415242287427,128.77256489248057,120.3659016259802,128.72396850585938,13292900,0.0163616799340748
2022-01-28,AMBA,127.81999969482422,129.94000244140625,122.0199966430664,129.5,658600,0.0155193296479049
2022-01-28,AMCX,38.65999984741211,40.209999084472656,38.060001373291016,40.15999984741211,428500,0.0131235605429509
2022-01-28,AMD,101.5500030517578,105.4000015258789,99.3499984741211,105.23999786376952,98749500,0.0607827622458503
2022-01-28,AMED,124.9800033569336,128.94000244140625,122.5199966430664,128.9199981689453,201600,0.0061444119681929
2022-01-28,AMGN,202.12465913569287,206.72556918722003,200.5008028610929,206.716552734375,2502100,0.0046576261152837
2022-01-28,AMKR,19.41719225914742,19.97794342041016,18.79941607839145,19.97794342041016,816500,0.0033049187228806
2022-01-28,AMPH,24.979999542236328,26.09000015258789,24.899999618530277,26.059999465942383,641500,0.0134627209596622
2022-01-28,AMRK,26.27044654475671,26.27930076229485,25.322884804484765,26.13318252563477,122400,0.0053173003405852
2022-01-28,AMRN,66.5999984741211,67.4000015258789,65.0,67.19999694824219,293970,0.0141949346918081
2022-01-28,AMRX,4.260000228881836,4.360000133514404,4.170000076293945,4.360000133514404,440800,0.0014065899684556
2022-01-28,AMSC,7.309999942779541,7.460000038146973,7.039999961853027,7.369999885559082,281600,0.0071363948534834
2022-01-28,AMSF,38.75678796201982,39.45884921104953,38.57560965786671,39.43620300292969,48800,0.0025616394492475
2022-01-28,AMTX,8.369999885559082,8.680000305175781,7.880000114440918,8.65999984741211,823700,0.0154484398707409
2022-01-28,AMWD,58.119998931884766,59.77000045776367,57.0,59.72999954223633,100400,0.0067679157650643
2022-01-28,AMZN,140.86050415039062,143.9980010986328,137.92950439453125,143.97799682617188,74392000,0.0070099128474926
2022-01-28,ANAB,29.81999969482422,31.299999237060547,29.28499984741211,31.280000686645508,168700,0.0055010630388563
2022-01-28,ANDE,35.96416392323079,36.26678085327149,35.28327763437842,36.26678085327149,158200,0.0046273816975646
2022-01-28,ANGI,75.69999694824219,78.0,73.5,78.0,113250,0.0022861191688821
2022-01-28,ANGO,20.40999984741211,21.030000686645508,20.059999465942383,21.01000022888184,435400,0.0107222892604723
2022-01-28,ANIK,31.649999618530277,32.2599983215332,30.6200008392334,31.309999465942383,82900,0.0058479119638826
2022-01-28,ANIP,40.290000915527344,40.79999923706055,38.459999084472656,39.36000061035156,106800,0.0049503573713046
2022-01-28,ANIX,2.9100000858306885,3.0299999713897705,2.809999942779541,2.9800000190734863,73700,0.0022890402492165
2022-01-28,ANSS,311.6199951171875,323.04998779296875,304.4200134277344,322.7699890136719,519100,0.0059222970891641
2022-01-28,ANY,12.600000381469728,13.859999656677246,12.25,13.755000114440918,412571,0.0162089395088259
2022-01-28,AOSL,39.68999862670898,40.709999084472656,38.09999847412109,40.63999938964844,821300,0.0279211286758456
2022-01-28,APA,30.492074871489173,31.331136974192383,29.588469800680173,30.584278106689453,7526800,0.0208115820208812
2022-01-28,APDN,3360.0,3550.0,3120.0,3200.0,269,0.0002437101932467
2022-01-28,APEI,20.3700008392334,21.06999969482422,20.13999938964844,21.06999969482422,84600,0.0047010969226152
2022-01-28,APLS,37.2599983215332,38.59999847412109,36.58000183105469,38.59000015258789,660900,0.0052654641639312
2022-01-28,APLT,2.789999961853028,2.819999933242798,2.6600000858306885,2.700000047683716,307800,0.0026453298497713
2022-01-28,APOG,42.094647691548246,42.82057683613672,40.27510278416751,41.85895538330078,231900,0.0105632840471179
2022-01-28,APPF,108.62000274658205,111.52999877929688,106.87799835205078,111.52999877929688,143600,0.0061785231780671
2022-01-28,APPN,50.25,51.84000015258789,48.43999862670898,51.83000183105469,717400,0.0167004213515841
2022-01-28,APPS,37.09999847412109,40.040000915527344,35.90999984741211,40.02999877929688,3900600,0.0371460950222366
2022-01-28,APTO,517.5,540.0,508.5,540.0,1083,0.0004243015479366
2022-01-28,APVO,8433.0400390625,8970.2802734375,8091.16015625,8840.0400390625,22,6.825493839991809e-06
2022-01-28,APYX,10.760000228881836,11.199999809265137,10.5,11.0,27100,0.0007170469308539
2022-01-28,AQB,31.100000381469727,32.20000076293945,30.200000762939453,32.0,26800,0.0069262100192279
2022-01-28,AQMS,19.0,19.0,17.6200008392334,18.399999618530277,13540,0.0016331749209948
2022-01-28,AQST,2.5999999046325684,2.6410000324249268,2.4800000190734863,2.539999961853028,427300,0.0043217755589584
2022-01-28,ARAY,3.4100000858306885,3.5199999809265137,3.3299999237060547,3.470000028610229,1356000,0.0131866849490912
2022-01-28,ARCB,83.03188659095979,84.66653123412507,80.84579918279618,84.4892807006836,418800,0.0180904783091363
2022-01-28,ARCC,15.968407103152098,15.968407103152098,15.581249441075093,15.7930908203125,2702100,0.0039476797454952
2022-01-28,ARCT,22.06999969482422,22.31999969482422,20.540000915527344,22.299999237060547,543500,0.0200407082648102
2022-01-28,ARDX,0.7760000228881836,0.800000011920929,0.7540000081062317,0.7940000295639038,1789100,0.0075059994294248
2022-01-28,AREC,1.7200000286102295,1.7200000286102295,1.5950000286102295,1.7100000381469729,762700,0.0098512946618718
2022-01-28,ARGX,254.72000122070312,259.6000061035156,249.5,258.75,296400,0.0048597413712537
2022-01-28,ARLP,10.287443650090951,10.329663276672363,10.083383575573553,10.329663276672363,528100,0.0041120316441897
2022-01-28,AROW,29.800373974224744,29.9871571978088,28.98531899788763,29.6815128326416,21733,0.0013000071780638
2022-01-28,ARQ,6.010000228881836,6.179999828338623,5.920000076293945,6.139999866485596,132500,0.0031536881490349
2022-01-28,ARQT,14.359999656677246,14.789999961853027,13.59000015258789,14.670000076293944,129600,0.0010923987255348
2022-01-28,ARTL,5.579999923706055,6.0,5.324999809265137,5.849999904632568,44727,0.0136319997074089
2022-01-28,ARTNA,43.16744138936526,44.70749903372281,43.16744138936526,44.39582061767578,29900,0.0031735788416755
2022-01-28,ARVN,65.41999816894531,66.70999908447266,62.68000030517578,65.9000015258789,677300,0.0098484985961709
2022-01-28,ARWR,48.59999847412109,50.09999847412109,46.68000030517578,50.09000015258789,729900,0.0053154383107955
2022-01-28,ASMB,20.8799991607666,21.479999542236328,20.399999618530277,20.76000022888184,46725,0.0062271936114124
2022-01-28,ASML,615.9094978546029,626.9717664199925,603.3405180517873,626.9620361328125,1339700,0.0034071719226856
2022-01-28,ASND,115.75,120.3000030517578,111.1999969482422,119.76000213623048,278200,0.0046270501141793
2022-01-28,ASPS,10.539999961853027,11.0,10.25,10.90999984741211,39100,0.0004464382766084
2022-01-28,ASRT,2.3299999237060547,2.400000095367432,2.1700000762939453,2.289999961853028,937900,0.0097929372739135
2022-01-28,ASRV,3.7553702535021474,3.799551248550415,3.7553702535021474,3.799551248550415,22000,0.001331775559497
2022-01-28,ASTE,60.4460715269907,60.65694971680335,58.46187636540941,60.47482681274414,73200,0.0032099631643571
2022-01-28,ASTH,46.29999923706055,47.88999938964844,45.0,47.2400016784668,351800,0.0077576644975489
2022-01-28,ASUR,6.820000171661377,7.300000190734863,6.760000228881836,7.139999866485596,27400,0.0010155859078188
2022-01-28,ASYS,8.0600004196167,8.390000343322754,7.809999942779541,8.319999694824219,77400,0.0054167162382515
2022-01-28,ATEC,9.420000076293944,9.640000343322754,9.06999969482422,9.630000114440918,636200,0.0044134890655357
2022-01-28,ATER,2.609999895095825,2.789999961853028,2.5199999809265137,2.7799999713897705,2070000,0.2365514230796481
2022-01-28,ATEX,49.25,49.7400016784668,47.79999923706055,49.15999984741211,145400,0.0078227559343189
2022-01-28,ATLC,63.400001525878906,64.5,61.27999877929688,64.12000274658203,56300,0.0037247027845957
2022-01-28,ATLO,20.891828090007294,21.172198225550257,20.66243390079139,21.146709442138672,24900,0.0027928699935842
2022-01-28,ATNI,35.57093250780863,36.4189453125,35.28826389184417,36.4189453125,27600,0.0017828075342996
2022-01-28,ATOM,12.079999923706056,12.520000457763672,11.31999969482422,12.510000228881836,302200,0.0098423978712801
2022-01-28,ATOS,1.190000057220459,1.25,1.159999966621399,1.2400000095367432,1123400,0.0086970658821707
2022-01-28,ATRA,354.0,371.75,348.5,371.5,45604,0.0077837003811289
2022-01-28,ATRC,59.25,61.060001373291016,57.560001373291016,61.060001373291016,284700,0.0057522240114438
2022-01-28,ATRO,11.5600004196167,12.25,11.239999771118164,11.9399995803833,240000,0.0078318246193406
2022-01-28,ATSG,25.88999938964844,26.100000381469727,25.25,26.07999992370605,363600,0.0055182461811642
2022-01-28,ATXS,4.079999923706055,4.130000114440918,3.829999923706055,3.920000076293945,64900,0.0011500118722335
2022-01-28,ATYR,5.349999904632568,5.510000228881836,5.269999980926514,5.380000114440918,156600,0.00176235052094
2022-01-28,AUDC,26.18722193746077,26.317413525092103,25.294476581599024,26.22442054748535,96000,0.003257207419647
2022-01-28,AUPH,14.850000381469728,15.770000457763672,14.119999885559082,15.670000076293944,3759800,0.0273760532768665
2022-01-28,AUTL,3.809999942779541,3.990000009536743,3.650000095367432,3.7300000190734863,382400,0.0014368971870603
2022-01-28,AVAV,54.0,54.369998931884766,52.02999877929688,53.77999877929688,226700,0.0080336513246488
2022-01-28,AVDL,5.420000076293945,5.929999828338623,5.300000190734863,5.909999847412109,472200,0.0048867114977429
2022-01-28,AVGO,50.63417698911705,52.23140566328121,49.61191366764607,52.194129943847656,30254000,0.0064343517708288
2022-01-28,AVNW,28.030000686645508,28.690000534057617,27.57999992370605,28.6299991607666,70500,0.0055581835383159
2022-01-28,AVT,36.82457063383249,37.22963964653334,35.416031930885104,36.31823348999024,829200,0.0095856174122532
2022-01-28,AVTX,2563.199951171875,2678.39990234375,2448.0,2658.239990234375,138,1.2931155651758356e-05
2022-01-28,AVXL,11.550000190734863,12.170000076293944,11.34000015258789,12.170000076293944,796100,0.0093588136960084
2022-01-28,AWH,15.449999809265137,16.5,15.0,16.200000762939453,30247,0.0017112871287128
2022-01-28,AWRE,2.650000095367432,2.7699999809265137,2.650000095367432,2.740000009536743,6300,0.0002986263189329
2022-01-28,AXDX,28.600000381469727,28.799999237060547,27.5,28.299999237060547,33690,0.0013452431340291
2022-01-28,AXGN,7.71999979019165,7.960000038146973,7.510000228881836,7.940000057220459,232100,0.0052341026253952
2022-01-28,AXON,129.72000122070312,136.11000061035156,128.30999755859375,136.07000732421875,551000,0.0070948922132643
2022-01-28,AXSM,24.38999938964844,26.36000061035156,24.34000015258789,26.31999969482422,702500,0.0144057056847682
2022-01-28,AXTI,6.710000038146973,7.070000171661377,6.46999979019165,7.059999942779541,302000,0.0066230975042765
2022-01-28,AYRO,8.5600004196167,9.119999885559082,8.319999694824219,8.880000114440918,73300,0.008581661002146
2022-01-28,AYTU,21.600000381469727,23.399999618530277,21.600000381469727,23.0,9505,0.001540556091315
2022-01-28,AZN,54.32779605268972,54.780144598882565,54.05084961616339,54.74321746826172,5038700,0.0016251983976095
2022-01-28,AZTA,78.18000030517578,79.18000030517578,75.01000213623047,79.18000030517578,604200,0.0132222796067892
2022-01-28,BACK,38.09999847412109,40.04999923706055,37.5,39.0,2967,0.0008814957202744
2022-01-28,BAND,55.34999847412109,57.66999816894531,53.41999816894531,57.61000061035156,284500,0.0106691367562074
2022-01-28,BANF,70.7554831154264,70.9347732476143,69.12295153592726,70.89702606201172,100300,0.003017303619561
2022-01-28,BANR,54.79453750590704,55.49176233336638,53.20344107708875,54.84817123413086,166100,0.00481658692185
2022-01-28,BANX,15.498611176399692,15.7057347575647,15.498611176399692,15.641454696655272,5300,0.0007443004839357
2022-01-28,BATRA,26.57999992370605,27.2549991607666,26.40999984741211,27.190000534057617,66200,0.0064158477253784
2022-01-28,BATRK,25.670000076293945,26.36000061035156,25.440000534057617,26.31999969482422,59900,0.0011683268350435
2022-01-28,BBCP,6.928324105643855,7.132098356470608,6.663417368336191,7.114378452301025,94300,0.0017775381756011
2022-01-28,BBIO,8.899999618530273,9.104999542236328,8.460000038146973,9.039999961853027,2887200,0.015180689321914
2022-01-28,BBSI,15.47456595031107,15.520249686830306,15.109100644141018,15.50582218170166,200800,0.0077729734333084
2022-01-28,BCBP,13.998087818704269,14.47665612172949,13.904084669530327,14.468110084533691,50900,0.0029657511099716
2022-01-28,BCLI,43.650001525878906,46.04999923706055,43.04999923706055,46.04999923706055,5713,0.0009301893919658
2022-01-28,BCML,18.858340253933477,20.01158142089844,18.72599980311668,20.01158142089844,11300,0.0010152649122649
2022-01-28,BCPC,140.4890898382105,142.17117309570312,138.5020533786541,142.17117309570312,160000,0.0049181285291414
2022-01-28,BCRX,14.109999656677246,14.880000114440918,13.899999618530272,14.869999885559082,2288900,0.0109537710566615
2022-01-28,BCYC,46.29999923706055,47.43000030517578,44.5099983215332,47.43000030517578,211400,0.0044309090489894
2022-01-28,BDTX,3.5799999237060547,3.759999990463257,3.5,3.660000085830689,597200,0.0105396543021626
2022-01-28,BEAM,59.36000061035156,64.30999755859375,57.20000076293945,64.11000061035156,1302600,0.013046875
2022-01-28,BECN,51.65999984741211,53.68999862670898,50.93999862670898,53.5,392800,0.0063572832001346
2022-01-28,BEEM,10.75,11.029999732971191,10.187999725341797,11.010000228881836,262600,0.0177745889710909
2022-01-28,BELFB,11.924545774468289,12.071159603764553,11.582448703727804,11.94409465789795,44300,0.0041982164687597
2022-01-28,BFC,67.67886276245117,67.67886276245117,66.44920367899466,66.72563934326172,6700,0.0006703593125915
2022-01-28,BFIN,9.400127532615237,9.51433479212762,9.400127532615237,9.452838897705078,49100,0.0039403885817008
2022-01-28,BFST,25.20142542969817,25.747873255837167,25.159748912340422,25.710826873779297,29000,0.0009806474301965
2022-01-28,BGC,3.860339762788321,4.035367825760559,3.8019971524085503,4.025643825531006,3438700,0.0092083943923585
2022-01-28,BGFV,15.08088580247858,15.242525067803482,14.224201395871663,14.943492889404297,1236100,0.0544835064087871
2022-01-28,BHAT,353.0,360.0,333.0,349.0,482,9.760621763756503e-05
2022-01-28,BHF,52.310001373291016,52.619998931884766,50.959999084472656,52.470001220703125,505900,0.0087133248938607
2022-01-28,BHFAL,20.72054921607605,20.817072653649905,20.63206811978971,20.71250534057617,12600,0.0001051902189793
2022-01-28,BHFAP,20.688395696436377,20.935539874800305,20.67245051831848,20.807981491088867,25500,0.0002150066188312
2022-01-28,BIDU,143.72000122070312,146.6699981689453,139.10000610351562,146.52999877929688,3186100,0.0114513995715743
2022-01-28,BILI,29.709999084472656,30.56999969482422,28.31999969482422,30.540000915527344,6717900,0.020016387581193
2022-01-28,BJRI,29.1299991607666,30.450000762939453,28.229999542236328,30.440000534057617,453500,0.0199619688179521
2022-01-28,BKNG,2334.1998362161826,2388.733736383251,2315.939517902213,2386.84423828125,302800,0.0092274311904239
2022-01-28,BKR,24.99421168456833,25.40939862675266,24.431403109560392,25.05879592895508,8108400,0.0081874083596723
2022-01-28,BKYI,37.43999862670898,38.15999984741211,35.459999084472656,38.15999984741211,1061,0.0002850579653685
2022-01-28,BL,83.02999877929688,86.88999938964844,81.54000091552734,86.87999725341797,547000,0.0086719956370508
2022-01-28,BLBD,14.140000343322754,14.56999969482422,13.79300022125244,14.539999961853027,120100,0.0037401397024704
2022-01-28,BLDP,8.890000343322754,9.220000267028809,8.569999694824219,9.199999809265137,5893500,0.0196672895948741
2022-01-28,BLFS,25.96999931335449,27.549999237060547,25.299999237060547,27.5,346200,0.0072810020947077
2022-01-28,BLIN,1.6799999475479126,1.7599999904632568,1.6299999952316284,1.75,75600,0.0072395763507172
2022-01-28,BLKB,66.4000015258789,67.75,64.70999908447266,67.7300033569336,266700,0.0054167132107278
2022-01-28,BLMN,16.97373172023645,17.096538543701172,16.166711866502247,17.096538543701172,2525800,0.0297395055739496
2022-01-28,BLNE,220.0,238.0,200.0,200.0,489,6.989808316299547e-05
2022-01-28,BLNK,18.3700008392334,19.200000762939453,17.93000030517578,18.88999938964844,1386500,0.0134979896611143
2022-01-28,BLRX,66.80000305175781,70.4000015258789,66.80000305175781,69.19999694824219,3788,0.0010180059123891
2022-01-28,BLUE,144.8000030517578,150.8000030517578,142.1999969482422,150.60000610351562,98225,0.0100331254015548
2022-01-28,BMRA,3.920000076293945,4.059999942779541,3.869999885559082,3.940000057220459,90600,0.004940830015815
2022-01-28,BMRC,32.26130200828579,32.573089616707776,31.35192368626485,32.00148010253906,27200,0.0016877008798381
2022-01-28,BMRN,82.8499984741211,86.16999816894531,82.08999633789062,86.16000366210938,764500,0.0039868790220803
2022-01-28,BNGO,1134.0,1176.0,1104.0,1164.0,16220,0.0053940804788826
2022-01-28,BNTX,151.986907654321,160.10932064546992,148.62147965630857,160.09945678710938,1432400,0.0059585763631578
2022-01-28,BOKF,91.56483602755594,93.37791113682232,90.2855610358544,93.36870574951172,219100,0.0034089653766743
2022-01-28,BOOM,39.25,39.790000915527344,38.02999877929688,39.150001525878906,89400,0.004350259117783
2022-01-28,BOXL,41.59999847412109,42.0,40.0,41.20000076293945,11868,0.0036033410148742
2022-01-28,BPMC,70.63999938964844,71.70999908447266,67.62999725341797,71.63999938964844,519700,0.0081322567521046
2022-01-28,BPOP,78.02579446731971,80.37421595271934,77.38862213270625,80.23767852783203,518400,0.0074763120321896
2022-01-28,BPRN,27.00917093883244,27.018058661659737,26.84919531826067,26.91140937805176,9600,0.0013882682654889
2022-01-28,BPYPO,18.144640548960652,18.159761428833008,18.000995074186235,18.159761428833008,7300,
2022-01-28,BPYPP,18.741973254710956,18.741973254710956,18.50865188538363,18.635225296020508,12900,
2022-01-28,BRKL,14.550930836895482,14.910002041200668,14.12346519513464,14.60222625732422,370900,0.0041229207984802
2022-01-28,BRKR,63.04881320438628,64.16743822873157,61.58371324060791,64.03874969482422,1015700,0.0066952312287785
2022-01-28,BRY,5.840461611537224,5.901229525919096,5.637902755489519,5.847213745117188,332300,0.004282426201283
2022-01-28,BSET,11.02045316622368,11.317868658489653,10.932032592821836,11.20533275604248,55800,0.0064107572046341
2022-01-28,BSGM,16.399999618530273,17.0,15.300000190734863,16.5,13030,0.000547504296417
2022-01-28,BSRR,23.21160807211125,23.61697323537836,22.60355864639706,23.16754722595215,32600,0.0023572626829409
2022-01-28,BTAI,242.8800048828125,250.0800018310547,229.1199951171875,249.44000244140625,20631,0.0037730155595057
2022-01-28,BTCS,4.71248625057169,5.0279661869432255,4.485734811253554,4.949096202850342,311100,0.0154148023724228
2022-01-28,BTOG,32.400001525878906,32.70000076293945,30.899999618530277,31.5,3020,0.0003534387719992
2022-01-28,BUSE,24.43580630689495,24.718505171830834,23.4993658955403,24.117769241333008,164200,0.0018268680894431
2022-01-28,BWB,17.760000228881836,18.1200008392334,17.440000534057617,17.989999771118164,41600,0.0015074484622938
2022-01-28,BWEN,1.5800000429153442,1.6399999856948853,1.5199999809265137,1.6399999856948853,108700,0.0048701371434203
2022-01-28,BWFG,30.83797329455865,31.549621214861084,30.381790247359856,30.58251190185547,7400,0.0009380220916878
2022-01-28,BWIN,26.809999465942383,27.899999618530277,25.989999771118164,27.84000015258789,451000,0.0066175607465664
2022-01-28,BYND,56.560001373291016,56.65499877929688,53.09999847412109,56.540000915527344,4484800,0.0587157116373576
2022-01-28,BYRN,9.789999961853027,10.729999542236328,9.789999961853027,10.5600004196167,139800,0.0061675019411307
2022-01-28,BYSI,2.8499999046325684,3.059999942779541,2.8499999046325684,3.009999990463257,617700,0.0153213464529235
2022-01-28,BZUN,11.619999885559082,11.664999961853027,10.93000030517578,11.640000343322754,700900,0.0129476680712241
2022-01-28,CAAS,2.187834953561364,2.2212371826171875,2.171133938579354,2.2212371826171875,34000,0.0011269211519785
2022-01-28,CABA,2.5899999141693115,2.819999933242798,2.549999952316284,2.759999990463257,128600,0.0025343347174295
2022-01-28,CAC,43.72694759091915,43.997619445997564,42.4783544177327,43.29910659790039,29600,0.0017529729473634
2022-01-28,CACC,531.010009765625,541.3300170898438,521.7899780273438,531.2999877929688,71200,0.0059177499251969
2022-01-28,CAKE,31.98631125704018,32.15090662190755,30.559819257597848,31.94973373413086,1263100,0.0255435409078867
2022-01-28,CALM,32.72509968153668,33.32455573560487,32.294507663158846,33.2907829284668,261400,0.0059078786782986
2022-01-28,CAMT,32.220295631069945,33.0565460775475,31.167602303058008,33.03687286376953,314100,0.0068889888034741
2022-01-28,CAN,3.5899999141693115,3.79800009727478,3.5,3.759999990463257,3072200,0.0086994443410445
2022-01-28,CAPR,3.0199999809265137,3.220000028610229,2.940000057220459,3.150000095367432,360900,0.0079011491585462
2022-01-28,CAR,156.29265106934668,157.36627695904926,149.43287519392047,157.166748046875,705000,0.0200328481879507
2022-01-28,CARA,131.8800048828125,133.1999969482422,127.5,132.36000061035156,39467,0.0086292884614123
2022-01-28,CARE,15.1899995803833,15.5,15.100000381469728,15.43000030517578,151000,0.0065280641911901
2022-01-28,CARG,29.46999931335449,30.420000076293945,29.229999542236328,30.420000076293945,861700,0.0096355656207849
2022-01-28,CARM,13.248582356001345,13.598251342773438,12.821208223639198,13.598251342773438,93270,0.0022319751316762
2022-01-28,CASH,56.05886342222286,57.253284487972856,54.79534010051097,57.09534454345703,301100,0.0126271204210438
2022-01-28,CASI,5.800000190734863,6.599999904632568,5.599999904632568,6.300000190734863,136880,0.0088350717752762
2022-01-28,CASS,36.239645299226176,36.74132608189848,35.91127141105696,36.62274932861328,58800,0.0043669419523498
2022-01-28,CASY,180.90018395940672,183.74176235583087,178.93068777448258,183.6045837402344,320400,0.0088013031642388
2022-01-28,CATY,39.879319522328544,40.39047759144373,38.72248666237213,39.98693084716797,538800,0.0076966696219135
2022-01-28,CBAT,1.0700000524520874,1.1399999856948853,1.0399999618530271,1.1299999952316284,629500,0.0069991341754146
2022-01-28,CBNK,24.12184535622791,24.4188175201416,23.949409316795798,24.4188175201416,10700,0.0006423880023534
2022-01-28,CBRL,98.40962430052228,99.82318115234376,95.78810472441576,99.82318115234376,274500,0.0123295977721382
2022-01-28,CBSH,58.960189526573,59.83152009741915,58.335291884153584,59.81391906738281,348390,0.0025984903859062
2022-01-28,CBUS,82.0,85.25,79.0,80.5,862,2.6410608363155052e-05
2022-01-28,CCAP,12.354171007412132,12.457929175107576,12.201991130059245,12.333418846130373,102300,0.002760276837149
2022-01-28,CCB,47.54999923706055,48.18999862670898,45.900001525878906,46.959999084472656,46000,0.0030654609187053
2022-01-28,CCBG,25.32999526824321,25.671047657731904,25.035031989831264,25.495912551879883,27700,0.0016242238027946
2022-01-28,CCD,18.18101908674176,18.664897712830257,18.1525563566884,18.600854873657227,77900,0.0028983458221405
2022-01-28,CCEC,13.589625884901798,13.740621793950115,13.420865352641272,13.61627197265625,73600,0.0012605480986447
2022-01-28,CCEP,50.94132057945455,51.66996383666992,50.28553991073815,51.66996383666992,1062400,0.0023106251312776
2022-01-28,CCLD,5.079999923706055,5.400000095367432,4.989999771118164,5.300000190734863,62500,0.0014768047144332
2022-01-28,CCNE,23.7807875197635,24.142060059217272,23.573056024913,24.133028030395508,23500,0.0011200983780022
2022-01-28,CCOI,51.208547849865006,52.69081413880272,50.29765968107752,52.5914421081543,208400,0.004220297931973
2022-01-28,CCRN,19.229999542236328,20.200000762939453,18.96999931335449,20.15999984741211,431000,0.0131351980641582
2022-01-28,CDLX,59.220001220703125,60.875,56.10499954223633,60.560001373291016,296400,0.0056809360894689
2022-01-28,CDNA,37.0,38.52000045776367,35.7400016784668,38.5099983215332,404900,0.007305248990093
2022-01-28,CDNS,139.99000549316406,145.72000122070312,136.6199951171875,145.4199981689453,1578100,0.0057528966514517
2022-01-28,CDTX,15.539999961853027,17.520000457763672,15.199999809265137,17.200000762939453,47160,0.0043054731364404
2022-01-28,CDW,174.67462009812797,177.83967106579396,171.80777939796968,177.52220153808594,806900,0.0061236880250745
2022-01-28,CDXS,18.25,18.84000015258789,17.3799991607666,18.790000915527344,1273800,0.0153771315760958
2022-01-28,CDZI,2.75,2.799999952316284,2.559999942779541,2.680000066757202,524500,0.0064131564467811
2022-01-28,CECO,6.25,6.309999942779541,6.130000114440918,6.289999961853027,52100,0.0014793991538177
2022-01-28,CELH,13.483332633972168,15.220000267028809,13.149999618530272,15.016667366027832,4802700,0.0186453975610125
2022-01-28,CELZ,21.0,22.49799919128418,20.799999237060547,21.0,37220,0.0146772349067392
2022-01-28,CENN,168.0,170.0,151.0,158.0,131066,0.0042462078751789
2022-01-28,CENT,35.14487075805664,35.70869064331055,34.479248046875,35.45027542114258,169969,0.0158579798846821
2022-01-28,CENTA,33.82400131225586,34.13600158691406,32.895999908447266,34.12799835205078,397375,0.0074713648601898
2022-01-28,CENX,15.359999656677246,15.630000114440918,14.890000343322754,15.630000114440918,1082600,0.0117299960768548
2022-01-28,CERS,4.800000190734863,5.039999961853027,4.670000076293945,5.03000020980835,2261800,0.0121739598471392
2022-01-28,CEVA,33.380001068115234,35.08000183105469,32.45000076293945,34.97999954223633,143600,0.0060057548179871
2022-01-28,CFFN,8.899927674728447,9.100919723510742,8.76325302021858,9.100919723510742,637100,0.0048946697192729
2022-01-28,CG,41.63239736110122,43.20796635117413,40.89356978567462,43.172359466552734,1582600,0.0043814696028223
2022-01-28,CGBD,9.509639062686787,9.56448912799062,9.447932575753889,9.543920516967772,120300,0.0016502760282138
2022-01-28,CGC,68.9000015258789,73.80000305175781,67.4000015258789,72.69999694824219,769590,0.0049268895404668
2022-01-28,CGEN,3.3399999141693115,3.390000104904175,3.180000066757202,3.359999895095825,1204300,0.0128784233208217
2022-01-28,CGNX,61.73583468047578,62.50924301147461,60.34565063672414,62.50924301147461,745600,0.0044021963748007
2022-01-28,CGO,9.878662315158454,10.04696511592836,9.81280445473412,10.003060340881348,24700,0.0025134090883651
2022-01-28,CHCO,72.59669354715936,73.63379367063372,71.34850708144225,73.34010314941406,62400,0.0042404843937942
2022-01-28,CHDN,99.07005782446385,100.34297681802464,96.72232955596336,99.89720916748048,282400,0.0038428147257095
2022-01-28,CHEF,28.82999992370605,29.440000534057617,27.549999237060547,28.68000030517578,285800,0.0069726874611171
2022-01-28,CHEK,9.399999618530272,9.800000190734863,8.600000381469727,9.199999809265137,81985,0.0140120388853947
2022-01-28,CHI,9.55766418988288,9.658347129821776,9.449790150256248,9.658347129821776,204500,0.0026797635161768
2022-01-28,CHKP,117.31999969482422,119.37999725341795,116.61000061035156,119.30999755859376,816900,0.0075381335990919
2022-01-28,CHR,10.800000190734863,10.899999618530272,10.800000190734863,10.899999618530272,4600,0.0003953384440853
2022-01-28,CHRD,93.66807775099586,94.7879436446708,89.35450343586426,92.72103118896484,185500,0.0031181973289404
2022-01-28,CHRS,11.43000030517578,11.93000030517578,11.130000114440918,11.920000076293944,1187300,0.0102444411848451
2022-01-28,CHRW,94.94392292332604,95.98553818674436,93.9299601044646,95.9578857421875,841100,0.0071142801559711
2022-01-28,CHSCL,22.717107436358763,22.7734971719904,22.515714645385746,22.515714645385746,14400,
2022-01-28,CHSCM,21.43005109777578,21.746312596104705,21.325436424636752,21.51052474975586,18100,
2022-01-28,CHSCN,21.22788796822816,21.523162244986644,21.0203971542708,21.331632614135746,22200,
2022-01-28,CHSCO,21.792558067214568,21.82465388014788,21.6641778763065,21.704296112060547,35100,
2022-01-28,CHSCP,24.67997416632048,24.67997416632048,24.53484503227643,24.591283798217773,8300,
2022-01-28,CHTR,560.6199951171875,592.2000122070312,560.3699951171875,590.469970703125,2600700,0.0183129832270057
2022-01-28,CHW,6.544935629856727,6.682799816131592,6.508655362314327,6.682799816131592,185400,0.0029030257858838
2022-01-28,CHX,22.16381343272137,22.59161174472085,21.24572885856795,21.937896728515625,1488600,0.0078018867924528
2022-01-28,CHY,10.016609567426782,10.073847281797317,9.902134138685712,10.038073539733888,135700,0.0017405245943692
2022-01-28,CIGI,139.15308791286904,139.80764959211052,136.56460775675455,139.07374572753906,72300,0.0014669777822866
2022-01-28,CINF,103.82583418110336,107.95020628330523,103.77990994427982,107.86753845214844,664600,0.0042448825341491
2022-01-28,CIVB,21.17425465861728,21.443418223881395,21.075560552747003,21.371641159057617,28900,0.0018669853677444
2022-01-28,CKPT,22.799999237060547,24.600000381469727,21.75,24.600000381469727,149060,0.0017945264559381
2022-01-28,CLAR,20.1964413302742,20.703263717861518,19.804368600336023,20.693700790405277,210100,0.0054767453378586
2022-01-28,CLBK,21.3799991607666,21.530000686645508,20.878999710083008,21.420000076293945,123200,0.0011763582545593
2022-01-28,CLDX,28.15999984741211,29.020000457763672,26.700000762939453,29.020000457763672,522700,0.0078739089958694
2022-01-28,CLFD,55.7400016784668,58.33000183105469,54.0,58.27999877929688,702100,0.0496833315642359
2022-01-28,CLIR,1.0499999523162842,1.149999976158142,1.0,1.1200000047683716,77900,0.0014861080375743
2022-01-28,CLLS,6.03000020980835,6.199999809265137,5.829999923706055,6.0,478200,0.004768172300329
2022-01-28,CLMB,26.72165741700201,28.143631111117408,26.72165741700201,27.962305068969727,23400,0.0050899440976225
2022-01-28,CLMT,13.970000267028809,14.3100004196167,13.619999885559082,14.15999984741211,133200,0.0015451162818321
2022-01-28,CLNE,5.670000076293945,5.710000038146973,5.400000095367432,5.690000057220459,3915600,0.0174831669375435
2022-01-28,CLPT,8.069999694824219,8.5,7.820000171661377,8.489999771118164,408100,0.0147689479341205
2022-01-28,CLRB,5.300000190734863,6.400000095367432,5.199999809265137,5.900000095367432,32590,0.0007072497987191
2022-01-28,CLRO,0.3540726313856348,0.3733157134171597,0.3463753848093033,0.3617698550224304,95000,0.0036581937764497
2022-01-28,CLSD,1.8600000143051147,1.940000057220459,1.75,1.8799999952316284,228000,0.0029555154481162
2022-01-28,CMBM,21.229999542236328,22.950000762939453,20.950000762939453,22.8799991607666,252000,0.0089223121534637
2022-01-28,CMCO,41.92562947302305,42.21820114932261,39.99464822489437,42.00364685058594,132600,0.0046343381389252
2022-01-28,CMCSA,43.44627946665212,45.27015053717695,43.31016818702855,45.11589431762695,34458000,0.0091362243084006
2022-01-28,CME,193.8384930501441,195.43101897737444,189.63213849445373,195.3877410888672,1840000,0.0051057217381652
2022-01-28,CMLS,10.218000411987305,10.65999984741211,10.218000411987305,10.529999732971191,11500,0.0006797614332917
2022-01-28,CMMB,4.699999809265137,4.849999904632568,4.25,4.71999979019165,37500,0.001988693613907
2022-01-28,CMPR,67.44000244140625,69.37000274658203,65.7699966430664,69.2300033569336,90400,0.0036421506416067
2022-01-28,CMRX,5.210000038146973,5.46999979019165,5.090000152587891,5.409999847412109,625500,0.0066681733575825
2022-01-28,CMTL,18.66629536119824,19.071874538992954,18.424879227793262,19.05256080627441,107700,0.0036699310993437
2022-01-28,CNDT,4.610000133514404,4.679999828338623,4.474999904632568,4.619999885559082,1704500,0.0105326577272446
2022-01-28,CNET,15.199999809265137,15.199999809265137,13.0,14.399999618530272,9305,0.0042757822085184
2022-01-28,CNOB,30.863870629609472,31.036141278165022,29.576363099110495,30.582794189453125,201900,0.005248245386015
2022-01-28,CNTY,9.729999542236328,9.920000076293944,9.449999809265137,9.890000343322754,78500,0.0025584533253374
2022-01-28,CNVS,15.199999809265137,15.399999618530272,14.600000381469728,15.199999809265137,96240,0.0060226789156174
2022-01-28,CNXN,41.11912931057176,42.79366302490234,41.11912931057176,42.79366302490234,41100,0.0015884364915264
2022-01-28,COCP,6.0,6.239999771118164,5.880000114440918,6.119999885559082,27358,0.0026890640665238
2022-01-28,CODA,6.619999885559082,6.696000099182129,6.5,6.579999923706055,4800,0.0004274189239728
2022-01-28,CODX,6.559999942779541,6.880000114440918,6.484000205993652,6.869999885559082,459000,0.0143752857831868
2022-01-28,COGT,6.809999942779541,6.869999885559082,6.500999927520752,6.699999809265137,73500,0.0006455862977602
2022-01-28,COHU,30.46999931335449,30.850000381469727,29.32999992370605,30.780000686645508,394300,0.0084804635327163
2022-01-28,COKE,546.8922050694014,556.886474609375,543.8891208285651,556.886474609375,17100,0.0022170103032636
2022-01-28,COLB,28.763968570016203,29.01481648405908,28.16193102454988,28.87266731262207,807500,0.0038431333757938
2022-01-28,COLL,17.639999389648438,17.959999084472656,17.18000030517578,17.479999542236328,154700,0.0048145450924006
2022-01-28,COLM,84.06556366690803,85.75220800412205,83.31276530664691,85.7045669555664,523400,0.0094574181284647
2022-01-28,COMM,8.989999771118164,9.130000114440918,8.739999771118164,9.119999885559082,2716000,0.0125415014722503
2022-01-28,COO,94.8752431744631,96.32986541177632,93.57058332930453,96.2748794555664,1260000,0.0063013550433885
2022-01-28,COOP,39.9900016784668,40.130001068115234,38.83000183105469,40.09999847412109,715800,0.011187276699894
2022-01-28,CORT,17.0,17.6200008392334,16.790000915527344,17.610000610351562,1145000,0.0108527719590912
2022-01-28,COST,463.090225327293,471.6964824484005,455.5849006818779,471.4092712402344,1918500,0.0043240330718277
2022-01-28,CPB,39.591016784685074,39.84279029606182,39.285294501671245,39.761863708496094,2465400,0.0082681042709161
2022-01-28,CPIX,3.3299999237060547,3.4800000190734863,3.25,3.3399999141693115,83100,0.0059491423498754
2022-01-28,CPRT,30.57250022888184,31.372499465942383,30.292499542236328,31.354999542236328,6082000,0.0062954602200447
2022-01-28,CPRX,5.320000171661377,5.559999942779541,5.239999771118164,5.539999961853027,1089100,0.0089674763277068
2022-01-28,CPSH,2.869999885559082,3.0,2.720000028610229,2.900000095367432,102500,0.0070563128183946
2022-01-28,CPSS,10.920000076293944,11.229999542236328,10.65999984741211,11.140000343322754,104400,0.0048686763169676
2022-01-28,CPZ,13.96601193555362,14.105742454528809,13.56778168881402,14.105742454528809,71800,0.0036572569554099
2022-01-28,CRAI,78.23684614408961,79.90615258264832,76.47159658055939,79.60874938964844,40100,0.0059043872100077
2022-01-28,CRBP,12.779999732971191,13.5,12.0,12.600000381469728,45090,0.0036861725609457
2022-01-28,CRDF,3.0999999046325684,3.190000057220459,3.0299999713897705,3.1600000858306885,943000,0.0141752712918437
2022-01-28,CRDL,1.850000023841858,1.850000023841858,1.7300000190734863,1.7799999713897705,155800,0.0018859930516045
2022-01-28,CREG,5.690000057220459,6.050000190734863,5.349999904632568,5.78000020980835,67400,0.0027520201215951
2022-01-28,CRESY,4.019615222022499,4.210630073573478,3.994700346965867,4.185715198516846,109865,0.001835206430447
2022-01-28,CREX,4.019999980926514,4.230000019073486,3.900000095367432,4.110000133514404,17733,0.0016974738434146
2022-01-28,CRIS,3.049999952316284,3.119999885559082,2.9200000762939453,3.0899999141693115,1564300,0.1495192215786354
2022-01-28,CRMD,3.930000066757202,4.079999923706055,3.700000047683716,4.070000171661377,205500,0.0031527205446919
2022-01-28,CRMT,92.70999908447266,95.79000091552734,88.93000030517578,92.7699966430664,83200,0.0100703593738463
2022-01-28,CRNC,59.02999877929688,59.84000015258789,56.31999969482422,59.72999954223633,407800,0.0094400333341049
2022-01-28,CRNT,2.069999933242798,2.119999885559082,2.039999961853028,2.109999895095825,374600,0.0042166116398472
2022-01-28,CRNX,17.209999084472656,18.25,16.530000686645508,17.860000610351562,329700,0.0035433135856381
2022-01-28,CRON,3.2799999713897705,3.505000114440918,3.220000028610229,3.4100000858306885,2822600,0.0073787482347051
2022-01-28,CROX,94.4000015258789,96.62999725341795,89.5999984741211,96.51000213623048,1647200,0.0293847959726132
2022-01-28,CRSP,58.630001068115234,61.400001525878906,56.380001068115234,59.0,2738200,0.0319232420788575
2022-01-28,CRTO,32.25,33.13999938964844,31.5,32.61000061035156,212800,0.0039206004709142
2022-01-28,CRUS,83.33999633789062,85.25,80.97000122070312,85.25,587200,0.0110490376310803
2022-01-28,CRVL,56.83333206176758,58.17333221435547,55.68333435058594,58.17333221435547,102900,0.002003539781655
2022-01-28,CRVS,1.6299999952316284,1.6699999570846558,1.559999942779541,1.659999966621399,174000,0.0025537235931771
2022-01-28,CRWD,160.60000610351562,169.1699981689453,156.1199951171875,168.89999389648438,4517600,0.0182254628208949
2022-01-28,CRWS,5.710118651849178,5.710118651849178,5.546505093377766,5.5955891609191895,34500,0.0033193184332816
2022-01-28,CSCO,49.27910533036883,50.327981562732745,48.329692064315374,50.28277206420898,30976600,0.0077864109008928
2022-01-28,CSGP,66.19999694824219,67.51000213623047,64.77999877929688,67.37000274658203,1511500,0.0035837661704081
2022-01-28,CSGS,51.91676282933629,53.11870956420898,51.91676282933629,53.11870956420898,213900,0.007433975247886
2022-01-28,CSIQ,24.65999984741211,25.6200008392334,24.270000457763672,25.239999771118164,863100,0.0130427095469732
2022-01-28,CSQ,12.858628638125287,13.142670631408691,12.705092188096623,13.142670631408691,252800,0.0015763546798029
2022-01-28,CSTE,11.647299590001778,11.735167042937404,11.276304194871054,11.725403785705566,156500,0.004528906869469
2022-01-28,CSTL,35.349998474121094,38.41999816894531,34.57500076293945,38.40999984741211,290300,0.0100641707892903
2022-01-28,CSWC,16.658482335449502,16.936588287353516,16.58200439217261,16.936588287353516,54300,0.00107350865331
2022-01-28,CSWI,108.74048399763971,109.0957489013672,105.73060287690208,109.0957489013672,58500,0.0034856492543093
2022-01-28,CSX,32.088908988359215,32.96910388123044,31.77318452701004,32.94040298461914,15047500,0.0079838176857531
2022-01-28,CTAS,92.89743987486634,95.31926624661514,91.95041365671,95.27240753173828,2047600,0.0050709902979344
2022-01-28,CTBI,38.6682878445239,38.83424496021575,37.74241393907605,38.67702102661133,33100,0.0018285474372714
2022-01-28,CTHR,21.899999618530277,23.0,21.100000381469727,21.399999618530277,22300,0.0071514012577486
2022-01-28,CTLP,7.440000057220459,7.800000190734863,7.25,7.789999961853027,248400,0.0034011276846864
2022-01-28,CTMX,4.179999828338623,4.400000095367432,4.150000095367432,4.400000095367432,888600,0.0110936462545573
2022-01-28,CTRM,10.800000190734863,11.5,10.699999809265137,11.399999618530272,98110,0.0101538445616232
2022-01-28,CTRN,47.900001525878906,48.25,45.45000076293945,47.77999877929688,391800,0.0449826751258894
2022-01-28,CTSH,77.63616388363545,80.18005605348283,77.1046067037019,80.15158081054688,2491400,0.0050370388341663
2022-01-28,CTSO,3.400000095367432,3.5299999713897705,3.299999952316284,3.490000009536743,153400,0.0024544
2022-01-28,CTXR,35.5,35.5,33.45000076293945,35.25,47260,0.0050489618966832
2022-01-28,CUBA,3.161694955337125,3.257322689565005,3.161694955337125,3.2274391651153564,9700,0.000617013020883
2022-01-28,CUE,7.989999771118164,7.989999771118164,6.579999923706055,7.230000019073486,1173400,0.0189811886617566
2022-01-28,CVBF,19.37315584483499,19.556662609686637,18.89254146064706,19.311986923217773,625100,0.0044941477583182
2022-01-28,CVCO,253.82000732421875,261.8599853515625,245.5800018310547,261.8599853515625,40600,0.0050666716584614
2022-01-28,CVGI,7.630000114440918,7.78000020980835,7.380000114440918,7.610000133514404,152000,0.0043879400930705
2022-01-28,CVGW,38.20027140381774,38.99273070254484,37.65605385930813,38.91634750366211,53800,0.0030162868275726
2022-01-28,CVLT,66.80999755859375,68.5999984741211,65.0999984741211,67.44999694824219,215800,0.0049048129897994
2022-01-28,CVV,4.619999885559082,4.739999771118164,4.550000190734863,4.570000171661377,27000,0.0039233693314578
2022-01-28,CWBC,20.845060852782773,20.881791325536653,20.59712359361089,20.80832862854004,53000,0.0027805466659671
2022-01-28,CWCO,9.22102532334812,9.258700569784986,9.098580547866122,9.239863395690918,70300,0.0044284022475873
2022-01-28,CWST,72.94000244140625,74.55999755859375,72.23999786376953,74.55999755859375,155300,0.0024899671798917
2022-01-28,CYBR,128.1999969482422,129.7100067138672,125.0199966430664,129.27999877929688,539200,0.0109020253261812
2022-01-28,CYCC,46.34999847412109,46.79999923706055,45.150001525878906,46.20000076293945,2980,1.4372805494463094e-05
2022-01-28,CYRX,36.31999969482422,37.630001068115234,34.970001220703125,37.52000045776367,608400,0.0121898442008078
2022-01-28,CYTH,3.5299999713897705,3.75,3.5299999713897705,3.630000114440918,30264,0.0009244783313935
2022-01-28,CYTK,31.100000381469727,31.600000381469727,29.670000076293945,31.559999465942383,1212900,0.0101763600362452
2022-01-28,CZNC,21.32726930884431,21.54889579966252,21.105642818026105,21.438081741333008,22600,0.0014612604341107
2022-01-28,CZR,70.58999633789062,73.68000030517578,68.80000305175781,72.97000122070312,4223700,0.0199218923338433
2022-01-28,DAIO,4.360000133514404,4.440000057220459,4.360000133514404,4.400000095367432,7500,0.0008117120305463
2022-01-28,DAKT,4.769999980926514,4.940000057220459,4.690000057220459,4.920000076293945,278200,0.0055758095646579
2022-01-28,DARE,16.920000076293945,18.239999771118164,16.559999465942383,17.760000228881836,221775,0.025058217773454
2022-01-28,DBVT,2.819999933242798,2.8399999141693115,2.759999990463257,2.799999952316284,48900,0.0017888040619387
2022-01-28,DBX,22.8799991607666,23.96999931335449,22.780000686645508,23.959999084472656,3538700,0.0163514537771798
2022-01-28,DCOM,30.637776151964506,31.50932929968938,30.33540029315675,31.064659118652344,194500,0.0044551745306032
2022-01-28,DDOG,130.30999755859375,137.52999877929688,122.69000244140624,136.9600067138672,4943100,0.0155807440801809
2022-01-28,DENN,14.720000267028809,15.31999969482422,14.59000015258789,15.3100004196167,359100,0.0069760529643854
2022-01-28,DGICA,12.22959133380976,12.41879679411362,12.04038505331976,12.349994659423828,44800,0.0014902485188992
2022-01-28,DGII,21.530000686645508,21.84000015258789,21.1299991607666,21.82999992370605,68500,0.0018564088110311
2022-01-28,DGLY,19.799999237060547,20.0,19.0,20.0,8935,0.0001127426357797
2022-01-28,DHC,2.693277597427368,2.693277597427368,2.553488018949665,2.693277597427368,1594800,0.0066109535890165
2022-01-28,DHCNI,15.256735163409036,15.300978563032062,15.013394355773926,15.013394355773926,18400,
2022-01-28,DHIL,156.34133213668656,159.25561879659145,154.509010563075,158.4092559814453,7200,0.0025829689075117
2022-01-28,DIOD,84.41000366210938,85.87000274658203,81.58000183105469,85.87000274658203,311000,0.0066937861862637
2022-01-28,DKNG,19.433000564575195,20.8799991607666,18.88999938964844,20.63999938964844,35332500,0.0706712190672779
2022-01-28,DLHC,17.3799991607666,17.700000762939453,16.65999984741211,16.860000610351562,44900,0.003120981475689
2022-01-28,DLPN,10.520000457763672,10.520000457763672,10.020000457763672,10.220000267028809,37350,0.0033461745206952
2022-01-28,DLTH,14.479999542236328,14.670000076293944,14.15999984741211,14.630000114440918,62600,0.0019701456837758
2022-01-28,DLTR,127.8499984741211,128.69000244140625,125.7699966430664,128.49000549316406,1547000,0.0071925719022862
2022-01-28,DMAC,2.4514000415802,2.4514000415802,2.25,2.3499999046325684,65400,0.001526051377063
2022-01-28,DMLP,16.107068846075027,16.54009180218016,15.773426631821154,16.19225311279297,120100,0.002536977342532
2022-01-28,DMRC,29.06999969482422,30.36000061035156,28.01000022888184,29.65999984741211,125700,0.0058334609547941
2022-01-28,DNLI,31.56999969482422,32.38999938964844,30.51000022888184,32.369998931884766,645800,0.0044471987358221
2022-01-28,DNTH,3.059999942779541,3.190000057220459,3.009999990463257,3.1600000858306885,367500,0.011439368235598
2022-01-28,DOCU,111.97000122070312,117.47000122070312,109.5199966430664,117.29000091552734,3907500,0.0192972492468763
2022-01-28,DOMO,40.63999938964844,44.470001220703125,39.7599983215332,44.25,476700,0.012997636049831
2022-01-28,DOOO,77.25473054780329,79.16020844894614,76.43391480344677,79.0429458618164,98100,0.0028424566242857
2022-01-28,DORM,90.58999633789062,92.66000366210938,88.44000244140625,92.48999786376952,130500,0.0042705674455134
2022-01-28,DOX,69.89115203121573,70.81754229692197,69.38584630286573,70.770751953125,424000,0.0037802127261218
2022-01-28,DOYU,11.277706004981615,11.61507365183587,9.78365072773874,9.831846237182615,808750,0.0255645538570471
2022-01-28,DPZ,410.8126341275892,422.3331604003906,405.1241918058416,422.3331604003906,437300,0.0127503863311659
2022-01-28,DRIO,7.900000095367432,8.390000343322754,7.559999942779541,8.369999885559082,119900,0.0028844997233382
2022-01-28,DRRX,6.800000190734863,7.400000095367432,6.599999904632568,7.099999904632568,79870,0.0025729656594291
2022-01-28,DSGR,23.174999237060547,24.125,23.100000381469727,23.975000381469727,138800,0.0029804403235538
2022-01-28,DSGX,67.0199966430664,69.91999816894531,66.06999969482422,69.83000183105469,308900,0.0036083919351447
2022-01-28,DTIL,126.9000015258789,130.5,121.8000030517578,130.5,19520,0.0018622577967734
2022-01-28,DTSS,16.950000762939453,17.700000762939453,16.5,16.649999618530273,2420,0.0003231233476646
2022-01-28,DVAX,11.800000190734863,12.619999885559082,11.619999885559082,12.600000381469728,1583300,0.0127612415471786
2022-01-28,DXCM,96.73999786376952,103.5,95.51000213623048,103.34750366210938,5807600,0.0148112629499343
2022-01-28,DXLG,4.340000152587891,4.449999809265137,4.199999809265137,4.329999923706055,600300,0.0112153408974141
2022-01-28,DXPE,30.09000015258789,30.46999931335449,29.149999618530277,30.0,233400,0.0148708832693006
2022-01-28,DYAI,3.630000114440918,3.869999885559082,3.539999961853028,3.7799999713897705,59200,0.0019673852718614
2022-01-28,EA,128.7598486383421,129.810260444855,127.2087599608898,129.5059356689453,2155000,0.0082688072197622
2022-01-28,EBAY,53.13774186434996,53.94313993237626,52.36043446673211,53.8869514465332,5027100,0.0107877682403433
2022-01-28,EBTC,37.53312905167342,38.03369140625,36.92335044126021,38.03369140625,5100,0.0004093689297009
2022-01-28,ECOR,10.21500015258789,10.21500015258789,8.895000457763672,9.600000381469728,32480,0.0045154446837172
2022-01-28,ECPG,64.5999984741211,65.45999908447266,63.84000015258789,65.38999938964844,580200,0.024490002659204
2022-01-28,EDAP,6.71999979019165,6.849999904632568,6.690000057220459,6.840000152587891,1853000,0.0495559222402593
2022-01-28,EDIT,17.239999771118164,17.780000686645508,16.5,17.43000030517578,1994000,0.0240309570790234
2022-01-28,EDSA,26.25,26.25,25.200000762939453,25.899999618530277,14757,0.0021013345332551
2022-01-28,EDUC,7.202925732953532,7.291728604663754,6.956250200598907,7.11412239074707,12600,0.0014679155599049
2022-01-28,EEFT,132.77999877929688,134.64999389648438,130.8800048828125,133.8800048828125,1860900,0.0430430106283322
2022-01-28,EFSC,45.20162457607226,45.72300402479247,44.5312836295542,45.71369171142578,172600,0.0046704315143184
2022-01-28,EGAN,9.90999984741211,9.989999771118164,9.609999656677246,9.970000267028809,151300,0.0053784272810326
2022-01-28,EHTH,21.040000915527344,21.899999618530277,20.76000022888184,21.56999969482422,344100,0.0114919880037137
2022-01-28,EKSO,2.319999933242798,2.3399999141693115,2.2699999809265137,2.289999961853028,15400,0.0006203473945409
2022-01-28,ENLV,4.96999979019165,5.340000152587891,4.820000171661377,5.150000095367432,56900,0.0024058179358166
2022-01-28,ENPH,120.31999969482422,124.27999877929688,113.97000122070312,123.86000061035156,3074600,0.0234369521137926
2022-01-28,ENSG,72.68796787370329,73.45226513832674,71.47699688543074,73.44233703613281,304500,0.005284063991837
2022-01-28,ENTA,56.27999877929688,58.77999877929688,55.54999923706055,58.70000076293945,186200,0.0087284659557013
2022-01-28,ENTG,108.59398105153711,110.23276656270608,106.10619498147264,110.06493377685548,1804700,0.0119263029943657
2022-01-28,EOLS,6.599999904632568,7.114999771118164,6.590000152587891,7.050000190734863,720300,0.0113278227556662
2022-01-28,EPIX,7.860000133514404,8.84000015258789,7.75,8.729999542236328,403600,0.0090924246315495
2022-01-28,EQ,3.900000095367432,3.900000095367432,3.549999952316284,3.650000095367432,60400,0.0016909625888525
2022-01-28,EQIX,643.9116029610694,664.2886931036329,631.8316966401343,664.1197509765625,619300,0.0063311259209728
2022-01-28,ERIC,10.691790376438416,10.881105422973633,10.64671606133654,10.881105422973633,9031200,0.0029408777135894
2022-01-28,ERIE,164.0954978329856,168.18912733234282,162.14793307786448,167.3288116455078,54100,0.0011712720100629
2022-01-28,ERII,18.479999542236328,19.01000022888184,18.13999938964844,18.989999771118164,274700,0.0049986079595598
2022-01-28,ERNA,49.0,51.400001525878906,47.59999847412109,50.59999847412109,11575,0.0002215527257205
2022-01-28,ESCA,11.726770336548292,12.228727960516974,11.596953197372397,12.055639266967772,25500,0.0018662451148289
2022-01-28,ESEA,23.7511415339626,24.66623289418323,23.34718269567124,24.410667419433597,75800,0.010755526041711
2022-01-28,ESGR,264.70001220703125,266.8999938964844,260.010009765625,266.8999938964844,31700,0.0021296035041046
2022-01-28,ESGRO,21.116270430681958,21.228547870124142,21.116270430681958,21.124290466308597,4000,0.0001863863416088
2022-01-28,ESGRP,22.101894371072,22.2378814808602,21.97390668253412,22.15789031982422,240600,0.0112111384477745
2022-01-28,ESLT,157.31511990852837,158.03483584602495,154.64051972461212,157.41238403320312,50700,0.0011342256505019
2022-01-28,ESPR,3.680000066757202,4.079999923706055,3.680000066757202,4.070000171661377,968000,0.0048926203273251
2022-01-28,ESQ,33.033940137583286,33.139626601206764,31.77347352881822,32.30674743652344,20000,0.0023720712332991
2022-01-28,ESSA,15.747029969893628,15.77399296443161,15.711077024735278,15.729053497314451,6200,0.0006105547185047
2022-01-28,ESTA,49.0,49.869998931884766,46.93000030517578,49.869998931884766,371600,0.0128543952622767
2022-01-28,ETNB,6.179999828338623,6.289999961853027,6.0,6.079999923706055,366900,0.0025132891275756
2022-01-28,ETON,3.470000028610229,3.619999885559082,3.309999942779541,3.559999942779541,295200,0.0110077374848513
2022-01-28,ETSY,141.22000122070312,145.99000549316406,138.5,145.9499969482422,3137200,0.0292999103407053
2022-01-28,EVER,15.25,15.65999984741211,14.859999656677246,15.579999923706056,207500,0.0064602097777999
2022-01-28,EVGN,12.5,13.0,11.899999618530272,12.899999618530272,19110,0.0028121178587878
2022-01-28,EVOK,73.44000244140625,82.08000183105469,73.44000244140625,74.87999725341797,987,0.0006611470600056
2022-01-28,EVRG,55.07071569133291,56.553691409801125,54.73050429985916,56.501346588134766,1553800,0.0067552705892369
2022-01-28,EVTV,3.559999942779541,3.700000047683716,3.5,3.5999999046325684,11945,0.0005169563411003
2022-01-28,EWBC,76.06076364121618,77.54639255466324,75.33628725896963,77.10620880126953,1722100,0.0124970072784381
2022-01-28,EXAS,69.0999984741211,70.70999908447266,66.80000305175781,70.18000030517578,2592300,0.0139554783901169
2022-01-28,EXC,35.481462660158606,36.40149356297147,35.24035408541557,36.37611389160156,11840871,0.0117289769353638
2022-01-28,EXEL,17.489999771118164,17.780000686645508,17.010000228881836,17.770000457763672,2428500,0.008676902217068
2022-01-28,EXLS,23.10400009155273,23.6200008392334,22.84000015258789,23.618000030517575,897000,0.0055266322307572
2022-01-28,EXPE,170.981147986821,174.13453345044925,166.93962711638696,173.9948272705078,2016000,0.0163458575899589
2022-01-28,EXPI,22.80429659499792,23.82609872023256,21.916191065590425,23.80699920654297,1048800,0.0068995460824945
2022-01-28,EXPO,87.13814375524859,90.30873188329151,85.37456306672809,90.19308471679688,227200,0.0044708391875351
2022-01-28,EXTR,12.40999984741211,12.40999984741211,11.699999809265137,12.06999969482422,1917800,0.014446160219954
2022-01-28,EYE,38.650001525878906,39.17499923706055,37.70000076293945,38.93000030517578,1060600,0.0134622090431519
2022-01-28,EYEN,236.0,243.1999969482422,228.0,238.3999938964844,1329,0.0006347462686567
2022-01-28,EYPT,8.670000076293945,8.850000381469727,8.369999885559082,8.680000305175781,174800,0.0025433297249479
2022-01-28,EZPW,5.78000020980835,5.949999809265137,5.78000020980835,5.940000057220459,266100,0.0051204193317477
2022-01-28,FAMI,480.0,504.0,456.0,480.0,21394,0.017108356657337
2022-01-28,FANG,109.10769152083624,110.17969554589044,105.56249586176456,108.65188598632812,2358700,0.0080205245996395
2022-01-28,FARM,6.079999923706055,6.130000114440918,6.010000228881836,6.119999885559082,105600,0.0049452324868056
2022-01-28,FARO,50.709999084472656,52.02000045776367,48.75,51.4900016784668,158300,0.0082337275952106
2022-01-28,FAST,50.39199071655712,51.36672757980682,49.69312522574521,51.339141845703125,2424500,0.0042267244491831
2022-01-28,FAT,5.0632138423665305,5.0632138423665305,4.742339207930582,4.8178391456604,14352,0.0008686652261543
2022-01-28,FATE,35.869998931884766,36.880001068115234,33.5,36.630001068115234,2919900,0.0254797246001204
2022-01-28,FBIO,29.850000381469727,29.850000381469727,27.899999618530277,28.950000762939453,28800,0.0009751538914734
2022-01-28,FBIOP,18.65547213047238,18.90784839568981,18.65547213047238,18.837299346923828,6700,0.0001182085233638
2022-01-28,FBIZ,28.479341871456104,30.82654139022448,28.479341871456104,30.34789657592773,51900,0.0062521608503902
2022-01-28,FBNC,40.62102671009541,40.75969799320233,38.80907455601111,39.93692398071289,134500,0.0032535232391061
2022-01-28,FBRX,32.5,39.75,32.25,38.5,22808,0.0034653818863601
2022-01-28,FCBC,27.66834706215264,27.66834706215264,26.450939531611475,27.251192092895508,25500,0.0013914125292605
2022-01-28,FCEL,107.4000015258789,111.0,102.0,110.4000015258789,708030,0.0334864120924337
2022-01-28,FCFS,64.07132944483047,65.40893699409226,62.43754002221863,65.38983154296875,211800,0.0047318294843467
2022-01-28,FCNCA,759.3341837697287,759.3341837697287,719.7123716669614,742.6346435546875,201600,0.0160927247473538
2022-01-28,FDUS,11.741127202458864,11.768026163630005,11.55956434500593,11.754576683044434,43900,0.0012639749853879
2022-01-28,FELE,82.17281258078575,82.72502288805309,79.87677636041876,82.70565032958984,167500,0.0036587710024377
2022-01-28,FENC,4.239999771118164,4.422999858856201,4.239999771118164,4.420000076293945,35800,0.0012973834891643
2022-01-28,FFBC,21.471934093111603,22.77166626640881,21.103090997983568,21.831995010375977,385100,0.0040356808259574
2022-01-28,FFIC,20.38137634750933,20.597845408553894,19.02428374281423,19.623735427856445,126100,0.0037333428073198
2022-01-28,FFIN,43.8307296764236,45.78520447478862,42.22226492146695,43.27898788452149,602100,0.0042109898820984
2022-01-28,FFIV,201.33999633789065,203.2100067138672,193.5,199.50999450683597,1490300,0.0258497926362001
2022-01-28,FFNW,15.19717283734424,15.2155477714634,15.160419464111328,15.160419464111328,5000,0.0005418327384009
2022-01-28,FGBI,18.364537818832567,18.364537818832567,18.326395438048284,18.33526611328125,1000,7.996993130582901e-05
2022-01-28,FGEN,13.90999984741211,14.529999732971191,13.56999969482422,14.5,927800,0.0091936938276009
2022-01-28,FHB,24.40825382218176,24.43420224146952,23.673066755929888,24.382307052612305,506800,0.004015975149767
2022-01-28,FIBK,31.05527552693363,31.56626909116248,30.165154662778832,30.742084503173828,2054500,0.0199038955251353
2022-01-28,FISI,26.642422878634477,26.90239101087157,26.28182326253861,26.852073669433597,33200,0.0016535593861907
2022-01-28,FITB,38.75117705242575,39.03185529473446,37.91791205671922,39.00554275512695,6438900,0.0096882235209682
2022-01-28,FITBI,21.195692629294257,21.705581300283068,21.140781748816742,21.281980514526367,30300,4.6216077704021866e-05
2022-01-28,FITBO,20.911874700696995,21.169634942740647,20.77883705409809,20.895244598388672,24200,
2022-01-28,FITBP,20.858353292876,21.13592055370093,20.793043440747173,20.939990997314453,13800,
2022-01-28,FIVE,154.9499969482422,158.83999633789062,151.00999450683594,158.83999633789062,723500,0.0131427408836426
2022-01-28,FIVN,118.6999969482422,120.5999984741211,114.37000274658205,120.5999984741211,1287000,0.0168801939058171
2022-01-28,FIZZ,39.13122213454486,40.521764394568784,38.59926924848595,40.36311340332031,215000,0.0022965129320381
2022-01-28,FLEX,11.801054954528809,12.155237197875977,11.703089714050291,12.132630348205566,7827044,0.0204306513824083
2022-01-28,FLGT,60.27000045776367,62.83000183105469,59.119998931884766,62.63999938964844,330000,0.010691479538776
2022-01-28,FLIC,17.49117001941491,17.67933627841013,16.918494646302506,17.368453979492188,50300,0.0022221927697004
2022-01-28,FLL,8.199999809265137,8.720000267028809,8.010000228881836,8.720000267028809,404200,0.0112353928773946
2022-01-28,FLNT,8.640000343322754,8.880000114440918,8.399999618530273,8.819999694824219,31867,0.0015436670751851
2022-01-28,FLWS,15.010000228881836,16.940000534057617,14.720000267028809,16.899999618530273,2611600,0.0714862493806952
2022-01-28,FLXS,21.38232484016634,21.887925108134937,21.14331326244649,21.786806106567383,27400,0.0051998626021706
2022-01-28,FMBH,37.04164085918222,37.1605409302053,35.65143564776804,36.86786651611328,24700,0.0010299262372666
2022-01-28,FMNB,15.403274900060609,15.403274900060609,14.531391046009292,14.839115142822266,142200,0.0037804469541082
2022-01-28,FNKO,15.890000343322754,16.739999771118164,15.5,16.739999771118164,392100,0.0072762970124686
2022-01-28,FNLC,27.146145015068928,27.25553832042488,26.371984909452397,27.070411682128903,17600,0.0015720180782078
2022-01-28,FNWB,19.37588255918601,20.737884011944143,19.37588255918601,20.3460750579834,57100,0.0060483315714434
2022-01-28,FOLD,8.720000267028809,9.130000114440918,8.520000457763672,9.130000114440918,2135200,0.006949615935425
2022-01-28,FONR,14.93000030517578,15.350000381469728,14.890000343322754,15.300000190734863,16500,0.0026564957761717
2022-01-28,FORD,15.600000381469728,15.600000381469728,14.300000190734863,14.600000381469728,4490,0.0040778515444068
2022-01-28,FORM,39.040000915527344,40.220001220703125,37.869998931884766,40.209999084472656,585800,0.007600330065546
2022-01-28,FORR,54.09000015258789,54.20000076293945,52.77000045776367,53.91999816894531,54800,0.0028870976239397
2022-01-28,FOSL,10.1899995803833,10.420000076293944,9.880000114440918,10.380000114440918,434000,0.0081489033716557
2022-01-28,FOX,33.17105076783797,34.86945502408424,33.009751624811706,34.83150100708008,1269700,0.0053896538477943
2022-01-28,FOXA,36.24962388695738,38.21691858676164,36.16388218534121,38.2026252746582,4206500,0.019309422877178
2022-01-28,FOXF,123.13999938964844,125.22000122070312,118.41999816894533,124.91000366210938,395800,0.0094887851094638
2022-01-28,FPAY,1.75,1.8899999856948853,1.7400000095367432,1.7799999713897705,46200,0.0019497455202275
2022-01-28,FRBA,13.44163790883746,13.620859351808926,13.375609098201933,13.611427307128906,21400,0.0008510469070012
2022-01-28,FRGT,10462.5546875,10462.5546875,9581.498046875,10462.5546875,3,1.3244623786461346e-06
2022-01-28,FRHC,60.25,62.06999969482422,59.43999862670898,62.06999969482422,303300,0.0050032827341381
2022-01-28,FRME,37.217414297219214,38.09530706771305,36.73856185000639,37.97116088867188,259400,0.0044315366874519
2022-01-28,FRPH,27.73500061035156,28.125,27.415000915527344,27.959999084472656,26200,0.0013726404467892
2022-01-28,FRPT,82.68000030517578,88.6500015258789,81.9000015258789,88.58000183105469,576000,0.0118229998398968
2022-01-28,FRST,13.920764294710548,13.920764294710548,13.181529923761024,13.519974708557127,33800,0.0013671645896281
2022-01-28,FRSX,7.079999923706055,7.5,6.900000095367432,7.5,97900,0.0050731960098458
2022-01-28,FSBW,30.500776701937344,30.664174004430546,30.146750367480195,30.518932342529297,5600,0.0007220216606498
2022-01-28,FSLR,72.0999984741211,73.9000015258789,69.86000061035156,73.41999816894531,1395400,0.013011935844834
2022-01-28,FSTR,14.920000076293944,15.229999542236328,14.84000015258789,15.0600004196167,52200,0.0048546398080464
2022-01-28,FSV,150.10771379590767,151.41121033175546,147.8535469666574,151.26419067382812,98300,0.0021631256395304
2022-01-28,FTAI,19.640820770040957,19.829675351276524,18.9760554111424,19.625713348388672,647914,0.0063179686204912
2022-01-28,FTDR,34.7599983215332,35.2599983215332,34.209999084472656,35.209999084472656,634800,0.0085907416164755
2022-01-28,FTEK,1.0800000429153442,1.1299999952316284,1.0499999523162842,1.1200000047683716,165000,0.0053731401608034
2022-01-28,FTFT,35.0,35.5,32.5,34.0,13530,0.0044960771477657
2022-01-28,FTNT,54.75,56.512001037597656,53.040000915527344,56.43199920654297,7346500,0.0095536388059177
2022-01-28,FULC,11.720000267028809,12.229999542236328,11.43000030517578,12.06999969482422,317700,0.0058855894759657
2022-01-28,FULT,15.548464958936163,15.923232034057946,15.2957144525141,15.687912940979004,1189900,0.0065307354555433
2022-01-28,FUNC,17.75719745200681,18.03507507665721,17.75719745200681,17.864763259887695,1900,0.0002935097275302
2022-01-28,FUND,6.469809589716235,6.5177336763644185,6.357985451304432,6.509746074676514,38900,0.0012958761821955
2022-01-28,FUTU,37.144163217783664,38.394675658718114,35.56148294387337,38.18951416015625,4770900,0.0510372405294034
2022-01-28,FVCB,16.535999298095703,16.920000076293945,16.13599967956543,16.280000686645508,66625,0.003624706215181
2022-01-28,FWONA,51.56188583374024,52.29862594604492,50.7269172668457,52.29862594604492,105261,0.0043880873273608
2022-01-28,FWONK,55.95870208740234,57.25663757324219,55.57030487060547,57.18780517578125,738545,0.0033142091706231
2022-01-28,FWRD,99.30521995652424,101.20420837402344,97.32792851260736,101.20420837402344,136600,0.0044929924447996
2022-01-28,GABC,35.18586647017774,35.75014995996184,34.81271075520685,35.65913772583008,39000,0.0010420535401765
2022-01-28,GAIA,7.199999809265137,7.239999771118164,6.960000038146973,7.239999771118164,30300,0.0015402132915832
2022-01-28,GAIN,10.3506237750821,10.3842735253505,10.121806243435696,10.364083290100098,97700,0.0026521958661577
2022-01-28,GALT,1.7999999523162842,1.870000004768372,1.7999999523162842,1.830000042915344,118400,0.0018739959322892
2022-01-28,GASS,2.130000114440918,2.220000028610229,2.109999895095825,2.200000047683716,67200,0.0018289994393245
2022-01-28,GBDC,11.002363517707709,11.044953609826283,10.902987087395395,11.03785514831543,442900,0.0016681794909003
2022-01-28,GDEN,39.758714487150016,41.29351806640625,39.05526255624041,41.29351806640625,199900,0.0075618585754653
2022-01-28,GDS,36.27999877929688,37.04999923706055,34.95000076293945,37.0,1894800,0.0100281032459807
2022-01-28,GDYN,24.51000022888184,25.07999992370605,23.63999938964844,25.030000686645508,298300,0.0035580354586919
2022-01-28,GECC,10.87781544317402,11.099058340476446,10.87781544317402,10.91468906402588,25583,0.0022160528048231
2022-01-28,GEN,23.56058568292248,23.92391560397669,23.32768152287896,23.88665008544922,3120400,0.0050631104614545
2022-01-28,GEOS,8.430000305175781,8.729999542236328,7.75,8.649999618530273,20100,0.0015731638594953
2022-01-28,GERN,1.0399999618530271,1.0800000429153442,1.0099999904632568,1.0700000524520874,1776700,0.0027895488599711
2022-01-28,GEVO,2.940000057220459,3.059999942779541,2.809999942779541,3.009999990463257,8855000,0.0369558866491381
2022-01-28,GGAL,7.4911475142118205,7.751143701739426,7.320524822434391,7.743018627166748,1573800,0.0118774669252771
2022-01-28,GH,61.33000183105469,63.54999923706055,59.56999969482422,62.75,1978500,0.0160304972411502
2022-01-28,GIFI,4.0,4.079999923706055,3.920000076293945,3.950000047683716,47500,0.0029058563711665
2022-01-28,GIII,25.82999992370605,26.270000457763672,25.059999465942383,26.25,619200,0.0141101833959237
2022-01-28,GILD,59.18292457503372,60.5006384423833,58.87545264419403,60.49185180664063,11514100,0.0092361806247411
2022-01-28,GILT,7.150000095367432,7.5,7.150000095367432,7.489999771118164,265800,0.0046578952902334
2022-01-28,GLAD,15.892512321472166,15.907519758529029,15.56235586216106,15.892512321472168,50200,0.0022481067985078
2022-01-28,GLBS,1.6200000047683716,1.830000042915344,1.600000023841858,1.7899999618530271,370200,0.0179863280585746
2022-01-28,GLDD,13.510000228881836,13.630000114440918,13.260000228881836,13.619999885559082,221600,0.0032897518410733
2022-01-28,GLMD,16.31999969482422,17.8799991607666,16.200000762939453,17.052000045776367,3958,0.0017528553650748
2022-01-28,GLNG,13.048445701185576,13.452102952089346,12.898247904174726,13.386391639709473,1127100,0.0107730687618282
2022-01-28,GLPG,64.76000213623047,67.66000366210938,64.12999725341797,67.44999694824219,969500,0.0147123318021582
2022-01-28,GLPI,35.15593587680254,36.072690473589496,34.9267448857679,36.06450653076172,1037800,0.0037761114211499
2022-01-28,GLRE,7.050000190734863,7.130000114440918,6.989999771118164,7.079999923706055,54800,0.0015854554712679
2022-01-28,GLYC,1.0700000524520874,1.149999976158142,1.0299999713897705,1.149999976158142,348100,0.0053957364226934
2022-01-28,GMAB,32.209999084472656,32.9900016784668,31.940000534057617,32.849998474121094,608400,0.0009981182616189
2022-01-28,GMGI,6.199999809265137,6.489999771118164,6.099999904632568,6.389999866485596,11000,8.327844526713454e-05
2022-01-28,GNLN,1425.5999755859375,1496.0,1364.0,1416.800048828125,424,5.0857927659395824e-05
2022-01-28,GNPX,71.5999984741211,74.0,66.5999984741211,73.19999694824219,41878,0.0017338776456559
2022-01-28,GNSS,3.829999923706055,3.829999923706055,3.619999885559082,3.7100000381469727,26500,0.0005897669864019
2022-01-28,GNTX,29.49327243705718,29.77722491693085,27.70436784213618,29.143064498901367,2592000,0.0114557459935826
2022-01-28,GO,24.32999992370605,24.46999931335449,23.690000534057617,24.420000076293945,789200,0.0081061728691283
2022-01-28,GOGL,6.462151687935744,6.54755449295044,6.334047141053119,6.54755449295044,2281500,0.0114430880036914
2022-01-28,GOGO,12.329999923706056,12.9399995803833,12.21500015258789,12.9399995803833,647000,0.0049257708412637
2022-01-28,GOOD,17.322912116587343,17.707012176513672,17.092452666721723,17.707012176513672,218000,0.0047643087709176
2022-01-28,GOOG,129.38715053848992,132.7417599012003,128.08780872769168,132.66114807128906,30518000,0.0055517555676391
2022-01-28,GOOGL,129.04205751284695,132.72197391207828,127.87364760924652,132.71649169921875,34362000,0.0058909652626473
2022-01-28,GOSS,8.65999984741211,9.130000114440918,8.324999809265137,9.109999656677246,1883300,0.0082884067331243
2022-01-28,GPRE,28.36000061035156,29.790000915527344,27.850000381469727,29.739999771118164,1116600,0.0172502757634088
2022-01-28,GPRO,8.350000381469727,8.520000457763672,8.119999885559082,8.510000228881836,2498300,0.019046421029359
2022-01-28,GRCE,6.539999961853027,6.78000020980835,6.420000076293945,6.71999979019165,43650,0.0031819275264067
2022-01-28,GREE,106.0999984741211,114.3000030517578,101.6999969482422,110.1999969482422,23520,0.0027025070578867
2022-01-28,GRFS,11.529999732971191,11.699999809265137,11.31999969482422,11.68000030517578,1310800,0.0050762129004275
2022-01-28,GRNQ,4.300000190734863,4.400000095367432,4.050000190734863,4.289999961853027,42450,0.0056033612247403
2022-01-28,GROW,4.717039607114115,4.762049700694574,4.50099218812327,4.681031703948975,75900,0.0067264573991031
2022-01-28,GRPN,27.100000381469727,27.75,26.049999237060547,27.11000061035156,1930500,0.0484917447231788
2022-01-28,GRVY,58.369998931884766,60.97999954223633,57.02000045776367,60.060001373291016,25200,0.0036264732547597
2022-01-28,GRWG,7.010000228881836,7.369999885559082,6.739999771118164,7.340000152587891,2075700,0.0349103568905782
2022-01-28,GRYP,512.0,528.0,488.0,512.0,883,1.261736867819817e-05
2022-01-28,GSAT,15.449999809265137,15.600000381469728,14.550000190734863,15.600000381469728,332280,0.0026250177750391
2022-01-28,GSBC,53.02518677281622,54.06471693568479,52.36863994216053,53.50847625732422,40500,0.0034913793103448
2022-01-28,GSHD,79.02800427838473,84.84863118735755,76.519928446949,84.83916473388672,283600,0.0113559464556713
2022-01-28,GSIT,4.300000190734863,4.300000190734863,4.119999885559082,4.199999809265137,18300,0.0007147934910826
2022-01-28,GSM,4.767779133558268,4.984496153391854,4.659420388780506,4.974645614624023,1046300,0.0055688322354134
2022-01-28,GT,19.51000022888184,19.920000076293945,19.13999938964844,19.920000076293945,4935500,0.0173106205832401
2022-01-28,GTBP,87.9000015258789,90.5999984741211,81.0,83.4000015258789,5743,0.0022642327708563
2022-01-28,GTEC,4.46999979019165,4.960000038146973,4.360000133514404,4.960000038146973,73800,0.0054286660046342
2022-01-28,GTIM,4.389999866485596,4.449999809265137,4.150000095367432,4.320000171661377,17000,0.0015976542676164
2022-01-28,GWAV,1665.0,1800.0,1575.0,1755.0,5,1.2596806457626862e-07
2022-01-28,GWRS,13.683372969622916,13.868910053285852,13.562773644064356,13.841079711914062,16600,0.0006048240180718
2022-01-28,GYRE,1.3425995111465454,1.415832180714474,1.2937776797011518,1.3425995111465454,34347,0.0003669065209309
2022-01-28,HAFC,22.42369178130571,22.83216850367587,21.913095066771906,22.63644027709961,229300,0.0075936707267801
2022-01-28,HAIN,35.25,36.45000076293945,35.11000061035156,36.43999862670898,1210800,0.0134165279213592
2022-01-28,HALO,31.809999465942383,32.56999969482422,31.36000061035156,32.560001373291016,941500,0.0076214452818275
2022-01-28,HAS,76.12927692654094,78.00066569397983,74.48314357268586,77.94868469238281,1346100,0.0096063542811469
2022-01-28,HBAN,12.86386149836513,13.018124435886945,12.64960664656285,13.009554862976074,12132200,0.008305459797133
2022-01-28,HBCP,36.56077600596771,36.56077600596771,35.0412461561477,35.82403564453125,14800,0.0018451840695784
2022-01-28,HBIO,5.599999904632568,5.739999771118164,5.539999961853027,5.739999771118164,87100,0.0019761993896697
2022-01-28,HBNC,18.066497007148943,18.186655349422963,17.585868549089874,18.023584365844727,142700,0.0032421133944495
2022-01-28,HBT,16.257015437764366,16.657874032291076,16.146556322995707,16.470806121826172,8100,0.0002560746599897
2022-01-28,HCAT,27.649999618530277,28.399999618530277,26.739999771118164,28.350000381469727,837000,0.0119212768442371
2022-01-28,HCKT,17.525626818138225,17.703693389892578,17.19760672072726,17.703693389892578,77500,0.0028031974536116
2022-01-28,HCM,25.31999969482422,25.59000015258789,24.649999618530277,25.030000686645508,360100,0.0021061313325713
2022-01-28,HCSG,16.43252958107114,16.583808850063534,15.903058451391503,16.328527450561523,1217600,0.0165687600275289
2022-01-28,HDSN,3.359999895095825,3.509999990463257,3.2799999713897705,3.4200000762939453,138900,0.0031550183872381
2022-01-28,HEES,37.76299991236508,38.1604081660144,35.61884555691608,37.37483215332031,179200,0.004894409666459
2022-01-28,HELE,204.80999755859372,208.0500030517578,200.50999450683597,208.0500030517578,151500,0.0066285434268038
2022-01-28,HEPA,947.0,990.0,910.0,934.0,556,0.0005148148148148
2022-01-28,HFFG,6.78000020980835,6.894999980926514,6.630000114440918,6.849999904632568,82700,0.0015681411364946
2022-01-28,HFWA,21.16555934706752,21.367135704744395,20.595886232413815,21.19185256958008,443900,0.0130594160772915
2022-01-28,HGBL,1.649999976158142,1.7000000476837158,1.649999976158142,1.6699999570846558,17800,0.0005014776687486
2022-01-28,HIFS,347.4385513797883,359.01983642578125,347.4385513797883,359.01983642578125,1800,0.0008255933952528
2022-01-28,HIMX,8.066190568346894,8.135927205483801,7.771747399854816,8.081687927246094,3737000,0.0213649081024238
2022-01-28,HIVE,8.75,9.350000381469728,8.350000381469727,9.350000381469728,1939000,0.0124773168942484
2022-01-28,HLIT,10.109999656677246,10.390000343322754,9.899999618530272,10.329999923706056,1042500,0.0089062219678265
2022-01-28,HLNE,76.76756776002252,80.54950349718551,75.70449003523659,80.36134338378906,241400,0.0055702721910967
2022-01-28,HMST,44.61838752491856,44.61838752491856,42.62259076771375,43.679725646972656,308700,0.0163153777852944
2022-01-28,HNRG,2.586999893188477,2.586999893188477,2.3399999141693115,2.450000047683716,135700,0.0031840034913759
2022-01-28,HOFT,18.07967812646929,18.07967812646929,17.113394858633526,17.83386993408203,46500,0.004341574544368
2022-01-28,HOLX,68.45999908447266,70.06999969482422,67.48999786376953,70.0199966430664,1351600,0.0059878698763397
2022-01-28,HON,187.06079745473903,188.6197912745743,183.01860973260943,188.56378173828125,3392300,0.0052736307159235
2022-01-28,HONE,12.981131447652649,13.29282542509093,12.73361032539603,13.036136627197266,340900,0.0078711795686436
2022-01-28,HOOK,13.300000190734863,13.899999618530272,12.699999809265137,13.699999809265137,27950,0.0028935185185185
2022-01-28,HOPE,14.262307555438618,14.37359898598944,13.91987552459901,14.28799057006836,741000,0.0058253343081531
2022-01-28,HOTH,12.774999618530272,15.0,12.100000381469728,13.149999618530272,17736,0.0013489811906264
2022-01-28,HQY,51.459999084472656,51.709999084472656,49.68999862670898,51.27999877929688,867700,0.0100316313742537
2022-01-28,HROW,6.679999828338623,7.099999904632568,6.679999828338623,6.900000095367432,71300,0.0019997644036326
2022-01-28,HRTX,8.050000190734863,8.289999961853027,7.789999961853027,8.149999618530273,2386900,0.0156692706623777
2022-01-28,HRZN,10.031585273190249,10.136226020913282,9.899039616432107,10.087393760681152,96000,0.0023812476745628
2022-01-28,HSDT,207.5,223.0,199.5,208.5,148,2.608288011391874e-05
2022-01-28,HSIC,74.25,75.73999786376953,73.08000183105469,75.69999694824219,1078200,0.0088007705367637
2022-01-28,HSII,40.24530289282177,40.43367385864258,39.01147647992895,40.43367385864258,98300,0.0048163137316387
2022-01-28,HST,14.246688425747475,14.48845100402832,13.840874257403437,14.48845100402832,8636500,0.0124582928120862
2022-01-28,HSTM,23.784935331912195,24.23090362548828,23.487624396366027,24.23090362548828,60200,0.0019721345899958
2022-01-28,HTBK,10.302330697726418,10.572334192316983,10.19264157688053,10.538583755493164,290000,0.0047069440409276
2022-01-28,HTHT,33.119201807117626,33.96230451530236,32.367742597562774,33.916481018066406,1091700,0.0034841413451899
2022-01-28,HTLD,14.323460710437743,14.470519393052678,14.127383401921518,14.460715293884276,307600,0.0039159870553457
2022-01-28,HUBG,36.54708332585186,37.15332412719727,35.7634015148606,37.15332412719727,295800,0.0048738371499092
2022-01-28,HURA,647.5,735.0,614.25,654.5,277,6.341517019074917e-06
2022-01-28,HURC,29.742547233524,29.780232666877083,29.25264738157608,29.65775680541992,3900,0.0006014814951904
2022-01-28,HURN,43.34000015258789,44.2599983215332,42.65999984741211,43.59999847412109,121300,0.0067685199651809
2022-01-28,HUT,25.98500061035156,27.799999237060547,24.700000762939453,27.600000381469727,1673300,0.0161117316284085
2022-01-28,HWC,48.16773404899467,49.0563338103798,46.876051298149264,48.39675521850586,432600,0.0050228212102291
2022-01-28,HWKN,35.287443951878764,35.6738395690918,34.64023553072989,35.6738395690918,32800,0.0015672034019781
2022-01-28,IAC,102.59229278564452,102.89581298828124,99.4257583618164,102.68252563476562,555376,0.0074699923064093
2022-01-28,IART,62.68000030517578,63.869998931884766,61.79999923706055,63.68999862670898,366600,0.0047456369654517
2022-01-28,IBCP,21.214735246638508,21.601577151448392,20.845477445890992,21.36419677734375,103500,0.0049349633811412
2022-01-28,IBIO,210.0,225.0,205.0,225.0,2919,0.0002956045157919
2022-01-28,IBKR,63.06997867306429,64.69017288796498,62.67720136669891,64.68035888671875,681100,0.0062496559064799
2022-01-28,IBOC,38.668911685625226,38.8426862324303,37.068377215340895,38.04698944091797,190000,0.0030538866332989
2022-01-28,IBRX,5.014999866485596,5.190000057220459,4.809999942779541,5.170000076293945,2681500,0.0030386405108529
2022-01-28,ICAD,5.090000152587891,5.389999866485596,4.889999866485596,5.380000114440918,283100,0.0103450669999305
2022-01-28,ICCC,8.119999885559082,8.359999656677246,7.920000076293945,8.0600004196167,57100,0.0063567199770222
2022-01-28,ICFI,90.54867545659675,93.00019231493656,88.62880670270185,90.93264770507812,103100,0.0055922890416085
2022-01-28,ICHR,37.16999816894531,38.2239990234375,35.88999938964844,38.150001525878906,187600,0.0054993697417406
2022-01-28,ICLR,256.4599914550781,264.07000732421875,254.0399932861328,262.95001220703125,728000,0.0090075822065606
2022-01-28,ICMB,3.2161341222812645,3.269683881744204,3.1688844758873413,3.2003841400146484,18100,0.0012557236020535
2022-01-28,ICUI,203.97000122070312,207.6699981689453,201.1199951171875,207.6699981689453,100600,0.0040877359793906
2022-01-28,IDCC,61.904601960777775,63.33853648123382,61.45177636633876,63.23476409912109,143500,0.0055871359601308
2022-01-28,IDN,3.799999952316284,3.9700000286102295,3.5999999046325684,3.900000095367432,100500,0.0050716592652402
2022-01-28,IDXX,471.7900085449219,489.2300109863281,463.9400024414063,489.0499877929688,561400,0.0069275287207393
2022-01-28,IDYA,15.25,15.625,14.710000038146973,15.539999961853027,204000,0.0023304324780036
2022-01-28,IEP,28.794948073369724,29.193059800945747,28.49500110934713,29.13306999206543,232900,0.0004455403874996
2022-01-28,IESC,47.22999954223633,48.209999084472656,46.38999938964844,48.209999084472656,14600,0.0007297591794707
2022-01-28,IFRX,3.4800000190734863,3.5850000381469727,3.380000114440918,3.5199999809265137,85500,0.0012735856139105
2022-01-28,IGMS,16.81999969482422,17.280000686645508,15.720000267028809,17.260000228881836,1124600,0.0327028881832245
2022-01-28,IHRT,19.600000381469727,20.450000762939453,19.309999465942383,20.420000076293945,833600,0.0065961891498385
2022-01-28,III,5.429608165571265,5.615009450808961,5.314835861189465,5.473751068115234,178500,0.0036990908732962
2022-01-28,IIIV,21.34000015258789,22.290000915527344,21.270000457763672,22.229999542236328,166200,0.0070939846254316
2022-01-28,ILMN,313.3365783691406,323.0544738769531,309.4066162109375,322.91827392578125,808214,0.0051067777000674
2022-01-28,ILPT,21.032694926291803,21.691457076214377,20.85129578221057,21.681909561157227,511100,0.0077270452631594
2022-01-28,IMAB,21.06999969482422,22.700000762939453,20.200000762939453,22.299999237060547,819600,0.0100563054949537
2022-01-28,IMKTA,74.05126352865992,74.91696143646122,72.699218148113,74.41116333007812,111900,0.0076929422926205
2022-01-28,IMMR,4.40929810102156,4.519991666773449,4.326277706779078,4.510766983032227,380700,0.0117513057006334
2022-01-28,IMNN,5.699999809265137,6.75,5.550000190734863,6.0,30093,0.0020582461852031
2022-01-28,IMOS,25.49360300252834,25.68995919365625,24.7245400835688,25.57541847229004,20600,0.0005744241815849
2022-01-28,IMUX,10.899999618530272,11.329999923706056,10.829999923706056,11.270000457763672,156100,0.0016291386592579
2022-01-28,IMVT,6.699999809265137,6.730000019073486,6.340000152587891,6.71999979019165,729300,0.0042935107785076
2022-01-28,IMXI,15.5,15.960000038146973,15.25,15.8100004196167,231500,0.0075524758418645
2022-01-28,INBK,47.25194549346059,47.75617355661759,45.89441181479951,47.64950942993164,51200,0.005887033349124
2022-01-28,INCY,71.44999694824219,74.26000213623047,70.73999786376953,74.2300033569336,1621400,0.008378288997747
2022-01-28,INDB,73.5679941252299,75.60709807463344,71.84944841725681,73.79060363769531,152000,0.0035672126223002
2022-01-28,INDP,4.400000095367432,4.599999904632568,4.309999942779541,4.590000152587891,84100,0.0058284589582236
2022-01-28,INGN,29.049999237060547,29.3799991607666,28.1200008392334,29.31999969482422,158100,0.0058801213960546
2022-01-28,INM,530.0,550.0,510.0,535.0,145,0.0001201136523662
2022-01-28,INMB,8.329999923706055,8.949999809265137,8.204000473022461,8.880000114440918,158700,0.0069209735590027
2022-01-28,INMD,41.59999847412109,44.91999816894531,41.03200149536133,44.68000030517578,1881500,0.027722605969164
2022-01-28,INO,44.27999877929688,46.68000030517578,43.31999969482422,46.560001373291016,311400,0.0084911448320994
2022-01-28,INOD,5.21999979019165,5.449999809265137,5.059999942779541,5.309999942779541,40300,0.0012875522768588
2022-01-28,INSE,11.9399995803833,12.449999809265137,11.34000015258789,12.359999656677246,200100,0.0074373346020041
2022-01-28,INSG,40.20000076293945,41.59999847412109,39.29999923706055,41.5,109700,0.0073102630228637
2022-01-28,INSM,20.309999465942383,21.43000030517578,20.020000457763672,21.399999618530277,972300,0.0053475965240347
2022-01-28,INTC,44.24941365998018,44.703873676342205,42.941686397227976,44.26796340942383,61945400,0.0142057387876892
2022-01-28,INTU,509.06822185804407,524.7955566706993,495.37658027739405,523.4156494140625,1760600,0.0062977089188206
2022-01-28,INTZ,56.79999923706055,59.20000076293945,56.79999923706055,58.79999923706055,2675,0.0001344552176163
2022-01-28,INVA,15.84000015258789,16.040000915527344,15.5600004196167,16.030000686645508,439400,0.0070000254893964
2022-01-28,INVE,17.270000457763672,18.0,16.799999237060547,17.8799991607666,107900,0.0045874485028081
2022-01-28,IONS,30.040000915527344,31.700000762939453,29.8700008392334,31.68000030517578,835800,0.0052577614069895
2022-01-28,IOSP,90.57405533743096,90.57405533743096,87.37879623500793,89.5057601928711,64200,0.0025557833555604
2022-01-28,IOVA,14.420000076293944,15.039999961853027,13.899999618530272,15.039999961853027,2294100,0.0069968312994648
2022-01-28,IPAR,90.15071539264852,91.08833679679846,86.52091799679243,90.61488342285156,140400,0.0043705776695855
2022-01-28,IPGP,142.5800018310547,144.35000610351562,138.85000610351562,144.33999633789062,221900,0.0051931457029586
2022-01-28,IPWR,7.539999961853027,8.199999809265137,7.010000228881836,8.029999732971191,73100,0.0087667750020987
2022-01-28,IQ,3.4200000762939453,3.509999990463257,3.259999990463257,3.5,12115800,0.0229241877256317
2022-01-28,IRBT,59.56999969482422,61.72999954223633,58.43999862670898,61.70000076293945,372100,0.0119959508427147
2022-01-28,IRD,2.789999961853028,2.9200000762939453,2.7300000190734863,2.900000095367432,75900,0.0016086029527083
2022-01-28,IRDM,32.82903450493744,33.84287159857328,32.34625458574718,33.83321762084961,1114000,0.0102452797218875
2022-01-28,IRMD,33.26515624982012,34.839071933752024,32.47820017373922,34.44096374511719,56500,0.0044435356387287
2022-01-28,IRTC,114.12000274658205,118.94000244140624,112.36499786376952,118.94000244140624,260100,0.0082809077479496
2022-01-28,IRWD,10.630000114440918,10.960000038146973,10.59000015258789,10.949999809265137,2839400,0.0175478504927587
2022-01-28,ISRG,264.4200134277344,272.0400085449219,258.1199951171875,271.7900085449219,2712800,0.0075718371067624
2022-01-28,ISSC,6.569272473016055,6.689259067288703,6.499280054631506,6.659262180328369,14800,0.0008435307461257
2022-01-28,ISTR,17.12594112923625,17.986867100945016,17.12594112923625,17.681377410888672,26400,0.0026882185766086
2022-01-28,ITCI,45.25,46.41999816894531,44.15999984741211,45.7400016784668,617700,0.0057988021253825
2022-01-28,ITIC,172.175048828125,172.175048828125,172.175048828125,172.175048828125,600,0.0003181369897878
2022-01-28,ITRI,60.060001373291016,61.0099983215332,56.93999862670898,58.77000045776367,443400,0.0097300855826201
2022-01-28,ITRM,4.619999885559082,4.800000190734863,4.275000095367432,4.800000190734863,114673,0.00331603116126
2022-01-28,ITRN,20.667850305013054,20.91005036581201,20.201388013670226,20.89211082458496,23600,0.0011863111754534
2022-01-28,IVAC,5.157434865231963,5.245179653167725,5.079439704794764,5.245179653167725,241182,0.0088723674287711
2022-01-28,IZEA,4.0,4.199999809265137,3.920000076293945,4.199999809265137,91375,0.0054021697360253
2022-01-28,JACK,81.45361076952781,82.46766339979038,80.16547836979942,82.35803985595703,482900,0.0256067620093009
2022-01-28,JAKK,7.658636857468287,8.352174758911133,7.430760192662568,8.352174758911133,92800,0.0083257074159803
2022-01-28,JAZZ,134.47999572753906,136.32000732421875,133.1699981689453,136.1999969482422,319400,0.0052591281439097
2022-01-28,JBHT,182.77048172499155,186.26402989609807,179.3739823171343,186.22520446777344,575500,0.005754539636829
2022-01-28,JBLU,13.850000381469728,13.920000076293944,13.300000190734863,13.899999618530272,11284300,0.0319667656911287
2022-01-28,JBSS,73.34142261203873,73.59323754808764,70.14875229505847,70.92218780517578,38400,0.004247486903582
2022-01-28,JD,61.34056263609029,62.99203908280602,60.070194541013,62.9194450378418,9026500,0.0062187390981745
2022-01-28,JFIN,1.5348719358444214,1.5586747986034122,1.436377476405645,1.5348719358444214,24200,0.000929607221742
2022-01-28,JG,15.800000190734863,16.0,15.0,15.800000190734863,7155,0.0015132864648105
2022-01-28,JJSF,142.5418229613977,143.35049146003783,139.44820430670214,141.57330322265625,75400,0.0038685910427238
2022-01-28,JKHY,151.77972100168918,159.0823573716503,149.963669040044,159.07275390625,669800,0.0091882190625064
2022-01-28,JOUT,77.40689739471395,78.381313354592,75.86786391731691,78.32667541503906,19800,0.002169682305912
2022-01-28,JRVR,25.413343258453096,26.226953506469727,25.327196183622423,26.226953506469727,158700,0.0034768853942332
2022-01-28,JSM,19.928601352624582,19.928601352624582,19.424384391992085,19.53643226623535,25500,9.303038262849136e-05
2022-01-28,JVA,4.544084364647208,4.622769735099693,4.376877717934778,4.603098392486572,61000,0.010685632204043
2022-01-28,JXG,17.0,18.200000762939453,17.0,18.200000762939453,360,0.0002374983507058
2022-01-28,JYNT,49.34999847412109,50.810001373291016,47.59999847412109,50.5,171400,0.0111861641377059
2022-01-28,KALA,39.5,41.0,36.650001525878906,39.45000076293945,21440,0.0033227946190564
2022-01-28,KALU,82.22963169527345,84.8667882096956,80.70751514683482,84.57475280761719,63900,0.0039688208440731
2022-01-28,KALV,11.109999656677246,11.739999771118164,10.789999961853027,11.720000267028809,195400,0.0039303558641553
2022-01-28,KDP,34.42754087559019,34.7597253821912,34.196855137126,34.7320442199707,8513700,0.0062750693209532
2022-01-28,KE,18.61000061035156,19.049999237060547,18.225000381469727,19.030000686645508,63400,0.0025819904132406
2022-01-28,KELYA,15.777855975769718,16.24302718073213,15.398122753945367,15.901268005371094,111900,0.0035420135349864
2022-01-28,KHC,30.952629719682086,31.18607174122973,30.494393509708168,31.168779373168945,7069800,0.0059240821357958
2022-01-28,KIDS,45.68999862670898,46.59999847412109,43.400001525878906,45.06999969482422,85300,0.0034351667646608
2022-01-28,KIRK,15.5600004196167,15.8100004196167,15.06999969482422,15.539999961853027,158100,0.0070698714365567
2022-01-28,KLAC,340.04405103584924,353.9236115093938,331.82628992592333,353.6438903808594,2111700,0.0158909449381805
2022-01-28,KLIC,48.74702412902113,49.6710943772685,46.74646364529972,49.62346267700195,817500,0.0153138065908375
2022-01-28,KLXE,4.940000057220459,5.289999961853027,4.699999809265137,4.960000038146973,282100,0.0162124573280766
2022-01-28,KMDA,5.71621186029671,5.852312010240501,5.71621186029671,5.784261703491211,11700,0.0002034605686462
2022-01-28,KNDI,2.8399999141693115,2.859999895095825,2.7100000381469727,2.8399999141693115,1027200,0.0119341946277535
2022-01-28,KNSA,10.600000381469728,11.140000343322754,10.300000190734863,11.100000381469728,908200,0.0216189195301062
2022-01-28,KOD,51.84000015258789,54.66999816894531,49.34000015258789,54.650001525878906,582700,0.011046801508295
2022-01-28,KOPN,2.6600000858306885,2.799999952316284,2.5799999237060547,2.759999990463257,1436300,0.0093698219061908
2022-01-28,KPRX,257.0400085449219,259.5599975585937,242.63999938964844,259.20001220703125,566,0.0001886169975239
2022-01-28,KPTI,118.0500030517578,128.10000610351562,117.1500015258789,128.10000610351562,182420,0.0216753802281368
2022-01-28,KRMD,2.759999990463257,2.7799999713897705,2.559999942779541,2.759999990463257,69000,0.0014954162241823
2022-01-28,KRNT,93.80999755859376,95.7300033569336,90.25,95.52999877929688,387600,0.0085511003254095
2022-01-28,KRNY,11.002950804706757,11.12036062968075,10.717813229619198,10.944246292114258,299800,0.0046423256843868
2022-01-28,KRRO,249.5,255.25,245.5,253.0,3072,0.0003271948790593
2022-01-28,KRUS,40.369998931884766,43.09000015258789,37.59999847412109,42.86000061035156,207400,0.018709293304707
2022-01-28,KRYS,52.5,53.93999862670898,50.02999877929688,53.7599983215332,204600,0.0070799767461174
2022-01-28,KTCC,6.010000228881836,6.230000019073486,6.010000228881836,6.079999923706055,11300,0.0010500004646019
2022-01-28,KTOS,16.18000030517578,16.329999923706055,15.710000038146973,16.329999923706055,899300,0.005866811059066
2022-01-28,KURA,12.529999732971191,12.94499969482422,12.25,12.880000114440918,991200,0.0122741625905516
2022-01-28,KVHI,8.789999961853027,8.989999771118164,8.600000381469727,8.800000190734863,126300,0.0063904068002428
2022-01-28,KXIN,874.7999877929688,936.0,846.0,918.0,315,3.557987286125431e-05
2022-01-28,KZR,123.6999969482422,127.0,120.1999969482422,125.4000015258789,43120,0.0059021599277286
2022-01-28,LAB,2.8399999141693115,3.2100000381469727,2.680000066757202,3.180000066757202,4063700,0.0107225601250731
2022-01-28,LAKE,19.655012700174776,19.88127115999772,19.123797104228554,19.84192276000977,34900,0.0036742256753626
2022-01-28,LAMR,90.34061264175376,91.02816009521484,87.92994180107094,91.02816009521484,505000,0.0057316151350958
2022-01-28,LANC,148.75957020749374,149.94131310251572,147.40899872109935,149.72560119628906,124800,0.0045263310604961
2022-01-28,LAND,26.03199135963198,26.38087316748428,25.28413032833819,26.37192726135254,268600,0.0074230268594184
2022-01-28,LASR,19.100000381469727,19.399999618530277,18.18000030517578,19.31999969482422,159600,0.0032550835185902
2022-01-28,LAUR,9.514645182577674,9.98624038696289,9.514645182577674,9.98624038696289,1374500,0.0092153699471211
2022-01-28,LBRDA,138.63999938964844,145.7899932861328,137.3000030517578,145.77999877929688,168100,0.0092097477591987
2022-01-28,LBRDK,140.10000610351562,147.27000427246094,140.10000610351562,147.24000549316406,1123200,0.0091300000812856
2022-01-28,LBTYA,25.350000381469727,26.270000457763672,25.209999084472656,26.26000022888184,1349500,0.007767711187346
2022-01-28,LBTYK,25.36000061035156,26.229999542236328,24.57999992370605,26.229999542236328,4611500,0.0287381750651228
2022-01-28,LCNB,16.53431225758566,16.769555508441698,16.391485311362583,16.399887084960938,4800,0.0003390309365729
2022-01-28,LCUT,14.513848420713732,15.267934973278347,13.806309741192448,14.104220390319824,32000,0.0014438543692386
2022-01-28,LE,18.170000076293945,18.170000076293945,17.469999313354492,18.1299991607666,166400,0.0053952402567926
2022-01-28,LECO,118.90922965710844,120.03218228384382,116.67284298181409,119.80378723144533,328600,0.0058647257981898
2022-01-28,LEDS,3.1700000762939453,3.3399999141693115,3.059999942779541,3.240000009536743,31300,0.0043401453740706
2022-01-28,LEE,34.38999938964844,35.86000061035156,33.310001373291016,35.31999969482422,38600,0.0062349174761829
2022-01-28,LEGH,24.209999084472656,24.209999084472656,23.11000061035156,23.899999618530277,32700,0.0013551932497285
2022-01-28,LFCR,10.470000267028809,10.479999542236328,10.170000076293944,10.449999809265137,79600,0.0021498812973831
2022-01-28,LFMD,3.059999942779541,3.2300000190734863,2.9200000762939453,3.2100000381469727,301000,0.0067513463440674
2022-01-28,LFUS,247.7614397642012,252.9312153621108,242.0882520546524,252.1083068847656,77000,0.0031157564206837
2022-01-28,LFVN,5.357285204429269,5.44126928525037,5.313083433799052,5.392646789550781,39500,0.0031470843657629
2022-01-28,LFWD,7.28000020980835,7.909999847412109,7.244999885559082,7.769999980926514,129429,0.0121754795255072
2022-01-28,LGIH,116.47000122070312,121.83000183105467,113.73999786376952,121.77999877929688,203200,0.0086848370097148
2022-01-28,LGMK,1265.0,1295.0,1200.0,1295.0,789,1.3022337682915155e-05
2022-01-28,LGND,70.49906158447266,72.83842468261719,69.25140380859375,72.83219146728516,307135,0.0159505904837084
2022-01-28,LGO,8.210000038146973,8.279999732971191,7.980000019073486,8.180000305175781,63100,0.0009842105181065
2022-01-28,LGTY,19.89518713582717,20.325740814208984,19.27626515386067,20.325740814208984,108800,0.0032295312133598
2022-01-28,LILA,10.510000228881836,10.729999542236328,10.329999923706056,10.729999542236328,181300,0.0046536938213423
2022-01-28,LILAK,10.279999732971191,10.5,10.109999656677246,10.5,882900,0.0056331471040889
2022-01-28,LIN,293.9850606666551,301.26392285948265,292.12950759891964,301.2352294921875,1898400,0.0040142774977162
2022-01-28,LINC,6.539999961853027,7.0,6.409999847412109,6.559999942779541,169500,0.0053651464890734
2022-01-28,LIND,14.970000267028809,15.420000076293944,14.609999656677246,15.420000076293944,144500,0.0026471795172423
2022-01-28,LITE,97.1999969482422,97.41000366210938,94.79000091552734,97.37000274658205,693900,0.0100274566473988
2022-01-28,LIVN,72.4800033569336,72.4800033569336,68.68000030517578,71.18000030517578,461400,0.0084891392741362
2022-01-28,LKCO,106.39199829101562,106.72799682617188,94.10399627685548,104.15999603271484,10058,0.0014622714201391
2022-01-28,LKFN,73.40992804303553,74.41076751594792,71.27970894162436,72.86819458007812,183900,0.0070686454261366
2022-01-28,LKQ,49.81044440943453,50.19018176664807,48.78237403101647,50.17165756225586,1192200,0.0046110470073384
2022-01-28,LMAT,39.42901326771568,39.9233281751737,38.26591480045267,39.74886322021485,124900,0.0055366911067176
2022-01-28,LMFA,18.899999618530277,19.440000534057617,17.760000228881836,19.200000762939453,6467,0.0012597863798138
2022-01-28,LMNR,14.148700999110073,14.37507999920379,14.073241332412168,14.365647315979004,31400,0.0017400749229712
2022-01-28,LNT,52.83768139306643,53.60527926365863,52.15136195494644,53.56012725830078,1011800,0.0039389115691851
2022-01-28,LNTH,24.56999969482422,24.809999465942383,23.51000022888184,24.770000457763672,265900,0.0038754551437127
2022-01-28,LNW,54.4900016784668,55.16999816894531,52.59999847412109,54.83000183105469,1196400,0.0141642281400166
2022-01-28,LOAN,4.052061204972759,4.097251434576096,4.029465910601081,4.0369977951049805,19000,0.0016610279140112
2022-01-28,LOCO,11.103036197095644,11.42348254811563,10.93848297801246,11.388839721679688,419200,0.0140778850932928
2022-01-28,LOGI,76.41957745947458,77.5943866399561,75.48161814835076,77.54701232910156,812600,0.0054463806970509
2022-01-28,LOOP,7.139999866485596,7.630000114440918,6.849999904632568,7.489999771118164,199700,0.0041935897085906
2022-01-28,LOPE,80.80999755859375,81.47000122070312,78.31999969482422,80.0199966430664,442000,0.0153874004344677
2022-01-28,LOVE,47.2400016784668,50.65999984741211,45.459999084472656,50.540000915527344,287800,0.0194544901477
2022-01-28,LPCN,15.640000343322754,17.34000015258789,15.470000267028809,16.52400016784668,41441,0.0077454601185714
2022-01-28,LPLA,159.46866070318055,163.74911027635477,156.42807335895952,163.66055297851562,438800,0.0054868040611753
2022-01-28,LPRO,16.56999969482422,17.5,15.93000030517578,17.399999618530273,2155800,0.0179975455615571
2022-01-28,LPSN,25.979999542236328,26.739999771118164,25.190000534057617,26.649999618530277,1383100,0.0151466368793394
2022-01-28,LPTH,2.3399999141693115,2.4100000858306885,2.2100000381469727,2.289999961853028,84700,0.002010286400543
2022-01-28,LPTX,17.5,17.600000381469727,16.5,17.100000381469727,208110,0.0050441615605367
2022-01-28,LQDA,5.289999961853027,5.639999866485596,5.159999847412109,5.570000171661377,392600,0.0046026602860617
2022-01-28,LQDT,17.889999389648438,18.290000915527344,17.299999237060547,18.290000915527344,270200,0.0087050932205301
2022-01-28,LRCX,54.11268063323495,54.84966717781205,51.803982855683785,54.84770965576172,20024000,0.0155991458024923
2022-01-28,LRMR,8.760000228881836,8.890000343322754,8.4399995803833,8.5600004196167,22200,0.0003467238500716
2022-01-28,LSAK,4.590000152587891,4.769999980926514,4.590000152587891,4.710000038146973,33900,0.0004284381848375
2022-01-28,LSCC,48.9900016784668,50.38999938964844,47.040000915527344,50.369998931884766,1603200,0.0116499774732222
2022-01-28,LSTR,142.69448555718813,147.31793530519292,140.26010055143684,147.11978149414062,599800,0.016983755284417
2022-01-28,LTBR,5.130000114440918,5.449999809265137,4.900000095367432,5.329999923706055,146600,0.0070192238634459
2022-01-28,LTRX,6.539999961853027,6.869999885559082,6.46999979019165,6.869999885559082,115500,0.00297759456763
2022-01-28,LULU,303.260009765625,316.3299865722656,301.6000061035156,315.9100036621094,1348400,0.0116723366314349
2022-01-28,LVO,0.7860000133514404,0.9100000262260436,0.7580000162124634,0.8330000042915344,368100,0.0038306879628357
2022-01-28,LWAY,5.03000020980835,5.110000133514404,5.03000020980835,5.110000133514404,3200,0.0002104820037886
2022-01-28,LWLG,6.679999828338623,6.679999828338623,6.159999847412109,6.539999961853027,1715500,0.013767505316801
2022-01-28,LX,2.6031679809066635,2.7956711905319525,2.5375420621464326,2.756295680999756,2197300,0.017067468269873
2022-01-28,LYFT,34.80400085449219,35.79999923706055,33.939998626708984,35.75,5044100,0.0123183658289484
2022-01-28,LYTS,6.786965251932514,6.976280697041578,6.578717810948919,6.947883605957031,114000,0.0038099821532414
2022-01-28,MANH,124.69000244140624,129.0800018310547,122.66999816894533,129.0800018310547,285900,0.0047089168009012
2022-01-28,MAR,149.63269018819108,154.98642590884054,148.41813913146876,154.86012268066406,1930400,0.007010128284476
2022-01-28,MARA,20.56999969482422,22.0,19.43000030517578,21.96999931335449,13896100,0.0401833927235131
2022-01-28,MASI,200.7700042724609,211.6199951171875,198.2400054931641,211.5399932861328,879300,0.0162727259268032
2022-01-28,MAT,19.88999938964844,20.93000030517578,19.850000381469727,20.899999618530277,8600300,0.0266334901755826
2022-01-28,MATW,30.484606388166544,31.819099832781912,30.203180857217703,31.537677764892575,206800,0.0066777100750112
2022-01-28,MBIN,28.33870412339432,28.831803606590817,27.052778671029905,28.01963996887207,70400,0.0015343808097781
2022-01-28,MBIO,795.0,825.0,757.5,817.5,2721,0.0014245103736394
2022-01-28,MBOT,5.650000095367432,5.650000095367432,5.25,5.5,83300,0.0023975017628689
2022-01-28,MBUU,60.27000045776367,63.65999984741211,60.04999923706055,63.65999984741211,304100,0.0154874129756102
2022-01-28,MBWM,34.11174754668051,34.288860097393346,33.5007127937692,34.120601654052734,89100,0.0054880076869063
2022-01-28,MCBS,22.66149971560146,23.181333580990696,22.318552925967712,22.94127082824707,23200,0.0009132851496685
2022-01-28,MCFT,23.989999771118164,24.65999984741211,23.780000686645508,24.65999984741211,122800,0.0073302492165348
2022-01-28,MCHP,66.41978638095334,67.71185178303774,64.38805087755793,67.61822509765625,4636100,0.0086201862169958
2022-01-28,MCHX,2.190000057220459,2.2799999713897705,2.049999952316284,2.0999999046325684,12100,0.0003098329718615
2022-01-28,MCRB,7.409999847412109,7.860000133514404,7.300000190734863,7.860000133514404,921600,0.0052856460390047
2022-01-28,MCRI,54.05725347325253,54.98989843770882,53.10649846187673,54.79069137573242,94600,0.0051242328546743
2022-01-28,MDB,355.1600036621094,373.6600036621094,340.25,373.0499877929688,1263800,0.0155663981399348
2022-01-28,MDGL,54.959999084472656,56.540000915527344,52.33000183105469,56.38999938964844,337200,0.0152716008007173
2022-01-28,MDLZ,60.113190132353445,61.414584601907904,58.97793801889419,61.30382537841797,15471000,0.011941738875014
2022-01-28,MDWD,16.170000076293945,16.274999618530273,14.979999542236328,15.609999656677246,15543,0.0014381413251663
2022-01-28,MDXG,4.269999980926514,4.590000152587891,4.21999979019165,4.579999923706055,605600,0.0041094960845785
2022-01-28,MEDP,165.8699951171875,169.55999755859375,162.3800048828125,169.5,216800,0.0071720633576371
2022-01-28,MEIP,30.91607186503609,31.22678734637412,29.05178786661525,29.673215866088867,67265,0.0100955145388016
2022-01-28,MELI,992.5,1050.780029296875,971.5999755859376,1048.6300048828125,642400,0.0126712612481113
2022-01-28,MEOH,44.01997898733953,44.50486632406314,42.62237086660277,44.37175750732422,664600,0.0098612364085276
2022-01-28,MERC,9.924412730862937,9.996133804321287,9.709249510487878,9.996133804321287,116700,0.0017451563313135
2022-01-28,MESA,4.75,4.789999961853027,4.449999809265137,4.670000076293945,443300,0.0107302266587918
2022-01-28,META,294.2332494108696,300.4837888792717,291.6554026784193,300.294677734375,21871600,0.0099874878672087
2022-01-28,METC,11.3244326234018,11.522610562995611,10.90920379589468,11.220625877380373,263921,0.0059437249033292
2022-01-28,MFIC,8.762167696047218,8.796077142909922,8.67400339291175,8.775731086730957,281700,0.0030038290342927
2022-01-28,MFIN,5.87523982071869,6.471403482077213,5.711078663246746,5.918439865112305,257300,0.0110609102359632
2022-01-28,MGEE,70.33858660745071,71.17695018159895,69.56542869424267,71.16763305664062,57500,0.0015737730044558
2022-01-28,MGIC,16.572314261990755,17.043735436474257,16.200615899657237,16.962142944335938,35100,0.0007148778088485
2022-01-28,MGNI,11.789999961853027,12.470000267028809,11.40999984741211,12.470000267028809,2054800,0.0143741553749659
2022-01-28,MGNX,11.239999771118164,11.9399995803833,10.949999809265137,11.869999885559082,515900,0.0081771682810194
2022-01-28,MGPI,74.53842097690445,74.97947371353051,71.56863946223378,74.90106201171875,129300,0.0060788987461389
2022-01-28,MGRC,71.80720987273564,72.05277120725383,70.34330288362061,71.77887725830078,132500,0.0053968848773176
2022-01-28,MGTX,13.9399995803833,14.65999984741211,13.34000015258789,14.4399995803833,256800,0.0032566145290458
2022-01-28,MHLD,2.7100000381469727,2.799999952316284,2.640000104904175,2.759999990463257,80200,0.0008061046850563
2022-01-28,MIDD,176.85000610351562,182.22000122070312,175.00999450683594,182.07000732421875,553200,0.0103120071878343
2022-01-28,MIRM,17.299999237060547,18.15999984741211,16.670000076293945,18.15999984741211,93500,0.0019076104475845
2022-01-28,MIST,6.909999847412109,7.369999885559082,6.800000190734863,7.03000020980835,94400,0.0017693143906736
2022-01-28,MITK,16.389999389648438,17.010000228881836,15.649999618530272,16.690000534057617,816800,0.0180533422332833
2022-01-28,MKSI,142.3171076980956,145.2076362896292,139.85480776463925,145.11032104492188,771400,0.0114370944976218
2022-01-28,MKTX,319.37006572541,324.1592207553956,309.48342203231635,323.10888671875,398700,0.0105775046958072
2022-01-28,MLAB,267.3805785625961,275.5573425292969,263.7453588788408,275.5573425292969,35900,0.0066070255318287
2022-01-28,MLCO,9.729999542236328,10.010000228881836,9.489999771118164,9.960000038146973,3700300,0.0086960917047628
2022-01-28,MLKN,33.253412745652106,34.50808764328337,32.52226969790434,34.471981048583984,701100,0.0103488588357201
2022-01-28,MMLP,2.8100371121687635,2.976485384818938,2.8100371121687635,2.868783712387085,27800,0.0007118148462044
2022-01-28,MMSI,52.86000061035156,53.93000030517578,51.65999984741211,53.90999984741211,207300,0.0035095679320637
2022-01-28,MMYT,23.15999984741211,24.670000076293945,22.57999992370605,24.6200008392334,280100,0.003994888368471
2022-01-28,MNDO,1.9949313891085605,2.0080559253692627,1.9883691209782088,2.0080559253692627,27200,0.0013355395923658
2022-01-28,MNKD,3.430000066757202,3.559999942779541,3.3399999141693115,3.549999952316284,2648500,0.0087162998262334
2022-01-28,MNMD,13.800000190734863,15.600000381469728,13.5,15.600000381469728,345787,0.0045879572871389
2022-01-28,MNOV,2.220000028610229,2.289999961853028,2.180000066757202,2.2699999809265137,63800,0.0013008143342399
2022-01-28,MNRO,45.462705028256586,45.83924666971506,42.53107282676648,43.696556091308594,351700,0.0117431400962957
2022-01-28,MNST,41.45500183105469,42.65499877929688,41.0,42.65499877929688,5212400,0.0053561649520252
2022-01-28,MODV,113.05999755859376,114.36000061035156,111.08999633789062,114.36000061035156,63800,0.0044490934449093
2022-01-28,MOFG,26.32389587466338,27.92143440246582,25.542877452647694,27.92143440246582,24800,0.0011914084080765
2022-01-28,MOGO,6.0,6.03000020980835,5.565000057220459,6.03000020980835,319733,0.0131676530061733
2022-01-28,MOMO,6.109628709775147,6.134011384966169,5.893666638523957,6.123561382293701,1763800,0.0142344101815012
2022-01-28,MORN,259.55696486569235,270.476789543168,253.1560184212066,269.8886413574219,133000,0.0031094309273819
2022-01-28,MPAA,16.799999237060547,16.799999237060547,15.8100004196167,16.280000686645508,74300,0.003793971517129
2022-01-28,MPB,26.806932458289577,27.032580032108328,25.27252826770031,26.43687057495117,21300,0.0011004339739615
2022-01-28,MPWR,353.9409966036222,361.9396451980183,342.5867777367404,361.7835998535156,623100,0.0130175907742447
2022-01-28,MRAM,8.829999923706055,9.350000381469728,8.25,9.350000381469728,1099400,0.049185535139875
2022-01-28,MRCC,7.1895829129541,7.203034265155537,7.1088767239328,7.1761322021484375,40600,0.0018738778656254
2022-01-28,MRCY,54.22999954223633,54.560001373291016,52.58000183105469,54.52999877929688,656400,0.0109984383692016
2022-01-28,MREO,1.059999942779541,1.225000023841858,1.0399999618530271,1.2200000286102295,585900,0.0036849056603773
2022-01-28,MRIN,17.399999618530273,18.36000061035156,16.979999542236328,18.36000061035156,43550,0.0138542047750083
2022-01-28,MRKR,5.5,5.800000190734863,5.400000095367432,5.599999904632568,54540,0.0050929125035017
2022-01-28,MRNA,149.9499969482422,159.8699951171875,146.75999450683594,159.47000122070312,6756200,0.0174749041319341
2022-01-28,MRSN,4.260000228881836,4.449999809265137,4.110000133514404,4.320000171661377,1360300,0.0109146199581163
2022-01-28,MRTN,16.134674295634245,16.134674295634245,15.55946272248181,16.010046005249023,269000,0.0033020519761148
2022-01-28,MRUS,23.76000022888184,23.94499969482422,22.21999931335449,23.57999992370605,185100,0.0026790949655362
2022-01-28,MRVL,63.98992791740566,65.41981235370105,61.68238526831905,65.40009307861328,11456300,0.0132280062443422
2022-01-28,MSBI,23.15480236502861,23.69012368824639,22.74693834536672,23.25676918029785,91600,0.0042615552815836
2022-01-28,MSEX,93.54239922029367,95.07031758279082,92.5803813447594,94.29692840576172,250500,0.0139987146888708
2022-01-28,MSFT,292.054717253725,300.0800689146986,286.43210842901533,299.8660583496094,49743700,0.0066913955434873
2022-01-28,MSTR,32.86899948120117,34.209999084472656,30.7189998626709,33.89500045776367,8143000,0.0330295260518145
2022-01-28,MTC,5.96999979019165,6.199999809265137,5.730000019073486,5.800000190734863,2570,0.0001020371701162
2022-01-28,MTCH,105.36014446495126,108.03812127685,103.907513279553,107.9294204711914,2676300,0.0106868616873241
2022-01-28,MTLS,18.100000381469727,19.190000534057617,17.420000076293945,18.950000762939453,340500,0.0057646206354795
2022-01-28,MTRX,6.860000133514404,6.929999828338623,6.409999847412109,6.690000057220459,371900,0.0134712698636934
2022-01-28,MTSI,58.119998931884766,60.09000015258789,55.09999847412109,60.08000183105469,1065500,0.0143328338252187
2022-01-28,MTVA,240.0,244.8000030517578,194.16000366210935,242.3999938964844,1585,0.0001831338887816
2022-01-28,MU,75.82508640671007,77.6969438330493,74.01202103676978,77.68714141845703,24434600,0.0218640433713556
2022-01-28,MVBF,35.05268959678064,35.89875793457031,35.025398189246495,35.89875793457031,13100,0.0010115595777703
2022-01-28,MVIS,2.809999942779541,2.859999895095825,2.609999895095825,2.819999933242798,7962600,0.0324997459643597
2022-01-28,MXL,53.0099983215332,54.880001068115234,50.83000183105469,54.880001068115234,585800,0.0067821492165448
2022-01-28,MYGN,24.600000381469727,25.09000015258789,23.63999938964844,25.07999992370605,383300,0.004158556775746
2022-01-28,MYRG,89.5,91.38999938964844,87.83999633789062,91.2300033569336,96400,0.0059732936766118
2022-01-28,MYSZ,79.4000015258789,82.0,72.5999984741211,78.0,3255,0.0015954631009332
2022-01-28,NAAS,45.20000076293945,48.0,44.0,44.0,2007,0.0003019988804824
2022-01-28,NATH,47.09274546920524,50.52182887715709,47.09274546920524,48.683841705322266,5000,0.0012226403652271
2022-01-28,NATR,17.34000015258789,17.68000030517578,17.020000457763672,17.59000015258789,50400,0.002726756296156
2022-01-28,NAVI,14.481213402504585,14.718035582604244,14.156679117964028,14.446127891540527,3553100,0.0347403105322851
2022-01-28,NBIX,73.20999908447266,76.7699966430664,73.12999725341797,76.7300033569336,739800,0.0074773949798965
2022-01-28,NBN,35.90579988081153,37.38192675267904,35.31734356390961,36.54412460327149,68800,0.0081009224218932
2022-01-28,NBTB,34.61740416829748,34.78891372680664,33.85916098862202,34.78891372680664,185200,0.0039191288191402
2022-01-28,NCMI,23.310944988940285,24.52798336754049,23.123709551512444,24.247127532958984,65740,0.00069060280149
2022-01-28,NCNA,64.0,66.0999984741211,62.5,65.25,10528,0.0017381656804733
2022-01-28,NCTY,36.900001525878906,40.0,36.5,39.70000076293945,25350,0.0027277980374918
2022-01-28,NDAQ,54.79671587289472,55.58220321502708,53.97624333484556,55.544044494628906,3065700,0.0053303077868582
2022-01-28,NDLS,7.869999885559082,8.119999885559082,7.610000133514404,8.09000015258789,162400,0.0035378257620812
2022-01-28,NDSN,215.7885076336032,219.66235549234452,213.3986778006777,219.4889068603516,222700,0.0039130793843796
2022-01-28,NEGG,119.5999984741211,122.8000030517578,113.5999984741211,122.5999984741211,36685,0.0018913303499618
2022-01-28,NEO,20.149999618530277,21.18000030517578,19.700000762939453,21.18000030517578,1211500,0.009416510566856
2022-01-28,NEOG,34.7599983215332,35.060001373291016,33.66999816894531,35.060001373291016,483500,0.0022277204913425
2022-01-28,NEON,5.199999809265137,5.550000190734863,5.099999904632568,5.300000190734863,58100,0.0034618570092177
2022-01-28,NERV,5.960000038146973,6.056000232696533,5.679999828338623,5.760000228881836,30688,0.004388131112004
2022-01-28,NEWT,20.53333822614669,21.09190723490739,20.116377184003998,20.714282989501957,138800,0.0052794334118148
2022-01-28,NEXT,2.2100000381469727,2.2100000381469727,2.0799999237060547,2.180000066757202,182200,0.0006995799448629
2022-01-28,NFBK,13.810291309742816,13.966438083512106,13.350526820336986,13.688843727111816,324900,0.0075354157582729
2022-01-28,NFE,17.60361717826038,18.220189320783383,17.35341287843973,18.14870262145996,431900,0.0015775901114796
2022-01-28,NFLX,386.760009765625,387.0,372.0799865722656,384.3599853515625,11966600,0.0279752294499022
2022-01-28,NGNE,63.79999923706055,71.19999694824219,62.0,71.19999694824219,18815,0.0012602480977387
2022-01-28,NHTC,4.931326347943786,4.944929993861206,4.84290248731231,4.917722702026367,14500,0.0012594349045869
2022-01-28,NICE,237.6499938964844,244.42999267578125,232.9499969482422,244.2400054931641,209900,0.0033185875686563
2022-01-28,NIU,12.130000114440918,12.880000114440918,11.899999618530272,12.729999542236328,521100,0.0075165086242957
2022-01-28,NKTR,10.399999618530272,10.649999618530272,10.130000114440918,10.649999618530272,1194300,0.0064173795297253
2022-01-28,NMFC,9.374620889340614,9.467935805800249,9.31719532485678,9.460758209228516,179600,0.0016652604055595
2022-01-28,NMIH,23.559999465942383,24.350000381469727,23.280000686645508,24.31999969482422,942900,0.0120515799954968
2022-01-28,NMRK,13.389487093530114,14.197473526000977,13.341392488296696,14.197473526000977,1171500,0.0073597319894071
2022-01-28,NNBR,3.7100000381469727,3.799999952316284,3.5999999046325684,3.7200000286102295,109900,0.0022037517921775
2022-01-28,NNDM,3.240000009536743,3.369999885559082,3.130000114440918,3.369999885559082,5921000,0.0270071794123281
2022-01-28,NODK,18.0,18.43000030517578,17.770000457763672,18.43000030517578,7600,0.0003671745915182
2022-01-28,NOTV,27.290000915527344,28.11000061035156,26.600000381469727,27.6299991607666,146100,0.0043136409668933
2022-01-28,NOVT,129.05999755859375,132.6300048828125,125.5999984741211,132.6300048828125,152100,0.004229629094064
2022-01-28,NRC,35.83454480671551,36.57975387573242,35.42973641408927,36.57975387573242,46700,0.0020495580503304
2022-01-28,NRIM,37.976526523227015,38.17626546234207,36.82151382090001,37.585731506347656,12900,0.0023365840228369
2022-01-28,NSIT,91.4800033569336,92.86000061035156,89.41000366210938,92.6999969482422,199800,0.0062613012099541
2022-01-28,NSPR,2.4200000762939453,2.490000009536743,2.299999952316284,2.440000057220459,86600,0.0029168168299657
2022-01-28,NSSC,18.918359838691536,19.387167462284467,18.615586618438023,19.357866287231445,82600,0.0022691434944809
2022-01-28,NTAP,77.32783983667306,79.72645909597193,76.57135206169872,79.68033599853516,1504400,0.0072895722794525
2022-01-28,NTCT,31.56999969482422,31.700000762939453,30.18000030517578,31.09000015258789,431400,0.0060121493916273
2022-01-28,NTES,89.90439210284043,91.12327540565416,87.83512426215822,91.08547973632812,1715200,0.0026613125295487
2022-01-28,NTGR,26.09000015258789,26.43000030517578,25.290000915527344,26.420000076293945,216500,0.0074994197908475
2022-01-28,NTLA,82.7699966430664,87.66000366210938,78.87999725341797,86.0199966430664,1045200,0.0100968922978834
2022-01-28,NTNX,24.709999084472656,26.040000915527344,24.149999618530277,26.040000915527344,2331600,0.0087436530139277
2022-01-28,NTRA,62.0099983215332,65.5,60.25,65.47000122070312,1233100,0.0091215066648913
2022-01-28,NTRS,102.56769954483202,103.90511479146382,101.15848223744726,103.79740142822266,640500,0.0032850870894282
2022-01-28,NTRSO,21.010945609909893,21.15654098859718,20.569974799709986,21.00341415405273,43900,
2022-01-28,NURO,32.79999923706055,35.040000915527344,32.08000183105469,34.880001068115234,12763,0.0061965635605358
2022-01-28,NUWE,3640.0,4060.0,3465.0,3885.0,56,1.2802955653762354e-05
2022-01-28,NVAX,75.41000366210938,83.05000305175781,70.55000305175781,82.91999816894531,7771600,0.048317624530601
2022-01-28,NVCR,60.4900016784668,63.310001373291016,59.900001525878906,62.93999862670898,826900,0.0075230860210162
2022-01-28,NVDA,21.973428117025183,22.817946364989552,21.258683139923846,22.799978256225582,543774000,0.0222858206074049
2022-01-28,NVEC,50.4487155354721,50.59175058957823,49.00996872600428,50.19630432128906,35100,0.0072563089575102
2022-01-28,NVEE,25.26499938964844,25.40749931335449,24.395000457763672,25.299999237060547,221200,0.0033911972980804
2022-01-28,NVMI,108.62000274658205,109.37000274658205,104.23999786376952,109.37000274658205,178500,0.0060965196898801
2022-01-28,NVNO,5.584000110626221,5.590000152587891,5.199999809265137,5.309999942779541,60100,0.0034272549455688
2022-01-28,NWBI,11.413244247436523,11.470228811501384,11.128319874399295,11.413244247436523,935100,0.0073332549111869
2022-01-28,NWE,49.95019690945195,50.3704491257143,49.229761266998175,50.30183792114258,490100,0.0079909085276575
2022-01-28,NWL,20.003055698449,20.046634674072266,19.392940065135125,20.046634674072266,3745100,0.0089665195031555
2022-01-28,NWPX,28.8799991607666,29.450000762939453,28.459999084472656,29.3700008392334,38900,0.0039153321993296
2022-01-28,NWS,20.274818405477056,21.07883644104004,20.25544403169434,21.07883644104004,474400,0.0025098404367884
2022-01-28,NWSA,20.30020273527613,21.074282133479404,20.232471180111965,21.054929733276367,2912500,0.0077171530832195
2022-01-28,NXPI,175.96037373574603,178.83832144691286,169.95915049466373,178.76283264160156,4949100,0.019513839602555
2022-01-28,NXST,139.832234568195,146.3406498228556,138.07027948499567,146.00804138183594,297900,0.0097642678274094
2022-01-28,NXTC,5.170000076293945,5.420000076293945,5.090000152587891,5.369999885559082,227400,0.0081194856944945
2022-01-28,NYMT,9.350638691106065,9.533472860790445,9.167805144149629,9.507353782653809,649400,0.0071703504793115
2022-01-28,NYMTM,18.614356335001823,18.614356335001823,18.51049031229357,18.555004119873047,61000,
2022-01-28,NYMTN,18.36152256258852,18.40899705748332,18.29578907521781,18.32500457763672,9200,6.514888275897701e-05
2022-01-28,OBLG,390.0,426.0,390.0,402.0,58,5.021949382213641e-05
2022-01-28,OCCI,6.767591614530495,6.830938747025525,6.693686878338757,6.809823036193848,26800,0.0011426183867763
2022-01-28,OCFC,20.12879652126098,20.22411205921247,19.080332214665585,19.61756134033203,321100,0.0055000865008932
2022-01-28,OCGN,2.970000028610229,3.130000114440918,2.869999885559082,3.119999885559082,9729100,0.0333172363890916
2022-01-28,OCSL,14.975283426086149,15.056450843811035,14.853532944554988,15.056450843811035,400267,0.0048667464215825
2022-01-28,OCUL,5.230000019073486,5.369999885559082,5.119999885559082,5.349999904632568,680700,0.0042805397995245
2022-01-28,OCX,30.200000762939453,32.400001525878906,29.600000381469727,32.400001525878906,16035,0.0005606780585538
2022-01-28,ODFL,140.90966992219194,144.5137784063619,138.38876836793924,144.50392150878906,1642200,0.0077263641196495
2022-01-28,ODP,41.75,43.16999816894531,41.02000045776367,43.13999938964844,352000,0.0118048312613395
2022-01-28,OESX,2.9200000762939453,2.970000028610229,2.869999885559082,2.950000047683716,177800,0.0053957107437765
2022-01-28,OFIX,29.6200008392334,29.8799991607666,28.65999984741211,29.75,83700,0.0021449163943878
2022-01-28,OFLX,130.14306847817488,131.45774841308594,129.50452070627728,131.45774841308594,7400,0.0007330869896872
2022-01-28,OFS,6.575247115307822,6.655270333242246,6.468549491395258,6.515230178833008,37100,0.0027690493428172
2022-01-28,OGI,5.320000171661377,5.599999904632568,5.199999809265137,5.599999904632568,1526200,0.0114083675315258
2022-01-28,OKTA,175.99000549316406,184.625,171.86000061035156,184.2400054931641,1942000,0.0117115644546613
2022-01-28,OLED,136.06252025674044,139.09689331054688,132.73729400962478,139.09689331054688,414500,0.0087319961827799
2022-01-28,OLLI,43.08000183105469,44.959999084472656,42.400001525878906,44.93000030517578,932000,0.0152160781048472
2022-01-28,OMAB,44.75674766086478,44.83369349154722,43.80775343095995,44.7140007019043,53600,0.0012746608831307
2022-01-28,OMCL,145.5500030517578,148.22999572753906,142.82000732421875,148.22000122070312,154600,0.0033003441238504
2022-01-28,OMER,5.360000133514404,5.659999847412109,5.110000133514404,5.630000114440918,866700,0.0149266583884306
2022-01-28,OMEX,6.010000228881836,6.139999866485596,5.889999866485596,6.0,6100,0.0002091777599462
2022-01-28,ON,53.119998931884766,54.220001220703125,51.2599983215332,53.7599983215332,9879600,0.0234086567845659
2022-01-28,ONB,16.582642435545722,16.699484143446558,16.0253930154049,16.420860290527344,2068600,0.0064783033522072
2022-01-28,ONC,202.05999755859372,212.94000244140625,194.5,212.92999267578125,428600,0.004335029180026
2022-01-28,ONCY,1.75,1.7799999713897705,1.6200000047683716,1.75,500500,0.0057913762300165
2022-01-28,ONEW,47.459999084472656,49.810001373291016,47.15999984741211,49.34999847412109,84000,0.0052407631549394
2022-01-28,ONVO,32.279998779296875,36.0,32.040000915527344,35.040000915527344,1792,0.0009955555555555
2022-01-28,OPBK,11.002480665457728,11.307621114343943,10.732214170904411,11.264029502868652,32500,0.0021791166866698
2022-01-28,OPCH,21.959999084472656,22.76000022888184,21.520000457763672,22.76000022888184,627000,0.0038174910499013
2022-01-28,OPI,18.62013277973704,19.252744674682617,18.32288184528937,19.252744674682617,364500,0.0052202154698715
2022-01-28,OPK,2.900000095367432,2.950000047683716,2.799999952316284,2.950000047683716,6344300,0.00800049905419
2022-01-28,OPRA,4.984552245685008,5.12926530261884,4.904156315920676,5.064948558807373,45400,0.0005072574915898
2022-01-28,OPRT,18.010000228881836,18.8700008392334,17.635000228881836,18.010000228881836,84500,0.0023384983243068
2022-01-28,OPRX,38.75,40.86000061035156,37.84999847412109,40.61000061035156,234000,0.0126552156794877
2022-01-28,OPTN,33.29999923706055,34.650001525878906,31.350000381469727,33.0,15520,0.0015329454875892
2022-01-28,ORGO,7.059999942779541,7.119999885559082,6.690000057220459,7.110000133514404,711100,0.0056068060680606
2022-01-28,ORKA,11.358808412330028,11.746040132615306,11.229730146420218,11.423346519470217,8058,0.0002152214847558
2022-01-28,ORLY,640.5900268554688,643.52001953125,629.510009765625,643.52001953125,681700,0.0119093998130694
2022-01-28,ORMP,8.1899995803833,8.5,8.020000457763672,8.479999542236328,358100,0.0087661105739219
2022-01-28,ORRF,21.92744827270508,22.07158912544853,21.67520092125679,21.92744827270508,28000,0.0014354999128446
2022-01-28,OSBC,12.93645320794812,13.19556659122683,12.475808413523549,12.715727806091309,189600,0.004208918645332
2022-01-28,OSIS,82.41999816894531,84.01000213623047,81.23999786376953,81.91000366210938,130600,0.0077741334460364
2022-01-28,OSPN,15.067136337689194,15.444808738101267,14.729218876908256,15.434869766235352,175200,0.0045892947888452
2022-01-28,OSS,4.0,4.099999904632568,3.890000104904175,4.03000020980835,34800,0.0016320175582578
2022-01-28,OSUR,8.25,8.670000076293945,8.15999984741211,8.670000076293945,482600,0.0062280289694973
2022-01-28,OSW,9.754228435156898,9.903833740538978,9.15581006711244,9.89385986328125,288600,0.0027573160595029
2022-01-28,OTEX,41.724475731384445,43.09415054321289,41.40274180241644,43.09415054321289,596600,0.0022598484848484
2022-01-28,OTLK,25.600000381469727,27.799999237060547,25.0,27.600000381469727,127730,0.0039156718842925
2022-01-28,OTRK,251.1000061035156,264.6000061035156,242.1000061035156,264.6000061035156,4909,0.0011638631056106
2022-01-28,OTTR,57.29306084390157,58.218635309678426,56.75622595897354,58.126075744628906,116400,0.0027800068783675
2022-01-28,OVID,2.6600000858306885,2.7300000190734863,2.595000028610229,2.690000057220459,339100,0.0047710165318325
2022-01-28,OXLC,4.6233912503372325,4.657638286485222,4.566312130961484,4.600559711456299,1534900,0.0034483998777528
2022-01-28,OXSQ,2.59734879875732,2.59734879875732,2.5278332986684,2.584709644317627,151800,0.0021751121773268
2022-01-28,OZK,41.64881035847086,42.358070947966766,41.18195541696056,42.34011459350586,924900,0.0081414386817365
2022-01-28,PAA,8.315170484491823,8.50614072846419,8.243556453290113,8.498184204101562,3947600,0.0056091710998954
2022-01-28,PACB,9.399999618530272,10.100000381469728,9.079999923706056,10.0600004196167,8189600,0.0274955346950834
2022-01-28,PAGP,9.132277305932162,9.309135008978418,9.011692961424956,9.268939971923828,2296400,0.0116129945788494
2022-01-28,PAHC,17.261439797145588,17.424540298756895,16.545611930184176,16.763078689575195,131200,0.0064511053418299
2022-01-28,PALI,825.0,847.5,795.0,825.0,66,1.5011429156289448e-05
2022-01-28,PAMT,32.060001373291016,33.525001525878906,31.68000030517578,33.459999084472656,62600,0.0028727851789983
2022-01-28,PANL,3.1773250521710663,3.243006325249353,3.1436635587612978,3.2183759212493896,90500,0.0013789761749486
2022-01-28,PANW,81.2750015258789,83.38999938964844,80.03166961669922,82.69499969482422,8245800,0.0124540105701983
2022-01-28,PARA,28.875245189570222,30.382420219710745,28.498451870252463,30.29970932006836,14852900,0.0235757323716524
2022-01-28,PARAA,32.750426109570256,33.911720275878906,31.96374146647477,33.911720275878906,74300,0.0018254317281163
2022-01-28,PASG,4.570000171661377,4.710000038146973,4.28000020980835,4.710000038146973,296600,0.0047724555619381
2022-01-28,PATK,39.46865872072298,40.68761903087027,38.62821783866999,40.68120574951172,488700,0.0145640616059507
2022-01-28,PAVM,21.450000762939453,22.649999618530277,20.549999237060547,22.649999618530277,97107,0.0058986071543549
2022-01-28,PAYS,2.039999961853028,2.130000114440918,1.9700000286102293,2.119999885559082,134700,0.0025061537516954
2022-01-28,PAYX,101.8554960435632,105.83759199272473,100.80950738409533,105.81924438476562,2813500,0.0078111333639955
2022-01-28,PBFS,11.220000267028809,11.390000343322754,11.199999809265137,11.270000457763672,4400,0.0001750526152462
2022-01-28,PBPB,5.130000114440918,5.420000076293945,5.130000114440918,5.199999809265137,12000,0.000397717103824
2022-01-28,PBYI,2.2300000190734863,2.289999961853028,2.1700000762939453,2.2799999713897705,374300,0.0075447281640288
2022-01-28,PCAR,54.28207086760994,54.78484202885968,53.37590860205452,54.75561141967773,2776200,0.0052886547052316
2022-01-28,PCB,19.851333367284024,20.018967320241348,18.81906396487252,19.4631290435791,264200,0.0183718455986148
2022-01-28,PCH,44.5164186638679,45.97441979660691,43.99878718980784,45.94853591918945,556200,0.0070633508150207
2022-01-28,PCRX,61.619998931884766,61.970001220703125,59.47999954223633,61.5,426800,0.0092228834692563
2022-01-28,PCTY,181.6300048828125,192.38999938964844,180.0,192.3800048828125,240500,0.0043033109549234
2022-01-28,PCYO,12.31999969482422,12.9399995803833,12.22700023651123,12.670000076293944,57000,0.0023674734074587
2022-01-28,PDCO,25.08811278613917,25.5664119720459,24.70006067827561,25.5664119720459,592000,0.006691246448101
2022-01-28,PDD,51.0,53.09000015258789,49.09000015258789,53.04999923706055,7473100,0.0053810924355419
2022-01-28,PDFS,26.38999938964844,27.93000030517578,25.940000534057617,27.93000030517578,152500,0.0038988796792947
2022-01-28,PDLB,10.75,10.93000030517578,10.5,10.789999961853027,1535100,0.0677323708756541
2022-01-28,PDSB,4.650000095367432,5.320000171661377,4.599999904632568,5.239999771118164,652700,0.0143779504316469
2022-01-28,PEBO,27.585963814324675,27.90585077093129,27.19873409440934,27.77116203308105,99700,0.0027950502099791
2022-01-28,PEGA,91.22693304949246,94.84980037141936,90.11525410806502,94.81009674072266,477600,0.0055600248925201
2022-01-28,PENG,26.600000381469727,27.450000762939453,25.88500022888184,27.450000762939453,1586600,0.0295579534107337
2022-01-28,PENN,41.95000076293945,44.2400016784668,41.369998931884766,44.20000076293945,3129800,0.0205144003251052
2022-01-28,PEP,153.23387189403564,157.07131268405158,152.05173333000226,157.01675415039062,5796000,0.0042266155740697
2022-01-28,PERI,17.700000762939453,18.3700008392334,17.079999923706055,18.32999992370605,681700,0.0151363761512705
2022-01-28,PETS,22.905071629670218,23.074541091918945,22.24503473083946,23.074541091918945,497300,0.0240747464478493
2022-01-28,PFBC,70.23728757027295,70.23728757027295,67.50832016343826,69.0741195678711,137700,0.0103977105404242
2022-01-28,PFG,64.08171390038895,64.39395810911044,62.53832565954665,64.32258605957031,1166500,0.0051850897000515
2022-01-28,PFIS,43.71068818866653,43.93127098731847,42.351897341172254,43.43716430664063,13700,0.0013704015276476
2022-01-28,PGC,34.26968870099497,35.36569139201232,33.281326098381555,34.64154815673828,44800,0.0025460042509178
2022-01-28,PGEN,2.4600000381469727,2.490000009536743,2.3499999046325684,2.4600000381469727,3967300,0.0134922439645291
2022-01-28,PGNY,36.68999862670898,38.11000061035156,36.19499969482422,38.09999847412109,972300,0.0113834735987708
2022-01-28,PHAT,16.290000915527344,16.399999618530273,14.975000381469728,16.3700008392334,118600,0.0017031175955311
2022-01-28,PHIO,85.31999969482422,91.26000213623048,84.23999786376953,85.53600311279297,950,0.0001988217197032
2022-01-28,PHLT,1.909999966621399,2.0299999713897705,1.850000023841858,2.0299999713897705,407800,0.0052076017193513
2022-01-28,PHUN,105.0,106.5,96.5,104.5,186536,0.0092478694343775
2022-01-28,PI,71.41999816894531,75.18000030517578,69.17500305175781,75.16999816894531,247600,0.0086761206947904
2022-01-28,PINC,33.70509989701635,33.93797975754228,32.99301856519561,33.911109924316406,334700,0.0036656393676744
2022-01-28,PKBK,21.09379097172633,21.13801208025597,20.961125959210246,21.04956817626953,10800,0.0009119619002583
2022-01-28,PKOH,17.25490720797087,17.69522516158252,16.970536544960414,17.55762481689453,18400,0.001293097389911
2022-01-28,PLAB,16.809999465942383,17.34000015258789,16.43000030517578,17.34000015258789,373000,0.0058683137801537
2022-01-28,PLAY,34.27000045776367,35.33000183105469,33.02000045776367,35.310001373291016,884300,0.0256205219134702
2022-01-28,PLCE,69.4800033569336,71.56999969482422,67.55999755859375,70.44000244140625,260000,0.020336331638639
2022-01-28,PLMR,48.86000061035156,49.150001525878906,46.9900016784668,49.06999969482422,171200,0.0064173688787597
2022-01-28,PLPC,57.04971770098209,58.59054946899414,56.31831106379002,58.59054946899414,11300,0.0022869910685915
2022-01-28,PLSE,11.399999618530272,11.675000190734863,11.06999969482422,11.270000457763672,193300,0.0028733325603726
2022-01-28,PLUG,18.3799991607666,18.950000762939453,17.510000228881836,18.76000022888184,25544800,0.0262893670324635
2022-01-28,PLUS,43.58000183105469,44.68000030517578,42.70000076293945,44.66999816894531,90300,0.0033926451360815
2022-01-28,PLXS,74.2699966430664,75.94999694824219,72.87999725341797,75.43000030517578,244600,0.0090457910814269
2022-01-28,PLYA,7.210000038146973,7.320000171661377,7.059999942779541,7.300000190734863,631900,0.0051378996324844
2022-01-28,PMCB,2.0199999809265137,2.1700000762939453,2.0,2.0899999141693115,145800,0.0212421871585296
2022-01-28,PNFP,92.20662749757123,93.10371082215735,89.51538488316808,91.34812927246094,764800,0.0098853894564255
2022-01-28,PNTG,15.829999923706056,16.350000381469727,15.25,16.0,137300,0.0039878013360441
2022-01-28,POAI,16.399999618530273,16.600000381469727,15.800000190734863,16.100000381469727,18390,0.0020589769828989
2022-01-28,PODD,220.0,230.58999633789065,211.1999969482422,230.58999633789065,2432300,0.0346352729048187
2022-01-28,POET,6.0,6.099999904632568,5.900000095367432,6.0,10490,0.0001371112784156
2022-01-28,POLA,18.059999465942383,19.31999969482422,17.5,18.690000534057617,8500,0.0033843911878416
2022-01-28,POOL,435.56778750076256,442.2433792585465,424.34239585153057,442.2048950195313,285600,0.0075719413969913
2022-01-28,POWI,71.94371116970876,73.07508225316782,70.10643753803697,72.93970489501953,699900,0.0123119736978667
2022-01-28,POWL,28.082603605553103,29.337378310578163,27.21175231770325,28.063875198364254,57700,0.0047825474317637
2022-01-28,POWW,4.190000057220459,4.289999961853027,4.0,4.28000020980835,1668600,0.0140505401786842
2022-01-28,PPBI,32.188852150557096,33.097373968453894,31.068058819338507,32.06998062133789,380000,0.0039142329751466
2022-01-28,PPBT,54.0,54.0,50.20000076293945,52.400001525878906,4975,0.0018786345442187
2022-01-28,PPC,23.9594947438216,24.33164502416724,23.83544296031728,24.31392478942871,304200,0.0012815867746311
2022-01-28,PRAA,45.5099983215332,46.25,44.93999862670898,45.84000015258789,235900,0.0059707007917063
2022-01-28,PRDO,10.349097607010776,10.377924919128418,10.070430229726544,10.377924919128418,446400,0.0067724302617186
2022-01-28,PRGS,42.7347820383468,44.04613876342773,42.47443883455089,44.04613876342773,413700,0.0096151164412215
2022-01-28,PROF,9.399999618530272,9.760000228881836,9.279999732971191,9.34000015258789,108700,0.0036185327465562
2022-01-28,PRPL,7.297430019801889,7.687292575836182,7.297430019801889,7.687292575836182,2257300,0.0209893532939699
2022-01-28,PRQR,4.989999771118164,5.260000228881836,4.929999828338623,5.199999809265137,421800,0.0040090102934048
2022-01-28,PRSO,98.0,100.4000015258789,88.0,94.4000015258789,4725,0.0012332950511589
2022-01-28,PRTA,31.46999931335449,33.31999969482422,30.93000030517578,32.689998626708984,455800,0.0084678692849313
2022-01-28,PRTH,5.650000095367432,5.760000228881836,5.599999904632568,5.699999809265137,18000,0.0002263604261612
2022-01-28,PRTS,8.289999961853027,8.430000305175781,7.849999904632568,8.40999984741211,1304900,0.0223843856516242
2022-01-28,PSEC,5.727916822328299,5.783730818266394,5.686055992697071,5.776753902435303,1678700,0.0037659194728281
2022-01-28,PSHG,46.20000076293945,46.650001525878906,43.20000076293945,46.04999923706055,887,7.134698605234793e-05
2022-01-28,PSMT,67.39191796682084,67.39191796682084,64.37577906010735,66.0912094116211,113900,0.0037035712311529
2022-01-28,PSNL,9.93000030517578,10.43000030517578,9.550000190734863,10.369999885559082,408700,0.0046281092809048
2022-01-28,PSTV,13.800000190734863,16.350000381469727,12.899999618530272,14.850000381469728,196633,0.0115669192216287
2022-01-28,PTC,109.91999816894533,113.5199966430664,106.88999938964844,113.41000366210938,845300,0.0070251986303646
2022-01-28,PTCT,38.130001068115234,39.310001373291016,37.33000183105469,39.02999877929688,548300,0.0069519991276718
2022-01-28,PTEN,9.099048987189786,9.477407760391776,8.95139721231779,9.30207061767578,2478400,0.0064210916237129
2022-01-28,PTGX,26.489999771118164,28.149999618530277,25.959999084472656,28.149999618530277,704900,0.0114833923332187
2022-01-28,PTMN,15.741152667059977,15.994204599236284,15.69573321642189,15.883899688720703,22700,0.0024678795152954
2022-01-28,PTON,24.00300025939941,25.709999084472656,22.809999465942383,25.63999938964844,21521400,0.0575593931503557
2022-01-28,PULM,7.360000133514404,7.960000038146973,6.900000095367432,7.440000057220459,85305,0.023356642973704
2022-01-28,PVBC,17.248474913141727,17.695070266723633,16.871351420161734,17.695070266723633,22000,0.0012367540826938
2022-01-28,PVLA,262.3999938964844,272.0,257.6000061035156,270.3999938964844,7080,0.0006425440387704
2022-01-28,PWOD,20.555992126464844,20.63989445520505,20.1364820830676,20.555992126464844,12800,0.0016813610617795
2022-01-28,PXLW,2.9600000381469727,3.1600000858306885,2.900000095367432,3.150000095367432,706100,0.0112342210187008
2022-01-28,PXS,1.74399995803833,1.9600000381469729,1.6440000534057615,1.8600000143051147,120200,0.0114630122354781
2022-01-28,PYPL,158.3699951171875,163.63999938964844,156.7899932861328,163.52000427246094,9861700,0.0099689460814473
2022-01-28,PZZA,108.08238200017956,112.6114110418132,106.6154921267808,112.59307098388672,417700,0.0127700684514801
2022-01-28,QCOM,150.65339630297547,155.23781988378298,146.3479603091656,155.11692810058594,10320800,0.0093316455696202
2022-01-28,QCRH,55.93404198176064,57.05824459719539,53.45882051066202,55.34235382080078,71200,0.0042082119236611
2022-01-28,QDEL,92.0,101.7699966430664,91.5500030517578,101.73999786376952,1856200,0.0275177675058483
2022-01-28,QFIN,15.82028741152003,15.854923196397312,15.006325821855455,15.569170951843262,1339300,0.0095449518842631
2022-01-28,QLGN,402.0,430.0,385.5,405.0,1195,0.0016226910599906
2022-01-28,QLYS,120.98999786376952,123.62000274658205,118.45999908447266,123.5999984741211,338000,0.0092659350781436
2022-01-28,QMCO,90.5999984741211,94.5999984741211,87.5999984741211,94.5999984741211,12300,0.0018845433736084
2022-01-28,QNCX,5.349999904632568,6.190000057220459,5.309999942779541,5.980000019073486,2952200,0.0670930147994618
2022-01-28,QNST,15.550000190734863,15.670000076293944,15.029999732971191,15.65999984741211,171100,0.0030300025146718
2022-01-28,QNTM,56.875,59.150001525878906,52.650001525878906,54.59999847412109,2503,0.0010884974994564
2022-01-28,QQQX,20.048195765092164,20.5919289158674,19.838471475785045,20.56085777282715,175100,0.0035861453136392
2022-01-28,QRHC,5.960000038146973,6.039999961853027,5.570000171661377,5.920000076293945,64600,0.0031349483655563
2022-01-28,QRVO,128.47999572753906,129.5,123.91999816894533,129.4600067138672,1414200,0.0151418464015897
2022-01-28,QTRX,27.06999969482422,28.18000030517578,26.0,28.18000030517578,214800,0.0055376524272345
2022-01-28,QTTB,57.2400016784668,59.040000915527344,49.86000061035156,56.52000045776367,210061,0.0172215025906735
2022-01-28,QUBT,2.2100000381469727,2.440000057220459,2.109999895095825,2.4100000858306885,133900,0.0009756275842837
2022-01-28,QUIK,4.5,4.510000228881836,4.25,4.510000228881836,55700,0.0035255395911133
2022-01-28,QURE,16.65999984741211,17.030000686645508,15.890000343322754,16.979999542236328,511900,0.0094661491320693
2022-01-28,QVCGA,6.239999771118164,6.590000152587891,5.75,6.579999923706055,19127600,0.0485244247959597
2022-01-28,RAIL,3.220000028610229,3.319999933242798,3.059999942779541,3.309999942779541,86400,0.0045335054386323
2022-01-28,RAPT,20.13999938964844,20.59000015258789,18.690000534057617,19.86000061035156,425900,0.0032263440575121
2022-01-28,RARE,64.52999877929688,66.19000244140625,62.369998931884766,66.0,414400,0.0044132198255466
2022-01-28,RAVE,0.959999978542328,0.9800000190734864,0.9100000262260436,0.9200000166893004,32600,0.0022159384431333
2022-01-28,RBB,23.963599917866706,24.21148507001681,23.35515860814961,24.166414260864254,30000,0.0016920378339659
2022-01-28,RBBN,4.159999847412109,4.190000057220459,4.039999961853027,4.179999828338623,467800,0.0026621292481391
2022-01-28,RBCAA,43.7574536074495,44.59006881713867,42.65333816630665,44.59006881713867,11800,0.0006804917994971
2022-01-28,RCEL,9.0600004196167,9.3100004196167,8.8100004196167,9.289999961853027,111100,0.0042151190363274
2022-01-28,RCKT,15.399999618530272,16.200000762939453,14.56999969482422,15.770000457763672,478000,0.0044827909593922
2022-01-28,RCKY,37.16833360081173,37.59427778834843,36.57571498645012,37.38130569458008,48500,0.0064992060248309
2022-01-28,RCMT,6.199999809265137,6.460000038146973,6.079999923706055,6.409999847412109,57000,0.0075112866965888
2022-01-28,RDFN,25.81999969482422,26.979999542236328,25.25,26.93000030517578,1052600,0.0083282564147196
2022-01-28,RDHL,2290.0,2460.0,2250.0,2410.0,421,0.0002402954321036
2022-01-28,RDI,4.489999771118164,4.489999771118164,4.21999979019165,4.340000152587891,31600,0.0015337423312883
2022-01-28,RDNT,24.07999992370605,24.739999771118164,23.350000381469727,24.68000030517578,176000,0.0023770390132608
2022-01-28,RDUS,34.09732630398164,34.44275474960086,32.83378951720524,34.36094284057617,213000,0.007606599528605
2022-01-28,RDVT,25.74586718608592,27.273165353878717,24.833457652016424,25.835124969482425,68200,0.0048928873774984
2022-01-28,RDWR,31.739999771118164,32.310001373291016,31.3700008392334,32.279998779296875,238000,0.0055755332482166
2022-01-28,REAL,8.140000343322754,8.359999656677246,7.610000133514404,8.270000457763672,2906100,0.0261229516301563
2022-01-28,REFR,1.409999966621399,1.440000057220459,1.350000023841858,1.3799999952316284,98000,0.0029124886323785
2022-01-28,REG,60.86563307204076,62.34460646683715,59.64044291480914,62.30085372924805,914400,0.0050372949329572
2022-01-28,REGN,607.5093184808647,624.197895355548,601.1175686065194,624.1179809570312,736700,0.0068525133013357
2022-01-28,REKR,3.920000076293945,4.010000228881836,3.75,4.010000228881836,648500,0.0058469777841892
2022-01-28,RELL,11.55497825358378,11.573843955993652,11.262566163194162,11.573843955993652,229200,0.0185406892088658
2022-01-28,REPL,18.86000061035156,18.86000061035156,17.65999984741211,18.61000061035156,234700,0.0030474662013015
2022-01-28,REYN,26.95625937694167,27.07318772501248,26.63246162466126,26.803354263305664,520700,0.0024757747791439
2022-01-28,RGCO,20.36551215956269,20.63525507599742,20.230641558831696,20.56332397460937,10000,0.0009711566475672
2022-01-28,RGEN,178.36000061035156,190.0,176.85000610351562,189.9900054931641,355300,0.0063244160194805
2022-01-28,RGLD,95.05708745021823,95.90195134345409,94.04900513772009,95.33551025390624,871600,0.0132449928577941
2022-01-28,RGLS,2.200000047683716,2.200000047683716,2.0,2.200000047683716,72000,0.0010869007327522
2022-01-28,RGNX,24.6200008392334,25.739999771118164,24.280000686645508,25.71999931335449,312700,0.0062394122541497
2022-01-28,RGP,14.84132351810144,15.006903727924582,14.353292912318176,14.850038528442385,203400,0.0061507198519472
2022-01-28,RGS,27.799999237060547,29.799999237060547,26.399999618530277,28.799999237060547,54550,0.02239345150617
2022-01-28,RICK,65.56753766775385,67.10682590888023,63.515165893044994,66.01156616210938,124800,0.0140748493269334
2022-01-28,RIGL,22.899999618530277,24.0,22.5,24.0,154370,0.0086418854615686
2022-01-28,RILY,43.93643324182544,44.84535508264368,42.56910082255549,44.72679901123047,300600,0.0098566748969574
2022-01-28,RILYN,19.772312703415043,19.78773006446752,19.672102797134897,19.679811477661133,17800,
2022-01-28,RIOT,13.649999618530272,14.78499984741211,13.119999885559082,14.699999809265137,11342300,0.0323873241045321
2022-01-28,RKDA,31.200000762939453,33.20000076293945,29.600000381469727,31.200000762939453,9573,0.0070134950986856
2022-01-28,RLMD,17.469999313354492,17.53499984741211,16.329999923706055,17.510000228881836,125300,0.003775051519059
2022-01-28,RMBL,32.150001525878906,33.47999954223633,31.270000457763672,33.15999984741211,89900,0.0023822268388724
2022-01-28,RMBS,23.6200008392334,24.13999938964844,22.82999992370605,24.13999938964844,1002900,0.0093339910280513
2022-01-28,RMCF,7.5,7.96999979019165,7.400000095367432,7.829999923706055,23800,0.0030960155060944
2022-01-28,RMNI,4.909999847412109,4.920000076293945,4.699999809265137,4.840000152587891,636100,0.0069674465474938
2022-01-28,RMR,25.05912656514297,25.05912656514297,24.016699902535684,24.764795303344727,155900,0.0098392522420746
2022-01-28,RMTI,4.070000171661377,4.510000228881836,4.070000171661377,4.179999828338623,34373,0.0010092815259169
2022-01-28,RNAC,67.19999694824219,70.80000305175781,65.4000015258789,70.80000305175781,23120,0.0008924194525824
2022-01-28,RNTX,8.199999809265137,8.859999656677246,8.020000457763672,8.34000015258789,11400,0.0005183608883068
2022-01-28,ROAD,25.200000762939453,26.36000061035156,24.81999969482422,26.34000015258789,458500,0.0097173594214939
2022-01-28,ROCK,53.40999984741211,53.88999938964844,51.47999954223633,53.709999084472656,118800,0.0040034507858625
2022-01-28,ROKU,148.08999633789062,152.25999450683594,142.0330047607422,151.22999572753906,4316900,0.0335319248096939
2022-01-28,ROP,415.75290689744617,427.43869387334433,409.6794369000616,427.2718811035156,539700,0.0050258415979885
2022-01-28,ROST,90.80879702718089,92.23325199923045,89.07636012625103,92.17549896240234,4187700,0.0127349976090062
2022-01-28,RPAY,16.3700008392334,17.190000534057617,15.68000030517578,17.149999618530273,437400,0.0049257755224768
2022-01-28,RPD,88.08999633789062,92.02999877929688,85.55999755859375,92.02999877929688,711800,0.0111272821636764
2022-01-28,RRBI,51.2827511245936,51.2827511245936,51.09672883140902,51.22400665283203,3600,0.0005311567709209
2022-01-28,RRGB,13.829999923706056,13.989999771118164,13.210000038146973,13.960000038146973,258100,0.0147760125948189
2022-01-28,RRR,38.6172492709884,39.4178621327228,37.61536648733454,39.35971832275391,700300,0.0116603367061671
2022-01-28,RSLS,3480.0,3590.199951171875,3335.0,3480.0,43,3.813341373867083e-06
2022-01-28,RUN,23.11000061035156,23.799999237060547,21.700000762939453,23.420000076293945,10005700,0.0442319084036956
2022-01-28,RUSHA,33.247941805243755,33.9394203378937,32.093367366826904,33.10203552246094,423450,0.0067652415644171
2022-01-28,RUSHB,31.727364895010343,31.727364895010343,30.457763657394256,31.70197105407715,11850,0.0006691097170541
2022-01-28,RVMD,20.030000686645508,20.729999542236328,18.75,19.8700008392334,812700,0.0043713997136897
2022-01-28,RVSB,6.944435437035321,6.953454391002297,6.854248047602537,6.908360481262207,19900,0.000948694234418
2022-01-28,RVYL,33.70000076293945,36.59999847412109,33.599998474121094,36.59999847412109,31720,0.0037983065683641
2022-01-28,RYAAY,44.22810867241399,44.470010037832175,43.23274781801904,43.99810409545898,1158287,0.0021786358825879
2022-01-28,RYTM,6.78000020980835,7.019999980926514,6.559999942779541,6.889999866485596,333000,0.0052670122121925
2022-01-28,SABR,8.460000038146973,8.710000038146973,8.1850004196167,8.710000038146973,4670800,0.0120983236367156
2022-01-28,SAFT,70.00888798776089,70.32073211669922,68.77017564470793,70.32073211669922,54000,0.0036256940854186
2022-01-28,SAGE,37.11000061035156,38.81999969482422,36.7599983215332,38.81999969482422,429700,0.006989162487862
2022-01-28,SAIA,266.1400146484375,270.8999938964844,258.6700134277344,270.32000732421875,357200,0.0134118822067277
2022-01-28,SAIC,77.72138494534323,77.82666015625,75.96999622024128,77.82666015625,721000,0.0151035251334389
2022-01-28,SAMG,14.620971870595438,14.620971870595438,14.376997973356596,14.5861177444458,6900,0.000722517628383
2022-01-28,SANM,35.790000915527344,36.52000045776367,35.36000061035156,36.5099983215332,381600,0.0070243514531903
2022-01-28,SANW,43.5099983215332,44.459999084472656,42.75,43.5099983215332,2663,0.0012414166041218
2022-01-28,SATS,23.420000076293945,23.729999542236328,23.040000915527344,23.729999542236328,234500,0.0015109243243533
2022-01-28,SAVA,37.54999923706055,39.959999084472656,36.5099983215332,39.75,1376700,0.028498444353822
2022-01-28,SBAC,293.0728092605644,303.3942000279443,290.57351477220914,303.1175842285156,741400,0.0068630355093124
2022-01-28,SBCF,33.92471141405493,34.852015903343606,32.67606114946844,33.685997009277344,325500,0.0038019262532363
2022-01-28,SBGI,21.04054022986369,22.31721361851408,21.04054022986369,22.29266166687012,669900,0.0156906191224589
2022-01-28,SBLK,14.009126591546623,14.506223678588867,13.899377628152951,14.506223678588867,2046800,0.0174748992555153
2022-01-28,SBRA,10.029658068371122,10.082525732762818,9.621825607285103,10.074973106384276,3948000,0.0165944402202692
2022-01-28,SBT,-0.0119828945025801,-0.0121894959281101,-0.0119415742174741,-0.0119828945025801,33400,0.0006386367590905
2022-01-28,SBUX,88.1548483913816,90.15794959323796,86.97710418348728,90.14867401123048,8345400,0.0073467556253889
2022-01-28,SCHL,37.46035569005435,38.09527727478515,37.04018647048065,37.90853500366211,83000,0.0032097886953562
2022-01-28,SCOR,56.59999847412109,58.79999923706055,55.0,58.400001525878906,8275,0.0016842795150903
2022-01-28,SCPH,3.950000047683716,4.0,3.680000066757202,3.910000085830689,115500,0.0022969578731959
2022-01-28,SCSC,30.170000076293945,31.0,29.15999984741211,30.46999931335449,71900,0.0030643339655209
2022-01-28,SCVL,31.3154351352401,31.3154351352401,30.085894188002676,31.249229431152344,205800,0.0075733042863871
2022-01-28,SCYX,4.5,4.650000095367432,4.429999828338623,4.610000133514404,143300,0.0036761404885957
2022-01-28,SDGR,25.440000534057617,26.46999931335449,24.3700008392334,26.21999931335449,1473200,0.0230640853427518
2022-01-28,SDOT,6.0,6.5,5.800000190734863,6.199999809265137,35210,0.0067385625293053
2022-01-28,SEDG,210.92999267578125,214.47000122070312,202.6000061035156,212.07000732421875,1142700,0.0194394590226683
2022-01-28,SEED,4.75,5.28000020980835,4.260000228881836,4.579999923706055,90000,0.0125357268214411
2022-01-28,SEIC,53.19265223199936,55.29312176276007,53.10633151623189,55.24516296386719,872700,0.0068743599842457
2022-01-28,SELF,4.9420764924444125,4.9837467748055735,4.817066440155459,4.958744525909424,8000,0.0007099121483716
2022-01-28,SENEA,44.5099983215332,46.619998931884766,44.18999862670898,46.5099983215332,29900,0.0056926899387893
2022-01-28,SEVN,7.498064257770972,7.656220436096191,7.404607960256592,7.656220436096191,35200,0.0023619722468261
2022-01-28,SFIX,14.720000267028809,15.0600004196167,14.029999732971191,14.869999885559082,2366700,0.0210306035402004
2022-01-28,SFM,27.75,27.75,26.540000915527344,26.88999938964844,2012900,0.0205025983470805
2022-01-28,SFNC,25.02694610898878,25.185011299768988,24.33321592165704,24.98303985595703,678800,0.0053907670804247
2022-01-28,SFST,60.4900016784668,60.4900016784668,58.40999984741211,59.15999984741211,15800,0.0019341507364462
2022-01-28,SGBX,17.53399085998535,17.815284729003906,16.596342086791992,17.721519470214844,11198,0.001752688979878
2022-01-28,SGC,17.023576766928333,17.257964370543373,16.728420289712723,17.17983627319336,25900,0.0015718117709888
2022-01-28,SGLY,35.5,42.0,35.099998474121094,39.29999923706055,114060,0.0271345953005716
2022-01-28,SGMO,5.539999961853027,5.710000038146973,5.360000133514404,5.710000038146973,1113600,0.0049557207066886
2022-01-28,SGRY,40.91999816894531,42.63999938964844,39.77999877929688,42.619998931884766,483000,0.003784880850697
2022-01-28,SHBI,17.78170048071326,17.934294651326656,17.512417455894187,17.772724151611328,30100,0.0009024891911178
2022-01-28,SHEN,21.592445505132293,22.193330764770508,21.36588288813148,22.193330764770508,133900,0.0024409229204302
2022-01-28,SHIP,7.068325853347779,7.932232646129433,7.068325853347779,7.853695392608643,963920,0.0461152786282914
2022-01-28,SHOO,36.87200492646216,37.938743591308594,36.04644362131334,37.938743591308594,555900,0.0076595467466312
2022-01-28,SHYF,39.2690722663353,39.66339783369217,37.91297299569904,39.43257141113281,154200,0.0044142527116737
2022-01-28,SIBN,19.25,19.40999984741211,18.290000915527344,18.68000030517578,422900,0.0099615811330621
2022-01-28,SIEB,2.0199999809265137,2.0199999809265137,1.8799999952316284,1.9299999475479128,60800,0.001503725926164
2022-01-28,SIFY,16.979999542236328,17.399999618530273,16.5,17.100000381469727,24633,0.0003410738105159
2022-01-28,SIGA,4.9975704637645935,5.215910911560059,4.989483980455275,5.215910911560059,129300,0.0018099890566353
2022-01-28,SIGI,72.85386932156503,74.75448608398438,72.2521685047329,74.75448608398438,219600,0.0036137262355537
2022-01-28,SILC,42.97999954223633,42.97999954223633,41.84000015258789,42.5,22400,0.0038846468006291
2022-01-28,SIMO,74.01701812096185,75.17751760216723,72.5734750772702,74.24346160888672,859600,0.0255213529048501
2022-01-28,SINT,8860.0,10200.0,8600.0,9960.0,7,2.7831010106632528e-06
2022-01-28,SIRI,56.71093309464874,57.82655871728131,56.1531220565705,57.54765319824219,2165730,0.0063929404731351
2022-01-28,SITM,190.0200042724609,210.00999450683597,188.22000122070312,209.9900054931641,276500,0.0117171939757096
2022-01-28,SKYE,12.0,12.0,11.25,11.75,4442,0.0001434078244755
2022-01-28,SKYW,37.31999969482422,37.63999938964844,35.31999969482422,37.060001373291016,458100,0.0112771959883609
2022-01-28,SLAB,150.86000061035156,156.08999633789062,146.9499969482422,156.05999755859375,280800,0.0086471838142456
2022-01-28,SLDB,16.5,17.850000381469727,16.5,17.399999618530273,180587,0.0023303653233195
2022-01-28,SLE,36.59999847412109,39.79999923706055,35.79999923706055,39.20000076293945,9205,0.0005178272071646
2022-01-28,SLM,16.12314175707272,16.630740312676707,15.95702041773216,16.612281799316406,3193000,0.0151741961601461
2022-01-28,SLNO,4.800000190734863,5.324999809265137,4.650000095367432,5.099999904632568,9500,0.0002071643991251
2022-01-28,SLP,38.38133630676525,41.20175384088128,37.87839648108277,40.27476501464844,124000,0.006165779921436
2022-01-28,SLRC,12.91912460477469,12.983010491422528,12.777155666909248,12.961714744567873,132500,0.0024287594446664
2022-01-28,SLRX,82.0,94.0,80.0,86.0,1908,0.0011041666666666
2022-01-28,SLS,4.800000190734863,4.96999979019165,4.320000171661377,4.769999980926514,220500,0.0024271656569951
2022-01-28,SMBC,51.47720013953063,52.13728585616256,50.562509778033046,51.85439300537109,26900,0.0023853438796864
2022-01-28,SMCI,3.875,4.017000198364258,3.815999984741211,4.014999866485596,1900000,0.0032014502960755
2022-01-28,SMLR,69.91000366210938,71.27999877929688,68.5,69.6500015258789,56000,0.0058354669259281
2022-01-28,SMSI,30.31999969482422,32.0,30.239999771118164,32.0,38850,0.0021857892752856
2022-01-28,SMTC,67.13999938964844,67.95999908447266,64.76000213623047,67.83000183105469,650800,0.0075233946592498
2022-01-28,SNBR,71.12999725341797,72.8499984741211,70.0,72.72000122070312,176700,0.0078922685247219
2022-01-28,SNCR,18.6299991607666,18.6299991607666,16.920000076293945,17.549999237060547,46922,0.0040834051292762
2022-01-28,SND,1.8327271932303308,1.862318118995288,1.7181817365415175,1.8040908575057983,36500,0.0009348235872638
2022-01-28,SNDL,4.320000171661377,4.670000076293945,4.25,4.53000020980835,6700200,0.0260410269963543
2022-01-28,SNDX,14.880000114440918,15.600000381469728,14.5600004196167,15.600000381469728,438000,0.0050904188554692
2022-01-28,SNES,2073.60009765625,2138.39990234375,2016.0,2136.0,26,1.4883252334094667e-05
2022-01-28,SNEX,28.0755558013916,28.559999465942383,27.82666778564453,28.44444465637207,123975,0.002576002194199
2022-01-28,SNFCA,7.930028915405273,7.930028915405273,7.774538040161133,7.90411376953125,13892,0.00065154279443
2022-01-28,SNGX,146.39999389648438,153.60000610351562,141.60000610351562,148.8000030517578,1145,0.0003628470021548
2022-01-28,SNOA,72.5999984741211,76.0,71.80000305175781,72.19999694824219,1055,0.0006529435064613
2022-01-28,SNPS,286.4100036621094,296.8699951171875,279.42999267578125,296.3500061035156,1108000,0.007165955245117
2022-01-28,SNT,2.470000028610229,2.539999961853028,2.3399999141693115,2.400000095367432,82700,0.0035478335478335
2022-01-28,SNY,46.53402163686637,46.96102046113931,46.42726938568439,46.916542053222656,1309000,0.000535968022089
2022-01-28,SOGP,11.899999618530272,12.329999923706056,11.100000381469728,12.100000381469728,20370,0.0054040430837799
2022-01-28,SOHO,2.049999952316284,2.049999952316284,1.9900000095367432,2.009999990463257,16000,0.0007949757532395
2022-01-28,SOHU,16.479999542236328,16.829999923706055,16.15999984741211,16.68000030517578,260300,0.0086577926786272
2022-01-28,SONM,6.059999942779541,6.519999980926514,5.659999847412109,6.199999809265137,28480,0.0045034360837816
2022-01-28,SONO,22.170000076293945,23.0,21.989999771118164,22.96999931335449,2188000,0.0183737393246727
2022-01-28,SPCB,98.0,110.0,98.0,102.0,1285,0.0003697277825252
2022-01-28,SPFI,26.796374952853142,27.202667236328125,26.550709809305783,27.202667236328125,14700,0.0009054177240138
2022-01-28,SPNS,27.26266445885457,28.110067072557374,26.52460484670453,28.037172317504883,59900,0.001071801772141
2022-01-28,SPOK,6.903646480268658,6.910676831293857,6.748982780421318,6.889586448669434,29200,0.0014300406484156
2022-01-28,SPRO,11.359999656677246,11.600000381469728,10.920000076293944,11.09000015258789,212600,0.0038031792145343
2022-01-28,SPSC,115.0,120.3499984741211,112.36000061035156,120.06999969482422,166500,0.0043778807901746
2022-01-28,SPT,57.970001220703125,63.459999084472656,55.16999816894531,63.220001220703125,728800,0.0140570150059792
2022-01-28,SPTN,21.611962990814703,22.037291970870783,21.346133857117515,21.97526359558105,357800,0.0105713492208874
2022-01-28,SPWH,10.18000030517578,10.649999618530272,10.029999732971191,10.640000343322754,1186600,0.0311279351313349
2022-01-28,SRCE,45.37380251149638,45.37380251149638,44.069272904680574,45.1533203125,36200,0.001474337566284
2022-01-28,SRDX,42.29999923706055,42.900001525878906,41.45000076293945,42.81999969482422,58900,0.0041200335758254
2022-01-28,SRRK,16.290000915527344,16.8700008392334,15.220000267028809,16.639999389648438,334900,0.0035372974160512
2022-01-28,SRTS,6.980000019073486,7.440000057220459,6.760000228881836,7.360000133514404,123100,0.0074626865671641
2022-01-28,SSNC,72.96759489027293,74.48656280766963,72.39440233765745,74.44834899902344,989900,0.0040173534735355
2022-01-28,SSP,19.3799991607666,20.31999969482422,19.239999771118164,20.31999969482422,186600,0.0024679113333683
2022-01-28,SSRM,15.362600704636558,15.487969515718518,15.160080511779928,15.410819053649902,1312500,0.006480265431672
2022-01-28,SSSS,11.7493661846317,11.94700040902701,11.601139809539475,11.90747356414795,230600,0.0097911421159227
2022-01-28,SSTI,25.190000534057617,25.549999237060547,23.899999618530277,25.530000686645508,43300,0.0034185739888363
2022-01-28,SSYS,21.01000022888184,21.959999084472656,20.43000030517578,21.90999984741211,772300,0.0092565291910874
2022-01-28,STAA,66.19999694824219,66.93000030517578,63.25,66.91000366210938,496700,0.0100698625860104
2022-01-28,STBA,26.752964614397,27.334550655515297,26.05682277929973,26.902767181396484,173900,0.0045321629806464
2022-01-28,STGW,6.949999809265137,7.099999904632568,6.75,7.070000171661377,486200,0.001829580348004
2022-01-28,STIM,3.4600000381469727,3.470000028610229,3.299999952316284,3.450000047683716,129800,0.0019722097714029
2022-01-28,STKL,4.630000114440918,4.78000020980835,4.5,4.75,948200,0.0080898224539071
2022-01-28,STKS,11.68000030517578,12.0600004196167,11.390000343322754,12.0600004196167,86000,0.0027705382253736
2022-01-28,STLD,51.72364199240778,52.18919438094625,50.18447507663601,52.17969131469727,2155400,0.0143792078229294
2022-01-28,STNE,14.039999961853027,14.720000267028809,13.6899995803833,14.65999984741211,4036900,0.0156850179524664
2022-01-28,STOK,18.020000457763672,18.030000686645508,17.014999389648438,17.93000030517578,112600,0.0020821891463579
2022-01-28,STRA,51.76935230465968,54.64037980023006,51.15153595420803,54.58586883544922,303000,0.0122899952137972
2022-01-28,STRL,25.18000030517578,25.209999084472656,24.100000381469727,25.13999938964844,162700,0.0053489824769043
2022-01-28,STRM,19.350000381469727,20.25,18.899999618530277,20.25,4013,0.0009391132599141
2022-01-28,STRO,10.210000038146973,10.390000343322754,9.90999984741211,10.390000343322754,342400,0.0040871237267845
2022-01-28,STRR,6.650000095367432,6.75,6.400000095367432,6.650000095367432,90240,0.0281867874433859
2022-01-28,STRS,28.935827163804788,29.579620361328125,28.935827163804788,29.579620361328125,2800,0.000346839425733
2022-01-28,STX,90.9338499911681,95.00154354897955,89.20574621064047,94.84202575683594,3850900,0.0181897615784169
2022-01-28,SUPN,29.020000457763672,30.75,28.940000534057617,30.709999084472656,480900,0.0086160406346021
2022-01-28,SURG,2.8499999046325684,2.9049999713897705,2.7100000381469727,2.890000104904175,72300,0.0035421208632388
2022-01-28,SVC,6.146944223020112,6.418367862701416,6.0112327838406925,6.418367862701416,1638200,0.0098309503810534
2022-01-28,SVRA,1.159999966621399,1.159999966621399,1.090000033378601,1.1399999856948853,135100,0.0007825850576696
2022-01-28,SWBI,14.257457274491202,14.7530605120405,14.053905311777386,14.744210243225098,661200,0.0150263506557552
2022-01-28,SWKS,127.2007756872563,128.51259000127953,122.72406726336222,128.4025115966797,2084900,0.0135757766003176
2022-01-28,SWTX,52.18000030517578,52.75,49.0,52.56999969482422,540100,0.0072028315222899
2022-01-28,SXTC,4.724999904632568,5.875,4.625,5.449999809265137,462776,0.0336239128697332
2022-01-28,SY,2.0701220637142423,2.1250810043751494,2.0014232786944004,2.042642593383789,315600,0.0036973947191456
2022-01-28,SYBT,55.44324045034574,56.09617301279096,53.88553331421422,55.3313102722168,55900,0.0018971918844986
2022-01-28,SYBX,1.75,1.909999966621399,1.7300000190734863,1.8600000143051147,47100,0.0040269833534255
2022-01-28,SYNA,181.7400054931641,191.9499969482422,174.5800018310547,191.42999267578125,758300,0.019351002638657
2022-01-28,SYPR,1.950000047683716,1.950000047683716,1.8200000524520876,1.899999976158142,68500,0.0029756733275412
2022-01-28,SYRE,99.5,101.5,94.5,101.0,8268,0.0001372122740926
2022-01-28,TACT,8.399999618530273,8.850000381469727,8.399999618530273,8.5,15500,0.0015375916355015
2022-01-28,TAIT,2.8072722267665995,2.839726209640503,2.76670474817422,2.839726209640503,12700,0.002415105247244
2022-01-28,TANH,74.4000015258789,76.80000305175781,67.19999694824219,69.5999984741211,2049,0.0017234273410098
2022-01-28,TAOP,14.300000190734863,14.899999618530272,13.699999809265137,14.899999618530272,1570,0.0001173033674285
2022-01-28,TARA,4.860000133514404,5.130000114440918,4.849999904632568,5.050000190734863,76600,0.0020833616645134
2022-01-28,TBBK,26.799999237060547,27.940000534057617,26.40999984741211,27.549999237060547,483700,0.0100867077336291
2022-01-28,TBCH,18.350000381469727,19.09000015258789,17.940000534057617,19.040000915527344,273100,0.0136747600282408
2022-01-28,TBNK,21.96581778356055,22.197882696590263,21.760528478146515,21.956892013549805,15500,0.0019453763424665
2022-01-28,TBPH,8.34000015258789,8.770000457763672,8.1899995803833,8.760000228881836,825600,0.0165115706991618
2022-01-28,TBRG,27.520000457763672,28.06999969482422,27.190000534057617,28.020000457763672,67900,0.004541988307223
2022-01-28,TCBI,59.869998931884766,61.93999862670898,59.869998931884766,61.900001525878906,351900,0.0076293179142628
2022-01-28,TCBK,39.631377547069526,39.631377547069526,38.023226283479225,38.7137336730957,89100,0.0027024239924295
2022-01-28,TCMD,14.720000267028809,15.140000343322754,14.145000457763672,15.109999656677246,181200,0.0076566184113784
2022-01-28,TCOM,24.272040389677557,25.237350328017907,23.51571580119014,25.207494735717773,4749800,0.0072671024182312
2022-01-28,TCPC,8.807276543754238,8.927193641662598,8.747317677127091,8.927193641662598,180300,0.0021192493000717
2022-01-28,TCRT,124.5,135.0,114.0,135.0,15267,0.0095344262295081
2022-01-28,TCX,76.73999786376953,78.91000366210938,76.37000274658203,78.91000366210938,35100,0.003181480340083
2022-01-28,TEAM,312.04998779296875,329.1199951171875,286.8900146484375,319.1700134277344,5822100,0.0355023415776379
2022-01-28,TECH,87.61590015130379,90.54875946044922,86.11616436314318,90.54875946044922,1846800,0.0116821011082435
2022-01-28,TENB,45.369998931884766,48.34999847412109,44.34999847412109,48.34999847412109,1311100,0.010898405679041
2022-01-28,TENX,1115.199951171875,1115.199951171875,1008.0,1025.5999755859375,24,6.052383378137782e-06
2022-01-28,TER,106.40639953309066,110.6468724193928,104.0396199442929,110.56798553466795,6017200,0.0374127218873102
2022-01-28,TFIN,82.33000183105469,83.80999755859375,79.06999969482422,83.6500015258789,229200,0.0097863818994632
2022-01-28,TFSL,13.071094456807822,13.200511291113529,12.766584685505316,13.139609336853027,265800,0.0009465845406405
2022-01-28,TGTX,8.460000038146973,9.729999542236328,8.28499984741211,9.729999542236328,8898000,0.0566495377682939
2022-01-28,TH,2.9100000858306885,3.0199999809265137,2.890000104904175,3.009999990463257,83700,0.0008470536458403
2022-01-28,THFF,39.82341148194561,40.1368392505621,39.08909206738144,39.98460388183594,53500,0.0045134348504661
2022-01-28,THRM,87.66000366210938,88.88999938964844,82.86000061035156,85.05000305175781,243100,0.0078936003714635
2022-01-28,THTX,12.199999809265137,12.399999618530272,12.039999961853027,12.079999923706056,22750,0.0004947803392779
2022-01-28,TIGO,24.112775487771952,25.19203245054944,24.112775487771952,25.126623153686523,87200,0.000518279479499
2022-01-28,TIGR,3.809999942779541,3.890000104904175,3.609999895095825,3.849999904632568,3091800,0.0183142884005099
2022-01-28,TILE,12.606368698841084,13.150599885136314,12.260040448414037,12.84385108947754,211900,0.0036155473655473
2022-01-28,TIPT,11.376692338901206,11.75591505520927,11.149158709116367,11.746435165405272,78700,0.0020990081053184
2022-01-28,TITN,29.280000686645508,29.51000022888184,28.239999771118164,29.450000762939453,132000,0.0057084537009808
2022-01-28,TLPH,8.800000190734863,8.800000190734863,8.0,8.600000381469727,43365,0.0021150047552856
2022-01-28,TLRY,5.239999771118164,5.519999980926514,5.150000095367432,5.480000019073486,19750600,0.019812493595994
2022-01-28,TLSA,0.8600000143051147,0.8899999856948853,0.7900000214576721,0.800000011920929,88400,0.000756538408873
2022-01-28,TMUS,103.37490301400084,106.3281964722483,102.4850084681703,106.24996185302734,4649200,0.004072030295597
2022-01-28,TNDM,107.87000274658205,114.0,106.48999786376952,113.4800033569336,1403600,0.0210866949204741
2022-01-28,TNFA,123.9000015258789,129.75,115.8000030517578,118.8000030517578,3563,0.0012932520770797
2022-01-28,TNXP,140800.0,147200.0,134400.0,140800.0,22,3.1986879563582648e-06
2022-01-28,TOMZ,1.0099999904632568,1.059999942779541,0.9800000190734864,1.0399999618530271,159800,0.0079839322115192
2022-01-28,TOUR,1.111126791021613,1.178760647773743,1.0724789386945015,1.178760647773743,179300,0.0016020371694067
2022-01-28,TOWN,27.76774384222088,28.135113020096757,27.077805938784653,27.884227752685547,372500,0.0049408294226723
2022-01-28,TPIC,10.619999885559082,11.270000457763672,10.289999961853027,11.25,1529400,0.0321241107267308
2022-01-28,TPST,44.720001220703125,50.310001373291016,41.59999847412109,48.09999847412109,692,0.0001965730388146
2022-01-28,TRAW,41.75,43.75,40.75,43.5,4252,0.000844775484822
2022-01-28,TREE,112.79000091552734,114.81999969482422,108.48999786376952,114.81999969482422,240400,0.0179488711026161
2022-01-28,TRI,95.39921814522047,96.68116760253906,93.92358659359292,96.68116760253906,541100,0.0012013151868121
2022-01-28,TRIB,5.699999809265137,5.900000095367432,5.550000190734863,5.75,28420,0.0014806633288354
2022-01-28,TRIP,25.100000381469727,25.86000061035156,24.36000061035156,25.850000381469727,2358800,0.0184885015127525
2022-01-28,TRMB,67.61000061035156,70.30999755859375,66.18000030517578,70.26000213623047,2263500,0.0092090059888035
2022-01-28,TRMK,29.041283650042416,29.56455169638608,28.202254497584686,29.13150405883789,308000,0.0050658644618094
2022-01-28,TRNS,90.45999908447266,93.05999755859376,90.3000030517578,92.80999755859376,35100,0.0037703542736589
2022-01-28,TROW,129.47839685460073,129.99815217507782,124.42815744482282,129.77291870117188,2642600,0.0118906417328857
2022-01-28,TRS,33.518457648865706,33.73407091119225,32.616789612676286,33.70466995239258,72200,0.0017732412492263
2022-01-28,TRST,29.242103507414733,29.405902780946235,28.604158481007698,29.380041122436523,62400,0.0032808088455653
2022-01-28,TRUE,3.220000028610229,3.390000104904175,3.190000057220459,3.390000104904175,560500,0.006404528533003
2022-01-28,TRUP,85.36000061035156,88.2750015258789,80.22000122070312,88.18000030517578,390400,0.009187892880089
2022-01-28,TRVG,4.814018125160395,4.908410549163818,4.696027482631471,4.908410549163818,93080,0.0040803264962585
2022-01-28,TRVI,0.6290000081062317,0.6800000071525574,0.5590000152587891,0.628000020980835,161800,0.0016735241854239
2022-01-28,TSAT,21.1299991607666,22.149999618530277,20.82999992370605,21.8799991607666,128800,0.0091477272727272
2022-01-28,TSBK,24.467403039675634,24.77212542060618,24.35985496960941,24.7452392578125,8500,0.0010684499305507
2022-01-28,TSCO,41.2175766716117,41.71438541271855,40.19485054569847,41.69303512573242,5930500,0.0111556293760615
2022-01-28,TSEM,32.15999984741211,32.90999984741211,31.040000915527344,32.880001068115234,676000,0.0060488381041008
2022-01-28,TSLA,277.1866760253906,285.8333435058594,264.0033264160156,282.1166687011719,134789100,0.0419052586901174
2022-01-28,TTD,60.88999938964844,64.0999984741211,57.81999969482422,63.59999847412109,6200000,0.0138310424130075
2022-01-28,TTEC,71.40588239850085,72.97990153122198,69.2946157101862,72.97047424316406,98300,0.0020563089776818
2022-01-28,TTEK,25.60599642851241,26.28275464009576,25.05786290757078,26.241199493408203,1396000,0.0052082556074557
2022-01-28,TTGT,76.22000122070312,78.6500015258789,73.83999633789062,78.4000015258789,517300,0.0072396024306478
2022-01-28,TTMI,13.109999656677246,13.550000190734863,12.8100004196167,13.15999984741211,1025400,0.0100904340638253
2022-01-28,TTSH,6.400000095367432,6.5,6.28000020980835,6.420000076293945,139200,0.0031170296856771
2022-01-28,TTWO,158.5399932861328,159.27000427246094,154.25999450683594,158.74000549316406,3444700,0.0195171561961744
2022-01-28,TUSK,1.649999976158142,1.7100000381469729,1.649999976158142,1.690000057220459,52200,0.0010846212344735
2022-01-28,TVTX,25.520000457763672,26.11000061035156,24.6200008392334,25.979999542236328,445200,0.0050151120239946
2022-01-28,TW,79.72142575677843,81.59583282470703,78.62341973241006,81.59583282470703,622300,0.0053444751713358
2022-01-28,TWIN,10.452298621351876,11.0804183345712,10.452298621351876,11.031346321105955,5000,0.00035345930623
2022-01-28,TWST,51.68000030517578,53.40999984741211,49.209999084472656,52.18000030517578,1179800,0.0197783444060545
2022-01-28,TXG,86.11000061035156,87.44000244140625,83.12999725341797,87.4000015258789,2636400,0.0243558593930435
2022-01-28,TXMD,14.0,14.5,13.0,14.0,127198,0.0110296208941764
2022-01-28,TXN,159.22558524148488,162.5784776715586,155.17646951107727,162.41357421875,7322100,0.0080469887080464
2022-01-28,TXRH,75.17610641602816,78.79802960121393,73.953116010805,78.78861999511719,1167700,0.0175784307822002
2022-01-28,TZOO,8.670000076293945,9.399999618530272,8.529999732971191,9.050000190734863,27300,0.002427724075375
2022-01-28,UAL,40.650001525878906,40.93000030517578,38.790000915527344,40.90999984741211,14042700,0.0428517808754241
2022-01-28,UBFO,6.732655315525674,6.757226830743623,6.683511503975391,6.716273784637451,8200,0.000469217608249
2022-01-28,UBSI,30.993067756912087,30.993067756912087,29.90957594082006,30.73093032836914,901100,0.0062808865436156
2022-01-28,UBX,10.390000343322754,10.899999618530272,10.020000457763672,10.899999618530272,45890,0.0027206004410823
2022-01-28,UCTT,44.84999847412109,46.43000030517578,43.22999954223633,46.36000061035156,584800,0.0129574606213288
2022-01-28,UEIC,34.0,37.400001525878906,33.5,34.58000183105469,28800,0.0021965115126185
2022-01-28,UFCS,22.18179387067482,22.43950653076172,21.868855564395727,22.43950653076172,37400,0.0014728410473711
2022-01-28,UFPI,75.74076953038302,76.97374261679495,73.6986727837822,76.81961822509766,198300,0.0032602047862371
2022-01-28,UFPT,68.12000274658203,70.4800033569336,65.9000015258789,67.2300033569336,14000,0.0018228454617658
2022-01-28,ULBI,5.360000133514404,5.539999961853027,5.099999904632568,5.150000095367432,21800,0.001310647507966
2022-01-28,ULH,15.598687941709963,16.029327316137923,15.17761944660983,15.837931632995604,90100,0.0034236034851599
2022-01-28,ULTA,351.67999267578125,359.1000061035156,346.92999267578125,358.8299865722656,537800,0.0118694754963087
2022-01-28,UMBF,90.62575356193771,92.7475844542584,90.01277875408641,92.62499237060548,456700,0.006285854281593
2022-01-28,UNIT,8.674304477515648,8.917794227600098,8.484078495766143,8.917794227600098,1839000,0.0075298185728908
2022-01-28,UNTY,28.20457949865406,28.46029458945717,27.749971079173424,28.06251335144043,16000,0.0015908367801463
2022-01-28,UONEK,4.139999866485596,4.360000133514404,4.110000133514404,4.239999771118164,127700,0.0037407214290317
2022-01-28,UPBD,35.451419796017866,36.34966769499986,34.519591758178265,36.34127426147461,505000,0.0087942936353694
2022-01-28,UPLD,18.690000534057617,19.614999771118164,18.06999969482422,18.709999084472656,376900,0.0133802891903309
2022-01-28,UPWK,23.440000534057617,24.700000762939453,22.90999984741211,24.549999237060547,2275700,0.0167997932969142
2022-01-28,URBN,28.270000457763672,28.40999984741211,27.239999771118164,28.100000381469727,2360100,0.0254703175452834
2022-01-28,URGN,7.070000171661377,7.320000171661377,6.710000038146973,7.28000020980835,102800,0.0022302058384532
2022-01-28,USAU,6.079999923706055,6.25,6.010000228881836,6.070000171661377,54000,0.0043248091878168
2022-01-28,USEG,2.8806483486242653,3.1858825489810934,2.842494102006817,3.0046498775482178,784700,0.0232015611602258
2022-01-28,USIO,3.109999895095825,3.190000057220459,3.0,3.1700000762939453,84300,0.0031794043991189
2022-01-28,USLM,24.10476190296908,24.944664001464844,24.10476190296908,24.944664001464844,40500,0.0014150547853309
2022-01-28,UTHR,194.92999267578125,200.94000244140625,191.8500061035156,200.8999938964844,236200,0.0052591500750352
2022-01-28,UTMD,88.42640137361491,91.04256718062238,88.42640137361491,89.90097045898438,7300,0.0022243754989609
2022-01-28,UVSP,26.482232389898517,26.758554458618164,26.107863845432465,26.758554458618164,206400,0.0071168241861683
2022-01-28,UXIN,99.9000015258789,101.0,90.0,100.0,8385,4.464594535374625e-05
2022-01-28,VANI,3.7799999713897705,3.990000009536743,3.7200000286102295,3.9600000381469727,103667,0.0017498636967467
2022-01-28,VBTX,35.727876634175445,36.3031173697555,34.4245949139802,35.60204315185547,258000,0.0047366044054092
2022-01-28,VC,97.02999877929688,98.3499984741211,91.58999633789062,98.06999969482422,343500,0.0126844039068702
2022-01-28,VCEL,31.979999542236328,33.279998779296875,31.450000762939453,33.279998779296875,691100,0.013784533637573
2022-01-28,VCTR,27.92244627835564,28.449790954589844,27.636429173577035,28.449790954589844,160500,0.0023877993184551
2022-01-28,VCYT,25.600000381469727,27.07999992370605,23.979999542236328,27.07999992370605,1043300,0.0133851135675503
2022-01-28,VECO,25.780000686645508,26.489999771118164,25.200000762939453,26.450000762939453,353200,0.0060963296022369
2022-01-28,VEON,34.75,35.75,34.25,35.75,283780,0.0040165428687893
2022-01-28,VERB,9200.0,9760.0,9040.0,9760.0,72,7.249879168680522e-05
2022-01-28,VERI,13.279999732971191,14.40999984741211,13.0600004196167,14.40999984741211,650900,0.0145178378257814
2022-01-28,VERU,4.559999942779541,4.760000228881836,4.369999885559082,4.739999771118164,1417900,0.0096861678872007
2022-01-28,VFF,4.639999866485596,4.820000171661377,4.53000020980835,4.809999942779541,722000,0.0064270899169463
2022-01-28,VIAV,15.640000343322754,15.710000038146973,15.140000343322754,15.630000114440918,2665000,0.0119971013202519
2022-01-28,VICR,82.33000183105469,86.06999969482422,81.16000366210938,85.9800033569336,354900,0.0106118641179056
2022-01-28,VIOT,1.9299999475479128,1.950000047683716,1.8200000524520876,1.899999976158142,162900,0.0047978228663825
2022-01-28,VIR,31.559999465942383,34.060001373291016,30.60099983215332,33.970001220703125,1166800,0.0085079073079686
2022-01-28,VIRT,26.119586574915683,26.68740334837617,25.8313102643162,26.6699333190918,1200800,0.0138630732891088
2022-01-28,VKTX,3.509999990463257,3.5799999237060547,3.4200000762939453,3.5799999237060547,1366100,0.0121659289868108
2022-01-28,VLGEA,19.42115367280564,19.693823386906985,19.350787240854707,19.62345695495605,26700,0.0025136982432356
2022-01-28,VLY,11.364077391903429,11.750611305236816,11.31254008290615,11.750611305236816,5539600,0.0098916477095203
2022-01-28,VLYPP,21.06286310605713,21.525783124135497,20.799477604776808,21.44597053527832,11500,3.469163660058161e-05
2022-01-28,VMD,4.360000133514404,4.460000038146973,4.28000020980835,4.460000038146973,84800,0.0021456621189425
2022-01-28,VNDA,14.380000114440918,14.739999771118164,14.18000030517578,14.739999771118164,311200,0.0053364428287262
2022-01-28,VNET,8.40999984741211,8.550000190734863,7.869999885559082,8.510000228881836,3830800,0.0146216526385113
2022-01-28,VNOM,22.03608493735545,22.375599144149312,21.324721103197987,21.567232131958008,672600,0.0051217227751422
2022-01-28,VOD,13.183765215445083,13.828201282463777,13.144944354424563,13.797144889831545,20104800,0.0080602324354093
2022-01-28,VRA,7.809999942779541,7.940000057220459,7.699999809265137,7.909999847412109,161000,0.005812085527907
2022-01-28,VRCA,7.559999942779541,7.650000095367432,7.420000076293945,7.610000133514404,33000,0.0003595554587056
2022-01-28,VRDN,17.229999542236328,18.32999992370605,16.709999084472656,18.32999992370605,45600,0.0005596121985641
2022-01-28,VREX,26.350000381469727,26.520000457763672,25.25,25.989999771118164,576900,0.013991899299071
2022-01-28,VRME,2.8949999809265137,2.9600000381469727,2.890000104904175,2.940000057220459,7000,0.0005665814096545
2022-01-28,VRNA,5.989999771118164,6.283999919891357,5.789999961853027,5.980000019073486,52800,0.0006210442539197
2022-01-28,VRNS,33.13999938964844,33.68000030517578,32.11000061035156,33.68000030517578,1246500,0.0110750777432252
2022-01-28,VRNT,51.2599983215332,51.2599983215332,49.43999862670898,50.68999862670898,587400,0.0094531070209516
2022-01-28,VRRM,14.859999656677246,15.710000038146973,14.739999771118164,15.699999809265137,797400,0.0050018190713954
2022-01-28,VRSK,184.4339990946952,189.34140877935928,181.78929543298207,189.33160400390625,608800,0.0043502807160116
2022-01-28,VRSN,207.0800018310547,211.6999969482422,204.19000244140625,211.58999633789065,616700,0.0065190274841437
2022-01-28,VRTX,227.2899932861328,243.3000030517578,227.17999267578125,243.0200042724609,3164300,0.0123085723895137
2022-01-28,VSAT,44.38999938964844,45.09000015258789,43.52999877929688,45.09000015258789,607100,0.0047018277571251
2022-01-28,VSEC,49.29053989435169,49.29053989435169,47.26449936014931,49.19266128540039,18300,0.0008853710575587
2022-01-28,VSTM,17.15999984741211,17.280000686645508,16.079999923706055,17.280000686645508,139808,0.0027152456787725
2022-01-28,VTGN,44.400001525878906,46.20000076293945,42.59999847412109,46.20000076293945,40887,0.0014166328853409
2022-01-28,VTRS,12.629929447648818,12.69937229156494,12.430280650521969,12.69937229156494,7927000,0.006640752713227
2022-01-28,VTSI,5.639999866485596,6.110000133514404,5.600100040435791,5.71999979019165,25800,0.0022912559279586
2022-01-28,VUZI,5.639999866485596,5.900000095367432,5.429999828338623,5.829999923706055,2512500,0.0329541042779345
2022-01-28,VVPR,22.700000762939453,24.600000381469727,21.600000381469727,22.200000762939453,3790,0.0004960908304351
2022-01-28,VXRT,4.309999942779541,4.610000133514404,4.210000038146973,4.590000152587891,2778800,0.01219044653639
2022-01-28,VYGR,2.7699999809265137,2.880000114440918,2.759999990463257,2.819999933242798,263800,0.0047783882087202
2022-01-28,VYNE,9.82800006866455,10.187999725341797,9.468000411987305,10.170000076293944,63783,0.0041935186950604
2022-01-28,WABC,51.76336256778901,52.14865357565991,50.45516694100428,51.68272018432617,80200,0.0030020250568026
2022-01-28,WAFD,31.26963801826551,31.503663723702918,30.6935681402141,31.476661682128903,463000,0.005677408241311
2022-01-28,WASH,46.57768886823796,46.79571933372791,44.94650037417389,45.972049713134766,42200,0.0021892395245926
2022-01-28,WATT,20.0,21.399999618530277,20.0,21.399999618530277,25625,0.0008419112453058
2022-01-28,WB,23.63614273071289,24.354938812874384,23.2385107313466,23.63614273071289,2245300,0.0144398790654179
2022-01-28,WBA,41.16150875645878,41.6148318652604,40.65049369507428,41.59010314941406,5430400,0.0062798212874617
2022-01-28,WBD,25.059999465942383,27.15999984741211,24.899999618530277,27.149999618530277,9601400,0.003911339703403
2022-01-28,WDAY,226.5500030517578,238.7400054931641,223.5200042724609,238.17999267578125,2441600,0.0113562790697674
2022-01-28,WDC,37.10506439208984,39.33484649658203,36.74980926513672,37.7173080444336,26371227,0.0758177325313951
2022-01-28,WDFC,209.3830213076704,210.2498037428157,202.277213407204,207.8018341064453,71000,0.0052416318454973
2022-01-28,WEN,19.102254122320613,19.560361416071498,18.886165278512973,19.54307556152344,1766100,0.0089999694242587
2022-01-28,WERN,41.20740394766575,41.99413405386731,40.60296371390245,41.974945068359375,505900,0.0081695863369764
2022-01-28,WEYS,19.426901982904585,19.730843595313058,19.41001597991792,19.46067237854004,5200,0.0005394851236977
2022-01-28,WHF,9.977176459613364,9.977176459613364,9.891450479987691,9.970582008361816,28900,0.0012433797557124
2022-01-28,WINA,195.0215688692862,197.8180983976528,191.8386635030756,195.63790893554688,14200,0.0040113560926001
2022-01-28,WING,137.70014992575875,143.45153625824403,134.06743845399646,143.3563232421875,351200,0.0125865053453225
2022-01-28,WIX,118.0,119.66000366210938,113.43000030517578,118.9000015258789,626800,0.011259570095674
2022-01-28,WKHS,722.5,737.5,697.5,725.0,22548,0.0043991033227394
2022-01-28,WKSP,20.700000762939453,21.0,20.200000762939453,20.5,7890,0.0016456527860338
2022-01-28,WLDN,31.979999542236328,32.290000915527344,30.8799991607666,31.31999969482422,96100,0.0066700907854188
2022-01-28,WLFC,33.94271891190258,34.33455179150297,33.90353450289327,34.06026840209961,3400,0.0004738134457107
2022-01-28,WNEB,8.08273869519414,8.396369934082031,8.08273869519414,8.396369934082031,29500,0.0014175195809908
2022-01-28,WPRT,17.399999618530273,17.899999618530273,16.899999618530273,17.799999237060547,93800,0.0054136102085221
2022-01-28,WRAP,2.25,2.440000057220459,2.130000114440918,2.390000104904175,349200,0.0069155772784074
2022-01-28,WRLD,183.7400054931641,185.9600067138672,178.00999450683594,179.3300018310547,39800,0.0069257379913271
2022-01-28,WSBC,30.32123592936127,30.847736693982977,29.65663687340624,30.83910369873047,322100,0.0033667746069308
2022-01-28,WSBF,17.591278769506527,17.761984034819008,17.07915971760592,17.33521842956543,128300,0.0066494944207476
2022-01-28,WSC,35.407356890448256,36.69435000334087,35.20782186489609,36.66442108154297,1398300,0.0076170499199978
2022-01-28,WSFS,48.728796894343525,49.63934752549634,48.16329733657801,49.6297607421875,363400,0.0062654308216438
2022-01-28,WTBA,26.07507735904928,26.07507735904928,24.633569504868703,25.23064422607422,27300,0.0016218528331927
2022-01-28,WTFC,90.96207148158476,92.25666519666352,89.98876148252874,92.16217041015624,471000,0.0070391697665416
2022-01-28,WTFCM,21.680263853709494,21.920887695742827,21.644170124419592,21.696304321289062,6700,0.0001188105468299
2022-01-28,WTW,213.2326649590188,221.2364154436412,211.11936118052424,220.9782257080078,756300,0.0076101218746478
2022-01-28,WVE,2.0999999046325684,2.25,2.039999961853028,2.190000057220459,513400,0.0033449304822589
2022-01-28,WW,12.06999969482422,12.399999618530272,11.850000381469728,12.399999618530272,1165100,0.0145406478187455
2022-01-28,WWD,104.95398318827556,106.48894102635975,102.43156611653698,106.43028259277344,366000,0.0061657785811633
2022-01-28,WYNN,81.2548776018397,82.38042851734943,79.30718982315052,82.34127807617188,2296000,0.0216263057258846
2022-01-28,XAIR,6.309999942779541,6.489999771118164,6.059999942779541,6.460000038146973,164200,0.0018600204353036
2022-01-28,XBIT,10.289999961853027,10.510000228881836,10.154999732971191,10.460000038146973,30600,0.001003683452671
2022-01-28,XCUR,24.299999237060547,24.600000381469727,22.649999618530277,23.399999618530277,103875,0.0164417191509029
2022-01-28,XEL,59.670691017549856,62.78808602476482,59.670691017549856,62.7431640625,3430400,0.0059554417404467
2022-01-28,XENE,25.520000457763672,26.170000076293945,24.700000762939453,26.15999984741211,189300,0.0024731261464174
2022-01-28,XERS,2.0,2.130000114440918,1.940000057220459,2.069999933242798,2015700,0.0130940626218007
2022-01-28,XFOR,1.8200000524520876,1.9600000381469729,1.7599999904632568,1.9600000381469729,151700,0.0008735359491425
2022-01-28,XGN,8.520000457763672,9.079999923706056,8.329999923706055,8.899999618530273,22700,0.0012682910476531
2022-01-28,XNCR,31.96999931335449,32.52000045776367,30.76000022888184,32.45000076293945,256900,0.0036459417843718
2022-01-28,XNET,1.659999966621399,1.7100000381469729,1.6100000143051147,1.690000057220459,206400,0.0033577245559637
2022-01-28,XOMA,20.450000762939453,20.450000762939453,20.01000022888184,20.440000534057617,14200,0.0011854374848689
2022-01-28,XP,29.50902055715455,29.963150602577603,28.48722705267649,29.565786361694336,2762700,0.0063649642435859
2022-01-28,XPEL,56.5099983215332,59.810001373291016,55.25,59.810001373291016,168000,0.0060754659665415
2022-01-28,XRAY,49.35290710485109,50.074003129757166,48.76291879857931,50.04590606689453,898800,0.0046741172970047
2022-01-28,XRX,15.999125202184086,16.17243033104758,15.699782301657445,16.164552688598633,3245300,0.0258024249652156
2022-01-28,XTKG,88.30188751220703,95.0943374633789,86.03773498535156,93.28302001953124,7839,0.0005713098804031
2022-01-28,XWEL,24.799999237060547,27.200000762939453,24.799999237060547,26.799999237060547,105890,0.020127275699389
2022-01-28,XXII,65772.0,66744.0,63180.0,66096.0,88,3.7137853178873626e-05
2022-01-28,YI,2.7799999713897705,2.799999952316284,2.5999999046325684,2.799999952316284,198800,0.040028753047964
2022-01-28,YMAB,8.760000228881836,9.369999885559082,8.489999771118164,9.130000114440918,820000,0.0181342910597945
2022-01-28,YORW,41.48320700210159,42.014923095703125,40.91417662440865,42.014923095703125,16700,0.0011605765355053
2022-01-28,YTRA,1.649999976158142,1.6799999475479126,1.5800000429153442,1.649999976158142,102400,0.0016536826737981
2022-01-28,YY,40.19417993700304,41.16923910489904,38.32531337483308,41.04284286499024,635376,0.0177811111235489
2022-01-28,Z,46.70000076293945,47.43000030517578,44.797000885009766,47.41999816894531,5405800,0.0297010541484204
2022-01-28,ZBRA,474.6400146484375,493.6600036621094,466.0700073242188,492.5700073242188,569200,0.0111295125656733
2022-01-28,ZD,102.4000015258789,104.37999725341795,99.29000091552734,101.01000213623048,689900,0.0160752524063946
2022-01-28,ZEUS,19.91935790503511,20.332942181071733,19.42882967970053,20.24637794494629,41600,0.0037266969460793
2022-01-28,ZG,45.900001525878906,46.77000045776367,44.08000183105469,46.75,944300,0.0173797652636596
2022-01-28,ZION,59.25111598615188,60.4842199527307,58.77206737947488,60.45760726928711,2186800,0.0148194322522891
2022-01-28,ZKIN,1.2999999523162842,1.340000033378601,1.2400000095367432,1.2899999618530271,243600,0.0471731910649793
2022-01-28,ZLAB,42.47999954223633,43.5,39.75,43.41999816894531,698500,0.0063710243804555
2022-01-28,ZM,137.5800018310547,143.88999938964844,134.6999969482422,143.80999755859375,3682700,0.0140157714059538
2022-01-28,ZS,226.50999450683597,238.94000244140625,220.6699981689453,238.6999969482422,2803900,0.0181218299885257
2022-01-28,ZUMZ,42.86000061035156,43.31999969482422,41.75,43.25,249800,0.013038122677356
2022-01-28,ZYME,8.220000267028809,8.5,7.849999904632568,8.449999809265137,2754000,0.0395821049562199
2022-01-28,ZYXI,7.179999828338623,7.400000095367432,7.0,7.389999866485596,278800,0.0092234198111647
