Date,Stock,Open,High,Low,Close,Volume,Turnover
2025-02-27,AACG,0.8500000238418579,0.8799999952316284,0.8500000238418579,0.8500000238418579,19400,0.0006163837338238
2025-02-27,AAL,15.119999885559082,15.149999618530272,14.210000038146973,14.529999732971191,56503100,0.0859263415939754
2025-02-27,AAOI,24.0,26.09600067138672,22.01000022888184,24.040000915527344,7224300,0.1437677363890005
2025-02-27,AAON,87.97357095936475,90.0810219648167,78.45508768933443,78.54497528076172,2485100,0.0305604198845022
2025-02-27,AAPL,239.41000366210935,242.4600067138672,237.05999755859372,237.3000030517578,41153600,0.0027395369944962
2025-02-27,ABAT,1.0399999618530271,1.0399999618530271,0.968999981880188,0.9929999709129332,711100,0.0083996787072692
2025-02-27,ABEO,5.25,5.429999828338623,5.130000114440918,5.139999866485596,209100,0.0043083376945551
2025-02-27,ABTS,0.4350000023841858,0.4359999895095825,0.4199999868869781,0.4210000038146972,6600,0.0027844576635868
2025-02-27,ABUS,3.5,3.5,3.2699999809265137,3.369999885559082,1390000,0.0072592437852517
2025-02-27,ACB,5.559999942779541,5.559999942779541,5.119999885559082,5.139999866485596,1821000,0.033179008128037
2025-02-27,ACET,0.9229999780654908,0.9300000071525574,0.8500000238418579,0.8600000143051147,1779300,0.021518809759354
2025-02-27,ACGL,90.0,92.36000061035156,89.79000091552734,92.0999984741211,2033600,0.0054125988778758
2025-02-27,ACGLO,21.41342552276493,21.5413541678852,21.41342552276493,21.531513214111328,23000,5.708059915608866e-05
2025-02-27,ACHC,41.220001220703125,42.84999847412109,40.16999816894531,40.2599983215332,2801100,0.030404503309533
2025-02-27,ACHV,3.0299999713897705,3.130000114440918,2.970000028610229,2.970000028610229,156200,0.0045033746479035
2025-02-27,ACIC,12.739999771118164,13.079999923706056,12.670000076293944,12.6899995803833,106600,0.0022066510034465
2025-02-27,ACIU,2.509999990463257,2.5899999141693115,2.5,2.549999952316284,175300,0.0017458420476048
2025-02-27,ACIW,51.369998931884766,54.97999954223633,50.93000030517578,54.470001220703125,1530400,0.0145287461076934
2025-02-27,ACLS,59.90999984741211,60.40999984741211,54.93999862670898,55.0,770700,0.023949062795207
2025-02-27,ACMR,28.06999969482422,28.520000457763672,26.059999465942383,26.100000381469727,2739500,0.0471450525660022
2025-02-27,ACNB,40.28148935840698,40.89662815095019,40.28148935840698,40.470001220703125,28500,0.0027032923254953
2025-02-27,ACRS,2.1700000762939453,2.1700000762939453,1.940000057220459,1.950000047683716,640700,0.0059242889373821
2025-02-27,ACTG,4.239999771118164,4.25,4.159999847412109,4.159999847412109,138200,0.0014382948608538
2025-02-27,ADAP,0.5870000123977661,0.6069999933242798,0.550000011920929,0.5509999990463257,1220300,0.0047439665360452
2025-02-27,ADBE,441.7900085449219,444.5700073242188,436.8200073242188,437.1900024414063,2340200,0.0054908493664946
2025-02-27,ADI,233.2153026634423,233.2153026634423,222.53178967697448,222.8802795410156,4480000,0.0090326951304095
2025-02-27,ADIL,0.8199999928474426,0.8199999928474426,0.7699999809265137,0.7699999809265137,239000,0.0363520767074448
2025-02-27,ADMA,15.710000038146973,16.270000457763672,15.43000030517578,15.4399995803833,1643700,0.0069174923496414
2025-02-27,ADP,310.32644332406227,312.4550850341513,308.59564509260974,309.6500244140625,1489900,0.0036618485237463
2025-02-27,ADPT,8.40999984741211,8.579999923706055,8.15999984741211,8.15999984741211,870700,0.0058600638031524
2025-02-27,ADSK,286.1499938964844,293.1700134277344,282.3099975585937,282.3500061035156,3083000,0.0144741784037558
2025-02-27,ADTN,12.289999961853027,12.4399995803833,10.539999961853027,10.56999969482422,1997700,0.0249831169805657
2025-02-27,ADUS,95.51000213623048,98.44000244140624,93.31999969482422,96.75,323500,0.0178012315040527
2025-02-27,ADVM,4.099999904632568,4.760000228881836,4.010000228881836,4.400000095367432,327600,0.015748107198654
2025-02-27,AEHL,5.199999809265137,5.199999809265137,4.800000190734863,4.800000190734863,49673,0.0640658392479199
2025-02-27,AEHR,10.100000381469728,10.210000038146973,9.670000076293944,9.6899995803833,807000,0.0271065519256736
2025-02-27,AEIS,123.98999786376952,124.73999786376952,116.33000183105467,116.43000030517578,248400,0.0065561309325858
2025-02-27,AEMD,0.6000000238418579,0.6000000238418579,0.550000011920929,0.5600000023841858,198200,0.0095947640278645
2025-02-27,AEP,106.1999969482422,106.77999877929688,104.8000030517578,105.16000366210938,3661300,0.0068565211203248
2025-02-27,AEYE,14.1899995803833,14.210000038146973,13.06999969482422,13.119999885559082,129900,0.010465256797583
2025-02-27,AFMD,1.059999942779541,1.059999942779541,1.003000020980835,1.0399999618530271,39800,0.0024279692294552
2025-02-27,AFYA,16.51520374836696,16.96929880588326,16.347386296241847,16.771865844726562,86400,0.0018594841222869
2025-02-27,AGAE,1.059999942779541,1.0700000524520874,1.0549999475479126,1.065000057220459,17600,0.0003990386795447
2025-02-27,AGEN,3.180000066757202,3.2300000190734863,2.8299999237060547,2.859999895095825,544200,0.0215024023264635
2025-02-27,AGIO,34.5099983215332,35.72999954223633,34.310001373291016,34.34000015258789,905100,0.0157968591285285
2025-02-27,AGNC,10.267770673881698,10.287290665578022,10.160407461721062,10.170167922973633,24925800,0.0263180225507583
2025-02-27,AGNCM,24.768451690673828,24.768451690673828,24.72444054823808,24.768451690673828,13900,2.908972191062968e-05
2025-02-27,AGNCN,25.27940816138029,25.2989444732666,25.269641868522378,25.2989444732666,9400,1.967218604028194e-05
2025-02-27,AGNCO,24.98223439357934,25.02715898186605,24.952934777160976,24.95391273498535,10700,
2025-02-27,AGNCP,24.77851571947063,24.906545668968924,24.77851571947063,24.867151260375977,15400,
2025-02-27,AGYS,81.2300033569336,81.4000015258789,77.98999786376953,80.5999984741211,435800,0.015584322700615
2025-02-27,AHCO,11.220000267028809,11.630000114440918,11.015000343322754,11.09000015258789,2840900,0.0210644548442863
2025-02-27,AHG,1.309999942779541,1.3700000047683716,1.2599999904632568,1.350000023841858,37400,9.440606408820786e-05
2025-02-27,AIFU,0.3600000143051147,0.3700000047683716,0.3499999940395355,0.3600000143051147,218700,0.0038567755451861
2025-02-27,AIHS,0.8799999952316284,0.9070000052452089,0.8700000047683716,0.8700000047683716,11200,0.0010648412245674
2025-02-27,AIOT,7.519999980926514,7.590000152587891,6.900000095367432,6.920000076293945,1403700,0.0105932427231357
2025-02-27,AIRG,6.349999904632568,6.672999858856201,6.139999866485596,6.139999866485596,24500,0.0021195788526589
2025-02-27,AKAM,79.5999984741211,80.08000183105469,77.81999969482422,77.87000274658203,3709000,0.0253841138618696
2025-02-27,AKBA,1.7999999523162842,1.899999976158142,1.7999999523162842,1.830000042915344,1913800,0.0073260828209184
2025-02-27,AKRO,47.0,49.5099983215332,46.65499877929688,47.75,646900,0.0081248332079378
2025-02-27,ALAR,7.0,7.0,6.550000190734863,6.559999942779541,168900,0.0242931051593722
2025-02-27,ALBT,9.300000190734863,9.6899995803833,6.590000152587891,7.400000095367432,246000,0.1489401635920008
2025-02-27,ALCO,29.280985068070255,29.55053431432717,29.091302053575266,29.151203155517575,45700,0.0059835080378021
2025-02-27,ALDX,6.590000152587891,6.690000057220459,6.150000095367432,6.340000152587891,530000,0.0088764283931822
2025-02-27,ALEC,1.8799999952316284,2.0899999141693115,1.6449999809265137,1.659999966621399,1600000,0.0161476046078158
2025-02-27,ALGN,191.1100006103516,192.0,185.6000061035156,185.7700042724609,728000,0.009943955430099
2025-02-27,ALGT,76.88999938964844,78.62000274658203,72.69999694824219,74.62000274658203,370200,0.0201872583609167
2025-02-27,ALLK,0.2800000011920929,0.2899999916553497,0.2800000011920929,0.2800000011920929,542800,0.0060059528419841
2025-02-27,ALLO,2.0199999809265137,2.109999895095825,1.9299999475479128,1.950000047683716,2193700,0.0100968866627164
2025-02-27,ALLT,6.03000020980835,6.309999942779541,5.820000171661377,5.840000152587891,898800,0.0226439051918735
2025-02-27,ALNT,25.80804521774917,26.287451170434256,24.939120261641285,24.949108123779297,41600,0.0024544944980381
2025-02-27,ALNY,244.72999572753903,246.3800048828125,236.5500030517578,237.1000061035156,1157400,0.0089424926792709
2025-02-27,ALRM,57.84000015258789,58.810001373291016,57.255001068115234,58.119998931884766,440400,0.0088706444913982
2025-02-27,ALRS,20.11685059615319,20.561914413670227,19.64211711508379,20.0476188659668,44000,0.0017247664705398
2025-02-27,ALT,6.005000114440918,6.78000020980835,5.960000038146973,6.420000076293945,4447500,0.0577494683543041
2025-02-27,ALTO,1.7100000381469729,1.7100000381469729,1.6100000143051147,1.6200000047683716,312700,0.0040816537508714
2025-02-27,ALTR,111.52999877929688,111.75499725341795,111.4499969482422,111.48999786376952,545443,0.0089813537162484
2025-02-27,AMAL,32.619998931884766,33.150001525878906,32.31999969482422,32.369998931884766,248600,0.0081010447284553
2025-02-27,AMAT,170.25,170.57000732421875,156.3800048828125,156.63999938964844,9543600,0.0117468218837752
2025-02-27,AMBA,81.11000061035156,81.20999908447266,62.810001373291016,62.83000183105469,5005400,0.1179478478888904
2025-02-27,AMCX,7.230000019073486,7.239999771118164,6.849999904632568,7.019999980926514,1274200,0.0390245994021659
2025-02-27,AMD,105.08000183105467,105.76000213623048,99.5,99.51000213623048,47263700,0.0290919775792201
2025-02-27,AMED,92.27999877929688,92.27999877929688,91.2699966430664,91.68000030517578,283200,0.0086314358600805
2025-02-27,AMGN,305.29998779296875,311.0,303.1000061035156,305.82000732421875,3249100,0.006048156752795
2025-02-27,AMKR,22.76229723373585,22.76229723373585,20.86046070344733,20.890331268310547,1764900,0.0071437244997085
2025-02-27,AMPH,31.18000030517578,31.700000762939453,31.0,31.489999771118164,606600,0.012730298572301
2025-02-27,AMRK,27.290000915527344,27.40999984741211,26.770000457763672,27.36000061035156,216400,0.0094008479877667
2025-02-27,AMRN,11.600000381469728,11.800000190734863,11.0,11.0,39165,0.0018911610613486
2025-02-27,AMRX,8.350000381469727,8.664999961853027,8.319999694824219,8.380000114440918,1717700,0.0054811696660985
2025-02-27,AMSC,24.32999992370605,24.38999938964844,21.989999771118164,22.1200008392334,1027100,0.0260290879048751
2025-02-27,AMSF,50.22245178149439,50.80793397586447,50.192682719479535,50.41099548339844,121600,0.0063831015784528
2025-02-27,AMTX,1.9299999475479128,1.9299999475479128,1.7599999904632568,1.7599999904632568,1023400,0.019193800368722
2025-02-27,AMWD,64.08000183105469,65.87999725341797,60.97999954223633,61.900001525878906,495300,0.0333879350441869
2025-02-27,AMZN,218.3500061035156,219.97000122070312,208.3699951171875,208.7400054931641,40548600,0.0038208698796623
2025-02-27,ANAB,17.06999969482422,17.25,16.059999465942383,16.399999618530273,487800,0.0159064525806409
2025-02-27,ANDE,42.68522728447662,43.043592664435366,42.11781669866519,42.44631576538086,230900,0.0067538712640181
2025-02-27,ANGI,17.0,17.100000381469727,16.5,16.799999237060547,121830,0.0024593191906835
2025-02-27,ANGO,9.600000381469728,9.770000457763672,9.390000343322754,9.4399995803833,714000,0.0175831753146009
2025-02-27,ANIK,17.610000610351562,17.739999771118164,16.979999542236328,17.670000076293945,37200,0.0026241534988713
2025-02-27,ANIP,54.58000183105469,56.33000183105469,54.560001373291016,54.58000183105469,185400,0.008593597908613
2025-02-27,ANIX,3.059999942779541,3.150000095367432,3.009999990463257,3.069999933242798,44200,0.0013728029717146
2025-02-27,ANSS,333.8800048828125,336.44000244140625,329.3699951171875,330.3699951171875,680600,0.0077648148697459
2025-02-27,ANY,0.6740000247955322,0.6740000247955322,0.6019999980926514,0.6119999885559082,380300,0.0149410881889578
2025-02-27,AOSL,33.540000915527344,33.540000915527344,30.229999542236328,30.25,610900,0.0207683154852966
2025-02-27,APA,22.06999969482422,22.06999969482422,20.100000381469727,20.420000076293945,18477200,0.0510894089541674
2025-02-27,APDN,7.0,7.0,7.0,7.0,12562,0.0113809942288701
2025-02-27,APEI,21.270000457763672,21.399999618530277,20.690000534057617,20.76000022888184,42400,0.002356105313462
2025-02-27,APLS,26.57999992370605,27.540000915527344,26.0,26.0,2500300,0.0199201695401383
2025-02-27,APLT,0.5210000276565552,0.5519999861717224,0.5059999823570251,0.5099999904632568,1813100,0.0155823507167657
2025-02-27,APOG,47.380001068115234,47.70000076293945,46.7599983215332,47.2400016784668,367600,0.0167445589293685
2025-02-27,APPF,214.22000122070312,215.2899932861328,210.1199951171875,211.63999938964844,215800,0.0092849951380702
2025-02-27,APPN,33.18000030517578,33.5099983215332,32.31999969482422,32.38999938964844,305900,0.007121074562935
2025-02-27,APPS,3.609999895095825,3.890000104904175,3.539999961853028,3.5799999237060547,5562600,0.0529736112830573
2025-02-27,APTO,3.5899999141693115,3.619999885559082,3.119999885559082,3.25,139023,0.054466919758818
2025-02-27,APVO,3.470000028610229,3.650000095367432,3.470000028610229,3.5899999141693115,56200,0.017436034263979
2025-02-27,APYX,1.4800000190734863,1.4800000190734863,1.3300000429153442,1.3799999952316284,21800,0.0005768126602441
2025-02-27,AQB,0.718999981880188,0.7300000190734863,0.6899999976158142,0.7300000190734863,13800,0.0035664812785576
2025-02-27,AQMS,2.0199999809265137,2.0799999237060547,1.9149999618530276,1.940000057220459,29200,0.0035220611294719
2025-02-27,AQST,2.7799999713897705,2.8299999237060547,2.7100000381469727,2.720000028610229,1178500,0.0119195237449859
2025-02-27,ARAY,2.039999961853028,2.049999952316284,1.9600000381469729,2.0,547800,0.0053271873267788
2025-02-27,ARCB,80.62999725341797,81.51000213623047,78.6500015258789,79.02999877929688,301700,0.0130322285240364
2025-02-27,ARCC,22.58283569606777,22.77835696102984,22.5046268171536,22.602388381958008,3078100,0.0044970034508748
2025-02-27,ARCT,16.729999542236328,16.899999618530273,16.040000915527344,16.059999465942383,375800,0.013857034343911
2025-02-27,ARDX,5.224999904632568,5.480000019073486,5.204999923706055,5.21999979019165,2922200,0.0122598130527446
2025-02-27,AREC,0.5860000252723694,0.7799999713897705,0.4569999873638153,0.5699999928474426,13119400,0.1694546678732942
2025-02-27,ARGX,630.6500244140625,650.7899780273438,623.3900146484375,624.7000122070312,336100,0.0055106581473629
2025-02-27,ARLP,26.81999969482422,26.899999618530277,26.57999992370605,26.81999969482422,354100,0.0027571869062821
2025-02-27,AROW,26.6200008392334,26.93000030517578,26.34000015258789,26.76000022888184,17000,0.0010168923768962
2025-02-27,ARQ,5.329999923706055,5.369999885559082,5.139999866485596,5.179999828338623,295100,0.0070237990398507
2025-02-27,ARQT,13.239999771118164,13.399999618530272,12.675000190734863,12.800000190734863,1953200,0.0164635277061312
2025-02-27,ARTL,1.090000033378601,1.090000033378601,1.0499999523162842,1.0549999475479126,16900,0.0051508215407966
2025-02-27,ARTNA,32.0099983215332,32.09000015258789,29.96999931335449,31.38999938964844,195300,0.0207290952434527
2025-02-27,ARVN,17.149999618530273,18.18000030517578,16.979999542236328,17.260000228881836,1244900,0.0181018690423344
2025-02-27,ARWR,19.170000076293945,19.96500015258789,18.90999984741211,18.940000534057617,1043200,0.0075970204765335
2025-02-27,ASMB,13.369999885559082,13.369999885559082,12.770000457763672,12.970000267028809,8800,0.0011728047893082
2025-02-27,ASML,743.4199829101562,744.7999877929688,696.9099731445312,697.7000122070312,2342800,0.0059582909460834
2025-02-27,ASND,152.5,155.0399932861328,152.1699981689453,153.13999938964844,239800,0.0039883774887858
2025-02-27,ASPS,0.75,0.7699999809265137,0.6899999976158142,0.6899999976158142,85000,0.0009705179926271
2025-02-27,ASRT,0.7799999713897705,0.8100000023841858,0.7799999713897705,0.800000011920929,227500,0.0023754059386025
2025-02-27,ASRV,2.5199999809265137,2.5799999237060547,2.5,2.569999933242798,22200,0.0013438826100379
2025-02-27,ASTE,35.0129618273536,35.79014076757148,34.43506061052417,35.720394134521484,325200,0.0142606560252587
2025-02-27,ASTH,35.189998626708984,36.130001068115234,34.619998931884766,34.68000030517578,235900,0.0052019131750193
2025-02-27,ASUR,11.289999961853027,11.289999961853027,10.520000457763672,10.56999969482422,98100,0.0036360940714246
2025-02-27,ASYS,5.159999847412109,5.170000076293945,5.019999980926514,5.050000190734863,33600,0.0023514427080781
2025-02-27,ATEC,10.5,12.630000114440918,10.5,12.119999885559082,5559400,0.0385670404132968
2025-02-27,ATER,2.109999895095825,2.220000028610229,2.0999999046325684,2.1600000858306885,40300,0.0046053248068163
2025-02-27,ATEX,39.0,39.12900161743164,38.10300064086914,38.369998931884766,134300,0.0072255579228269
2025-02-27,ATLC,56.02999877929688,56.31999969482422,54.650001525878906,54.70000076293945,29300,0.0019384332431377
2025-02-27,ATLO,18.71999931335449,18.799999237060547,18.600000381469727,18.600000381469727,9400,0.0010543364634414
2025-02-27,ATNI,17.648304872280082,17.648304872280082,17.074858639187013,17.094633102416992,41200,0.0026612924062734
2025-02-27,ATOM,5.690000057220459,5.690000057220459,5.199999809265137,5.199999809265137,412600,0.0134380323020854
2025-02-27,ATOS,0.7699999809265137,0.7900000214576721,0.7400000095367432,0.75,423800,0.0032809475884493
2025-02-27,ATRA,7.429999828338623,7.539999961853027,6.869999885559082,6.889999866485596,69100,0.011794002638716
2025-02-27,ATRC,39.790000915527344,39.790000915527344,38.209999084472656,38.5,520300,0.0105124065793966
2025-02-27,ATRO,19.899999618530277,20.030000686645508,19.649999618530277,19.940000534057617,342800,0.0111864561646249
2025-02-27,ATSG,22.36000061035156,22.36000061035156,22.34000015258789,22.34000015258789,660900,0.0100302775058619
2025-02-27,ATXS,6.340000152587891,6.480000019073486,6.25,6.309999942779541,152100,0.0026951742028769
2025-02-27,ATYR,3.964999914169312,4.139999866485596,3.859999895095825,3.869999885559082,1312200,0.0147672819513249
2025-02-27,AUDC,11.25,11.25,10.920000076293944,10.920000076293944,58500,0.0019848607713474
2025-02-27,AUPH,7.730000019073486,7.75,6.550000190734863,7.550000190734863,4491700,0.0327052020064103
2025-02-27,AUTL,1.809999942779541,1.840000033378601,1.75,1.75,1443800,0.0054251886994709
2025-02-27,AVAV,155.8699951171875,157.0,151.60000610351562,151.86000061035156,255800,0.0090648787333267
2025-02-27,AVDL,7.929999828338623,8.029999732971191,7.619999885559082,7.679999828338623,1238000,0.0128118357352938
2025-02-27,AVGO,216.6245058265151,218.58856392348665,196.80447518511997,197.20327758789065,27572900,0.0058641415330828
2025-02-27,AVNW,21.309999465942383,21.6200008392334,20.809999465942383,20.850000381469727,118100,0.0093109429202144
2025-02-27,AVT,51.27928237580308,51.46799035621103,50.156957319477925,50.18675231933594,686000,0.0079302141157811
2025-02-27,AVTX,6.829999923706055,6.894999980926514,6.489999771118164,6.599999904632568,14900,0.001396189994284
2025-02-27,AVXL,8.149999618530273,8.399999618530273,7.829999923706055,7.849999904632568,746100,0.0087710223572313
2025-02-27,AWH,0.1899999976158142,0.1899999976158142,0.1599999964237213,0.1700000017881393,1590000,0.0899575671852899
2025-02-27,AWRE,1.6200000047683716,1.6399999856948853,1.5700000524520874,1.600000023841858,24500,0.0011613245736279
2025-02-27,AXDX,1.059999942779541,1.1699999570846558,1.059999942779541,1.0800000429153442,13600,0.0005430485788897
2025-02-27,AXGN,19.0,19.63999938964844,18.690000534057617,19.43000030517578,581600,0.0131157005037908
2025-02-27,AXON,575.0,578.8699951171875,521.7000122070312,525.4400024414062,1453900,0.0187209869126407
2025-02-27,AXSM,129.52999877929688,130.02499389648438,126.4000015258789,126.41000366210938,587400,0.0120454256501535
2025-02-27,AXTI,1.4199999570846558,1.7000000476837158,1.3799999952316284,1.649999976158142,4008000,0.0878985920435106
2025-02-27,AYRO,0.5699999928474426,0.5899999737739563,0.5299999713897705,0.5699999928474426,26900,0.0031493408043346
2025-02-27,AYTU,1.2899999618530271,1.2899999618530271,1.2300000190734863,1.25,10400,0.0016856163439953
2025-02-27,AZN,75.48999786376953,76.11000061035156,75.33999633789062,75.6500015258789,7669900,0.0024738740527964
2025-02-27,AZTA,46.02000045776367,46.5099983215332,42.130001068115234,42.93999862670898,1027600,0.0224879419462705
2025-02-27,BACK,0.6200000047683716,0.625,0.5799999833106995,0.6110000014305115,133500,0.0396628509122455
2025-02-27,BAND,16.8799991607666,16.940000534057617,16.110000610351562,16.18000030517578,216600,0.0081227944512988
2025-02-27,BANF,116.399001469368,117.85286780922748,115.33349632178992,116.25959014892578,67700,0.0020366047362341
2025-02-27,BANR,67.76000213623047,68.87999725341797,67.76000213623047,68.2699966430664,139700,0.0040510366826156
2025-02-27,BANX,20.411565639584104,20.77205524386621,20.39207921277752,20.645397186279297,30100,0.0042270650125407
2025-02-27,BATRA,42.91999816894531,43.42499923706055,42.44499969482422,43.22999954223633,31200,0.0030237832180031
2025-02-27,BATRK,39.130001068115234,39.66999816894531,38.619998931884766,39.470001220703125,244100,0.0047610781374646
2025-02-27,BBCP,6.690000057220459,6.739999771118164,6.53000020980835,6.579999923706055,113700,0.002143224714378
2025-02-27,BBIO,33.45000076293945,35.02000045776367,33.36000061035156,34.25,4057800,0.0213356196766635
2025-02-27,BBSI,39.42018307137944,40.79739559653897,38.64176042137095,40.208587646484375,162200,0.0062787663888577
2025-02-27,BCBP,10.100000381469728,10.300000190734863,10.029999732971191,10.130000114440918,58600,0.0034144010814212
2025-02-27,BCLI,1.559999942779541,1.6200000047683716,1.5199999809265137,1.5800000429153442,69700,0.0113485385296722
2025-02-27,BCML,27.226249382006653,27.226249382006653,26.92804367829608,27.077146530151367,8500,0.000763694845509
2025-02-27,BCPC,171.6999969482422,172.60000610351562,171.0399932861328,172.0,150900,0.0046384099690465
2025-02-27,BCRX,8.359999656677246,8.670000076293945,8.279999732971191,8.470000267028809,4430600,0.0212031010719754
2025-02-27,BCYC,11.4399995803833,11.619999885559082,11.0,11.029999732971191,135500,0.0028400575976256
2025-02-27,BDTX,2.049999952316284,2.0899999141693115,1.9299999475479128,1.940000057220459,479400,0.0084606668996262
2025-02-27,BEAM,28.21999931335449,29.214000701904297,26.979999542236328,27.11000061035156,1194100,0.0119601362179487
2025-02-27,BECN,118.25,118.25,115.19000244140624,115.31999969482422,543300,0.0087930548946872
2025-02-27,BEEM,2.450000047683716,2.490000009536743,2.369999885559082,2.4200000762939453,74500,0.0050426766121335
2025-02-27,BELFB,83.18000030517578,83.69999694824219,82.0,82.11000061035156,70800,0.0067095649207266
2025-02-27,BFC,103.44461395655604,103.98224807996844,102.96671442598212,103.07623291015624,18500,0.0018509921317826
2025-02-27,BFIN,12.800000190734863,13.289999961853027,12.420000076293944,13.039999961853027,16300,0.0013081127063487
2025-02-27,BFST,26.059999465942383,26.299999237060547,25.947999954223636,26.07999992370605,60500,0.0020458334319616
2025-02-27,BGC,9.84975368906265,10.069302672536526,9.630204705588774,9.660143852233888,3545600,0.0094946587831292
2025-02-27,BGFV,1.2200000286102295,1.25,1.1799999475479126,1.1799999475479126,179600,0.0079162185511028
2025-02-27,BHAT,4.800000190734863,5.199999809265137,4.0,4.5,607478,0.1230158296224745
2025-02-27,BHF,58.97999954223633,59.61000061035156,58.56999969482422,58.70000076293945,913600,0.015735310581204
2025-02-27,BHFAL,21.258820090674853,21.45520717207177,21.121350257428617,21.249000549316406,14000,0.0001168780210881
2025-02-27,BHFAP,21.159002249292488,21.227636341297668,21.0825247953835,21.171749114990234,8200,6.91393833104274e-05
2025-02-27,BIDU,89.68000030517578,90.1999969482422,87.20999908447266,88.26000213623047,4168200,0.014981238408787
2025-02-27,BILI,20.59000015258789,21.15999984741211,20.25,20.700000762939453,6149300,0.0183222096418568
2025-02-27,BJRI,37.0,37.5099983215332,36.310001373291016,37.40999984741211,467300,0.0205694113089945
2025-02-27,BKNG,5031.802210117104,5035.824244412285,4906.598728669023,4908.07568359375,209600,0.006387283941588
2025-02-27,BKR,44.0,44.560001373291016,43.52000045776367,43.58000183105469,4553500,0.0045978693658141
2025-02-27,BKYI,1.0099999904632568,1.0199999809265137,0.949999988079071,0.9700000286102296,63300,0.0170067570290565
2025-02-27,BL,49.06999969482422,49.59999847412109,48.25,48.27000045776367,847700,0.0134392151764679
2025-02-27,BLBD,35.31999969482422,36.0880012512207,34.79999923706055,34.869998931884766,573600,0.0178629819595093
2025-02-27,BLDP,1.3799999952316284,1.3799999952316284,1.2899999618530271,1.2999999523162842,7964800,0.0265794567176132
2025-02-27,BLFS,24.96999931335449,25.190000534057617,23.5,23.57999992370605,277600,0.0058382616449764
2025-02-27,BLIN,1.3899999856948853,1.399999976158142,1.2599999904632568,1.2899999618530271,82700,0.0079194836534962
2025-02-27,BLKB,65.75,67.19000244140625,64.94000244140625,65.12999725341797,368600,0.0074863160460227
2025-02-27,BLMN,9.760855876854968,9.987165591194218,9.652620918480729,9.859251976013184,4196000,0.049404927305524
2025-02-27,BLNE,8.0,8.300000190734863,7.329999923706055,8.0,6320,0.0009033862691004
2025-02-27,BLNK,1.0,1.0800000429153442,0.9810000061988832,1.0099999904632568,5028100,0.0489500481897214
2025-02-27,BLRX,3.4600000381469727,3.5299999713897705,3.289999961853028,3.319999933242798,33400,0.0089760816984681
2025-02-27,BLUE,3.869999885559082,3.9700000286102295,3.75,3.799999952316284,200200,0.0204492919866762
2025-02-27,BMRA,0.7799999713897705,0.8299999833106995,0.7400000095367432,0.7599999904632568,554900,0.030261220483176
2025-02-27,BMRC,24.270000457763672,24.899999618530277,24.209999084472656,24.290000915527344,47600,0.0029534765397168
2025-02-27,BMRN,68.80000305175781,70.06999969482422,68.62999725341797,69.12000274658203,1211900,0.0063200767650218
2025-02-27,BNGO,4.639999866485596,4.650000095367432,4.329999923706055,4.380000114440918,120100,0.0399401396740937
2025-02-27,BNTX,113.0,114.0,108.66999816894533,108.8000030517578,811200,0.003374474410635
2025-02-27,BOKF,106.48999786376952,107.91000366210938,105.58999633789062,107.62000274658205,121200,0.0018857444256181
2025-02-27,BOOM,8.920000076293945,9.020000457763672,8.390000343322754,8.489999771118164,300300,0.0146127831439624
2025-02-27,BOXL,2.0,2.009999990463257,1.850000023841858,1.8799999952316284,50200,0.01524163455904
2025-02-27,BPMC,91.23999786376952,92.4800033569336,90.40499877929688,90.41999816894533,457800,0.0071636466059524
2025-02-27,BPOP,97.8666061377211,101.1013760247652,97.6979237458768,99.6328353881836,412100,0.0059432642524409
2025-02-27,BPRN,32.150001525878906,32.150001525878906,31.6200008392334,31.8700008392334,4200,0.0006073673661514
2025-02-27,BPYPO,15.390000343322754,15.489999771118164,15.350000381469728,15.420000076293944,14000,
2025-02-27,BPYPP,16.049999237060547,16.200000762939453,15.880000114440918,16.184999465942383,28100,
2025-02-27,BRKL,11.720000267028809,11.800000190734863,11.550000190734863,11.699999809265137,429000,0.0047687598343166
2025-02-27,BRKR,50.455058599331785,50.455058599331785,47.38839814299493,47.70804977416992,2265900,0.0149362256978333
2025-02-27,BRY,4.114326654772766,4.114326654772766,4.044928205257894,4.054842472076416,532300,0.0068598720040414
2025-02-27,BSET,15.600000381469728,15.649999618530272,15.09000015258789,15.609999656677246,18000,0.0020679861950432
2025-02-27,BSGM,1.0199999809265137,1.100000023841858,0.8799999952316284,0.8799999952316284,804200,0.0337914777573753
2025-02-27,BSRR,30.299999237060547,30.809999465942383,30.299999237060547,30.559999465942383,43200,0.003123734598253
2025-02-27,BTAI,1.7999999523162842,1.9299999475479128,1.7200000286102295,1.7300000190734863,81300,0.014868216033533
2025-02-27,BTCS,2.0199999809265137,2.130000114440918,1.950000047683716,2.0199999809265137,369100,0.0182886645955038
2025-02-27,BTOG,0.209999993443489,0.2399999946355819,0.1889999955892563,0.19200000166893,3872400,0.4531974505595333
2025-02-27,BUSE,23.5,24.09000015258789,23.43000030517578,23.989999771118164,752300,0.0083699930797079
2025-02-27,BWB,14.210000038146973,14.359999656677246,14.210000038146973,14.270000457763672,24900,0.0009022948728633
2025-02-27,BWEN,1.5700000524520874,1.600000023841858,1.5499999523162842,1.559999942779541,58800,0.0026344440113442
2025-02-27,BWFG,31.0,31.170000076293945,30.93000030517578,31.01000022888184,9600,0.0012168935243518
2025-02-27,BWIN,40.630001068115234,42.310001373291016,39.91999816894531,39.970001220703125,631900,0.0092719215870407
2025-02-27,BYND,3.440000057220459,3.650000095367432,3.0999999046325684,3.180000066757202,8602500,0.1126252919551305
2025-02-27,BYRN,28.049999237060547,28.40999984741211,25.56999969482422,25.6200008392334,393900,0.0173775322933578
2025-02-27,BYSI,1.690000057220459,1.7699999809265137,1.690000057220459,1.75,5900,0.0001463427943536
2025-02-27,BZUN,3.369999885559082,3.369999885559082,3.220000028610229,3.25,333200,0.0061551762039262
2025-02-27,CAAS,4.789999961853027,4.789999961853027,4.710000038146973,4.760000228881836,45200,0.0014981422373362
2025-02-27,CABA,1.919999957084656,1.9299999475479128,1.7999999523162842,1.809999942779541,1056700,0.0208245061890188
2025-02-27,CAC,43.380001068115234,43.84000015258789,43.16999816894531,43.59000015258789,57100,0.0033815795707585
2025-02-27,CACC,481.80999755859375,487.2699890136719,476.1400146484375,476.3800048828125,43600,0.0036237906845307
2025-02-27,CAKE,53.36173219497028,53.73968766738406,51.93941549127535,52.18807220458984,1639400,0.0331534169617524
2025-02-27,CALM,87.91999816894531,89.86000061035156,86.77999877929688,88.77999877929688,958000,0.0216516747276589
2025-02-27,CAMT,80.01000213623047,80.19999694824219,74.52999877929688,74.80000305175781,333100,0.007305705732051
2025-02-27,CAN,1.409999966621399,1.4800000190734863,1.2699999809265137,1.2799999713897705,11112300,0.0314663222937926
2025-02-27,CAPR,14.510000228881836,15.880000114440918,14.3100004196167,14.380000114440918,1096100,0.0239968123931352
2025-02-27,CAR,80.9000015258789,82.05000305175781,79.5999984741211,80.22000122070312,496900,0.0141196060490676
2025-02-27,CARA,4.940000057220459,5.005000114440918,4.829999923706055,4.829999923706055,10200,0.0022301857832215
2025-02-27,CARE,17.290000915527344,17.479999542236328,17.149999618530273,17.15999984741211,34700,0.0015001577975781
2025-02-27,CARG,31.020000457763672,31.57999992370605,30.524999618530277,30.75,1537500,0.0171923896274304
2025-02-27,CARM,0.4300000071525574,0.4339999854564667,0.4099999964237213,0.4099999964237213,65300,0.0015626458250075
2025-02-27,CASH,77.17590380473615,78.09525751574026,76.77618247958866,77.04598999023438,238200,0.0099893061583946
2025-02-27,CASI,2.430000066757202,2.430000066757202,2.3399999141693115,2.359999895095825,6900,0.0004453681710213
2025-02-27,CASS,43.0869814928056,43.57356120122983,43.04725992720832,43.335235595703125,43500,0.0032306458320955
2025-02-27,CASY,417.239990234375,419.4299926757813,408.4800109863281,409.0899963378906,181000,0.0049720220746792
2025-02-27,CATY,45.869998931884766,46.40999984741211,45.83000183105469,46.119998931884766,275700,0.0039383292775827
2025-02-27,CBAT,0.8399999737739563,0.8399999737739563,0.7900000214576721,0.8199999928474426,145300,0.0016155269192815
2025-02-27,CBNK,30.59000015258789,30.90999984741211,30.280000686645508,30.549999237060547,40100,0.0024074541022777
2025-02-27,CBRL,45.2379150390625,46.44015553581732,44.7908049081992,45.2379150390625,752200,0.0337862420553821
2025-02-27,CBSH,63.93496986679292,64.72146447546473,63.76572621057473,63.8055419921875,527600,0.0039351402956576
2025-02-27,CBUS,1.9600000381469729,2.0460000038146973,1.8600000143051147,1.909999966621399,87500,0.0026808912201578
2025-02-27,CCAP,17.665799082638628,17.899396208013997,17.539268002567983,17.558734893798828,129700,0.0034995885217813
2025-02-27,CCB,92.4000015258789,97.5500030517578,91.12000274658205,96.68000030517578,247300,0.0164801844607787
2025-02-27,CCBG,36.06986991237199,36.447354103488735,35.78178688009663,36.0102653503418,27200,0.0015949056836105
2025-02-27,CCD,22.50970863963604,22.67659272751932,22.283924836143427,22.323190689086918,57900,0.0021542262272392
2025-02-27,CCEC,19.200000762939453,19.38999938964844,18.350000381469727,18.5,16400,0.0002808830002414
2025-02-27,CCEP,85.51000213623047,86.4800033569336,85.22000122070312,86.12000274658203,2221000,0.0048304766722209
2025-02-27,CCLD,3.3299999237060547,3.440000057220459,3.2049999237060547,3.240000009536743,68900,0.0016280295171911
2025-02-27,CCNE,24.392456239572184,24.76971141011027,24.24354052217708,24.729999542236328,81400,0.0038798301263566
2025-02-27,CCOI,77.37199421488465,78.35762471443732,70.29516692730591,71.41878509521484,973100,0.0197061992207434
2025-02-27,CCRN,17.290000915527344,17.290000915527344,17.25,17.270000457763672,376900,0.0114864411841792
2025-02-27,CDLX,2.690000057220459,2.7780001163482666,2.4809999465942383,2.5,830700,0.0159215708823275
2025-02-27,CDNA,22.3799991607666,22.94700050354004,20.76000022888184,21.059999465942383,1260900,0.0227492922983659
2025-02-27,CDNS,255.8000030517578,257.9200134277344,248.27999877929688,248.55999755859372,2618800,0.0095467243842734
2025-02-27,CDTX,22.11000061035156,24.13500022888184,21.816999435424805,23.850000381469727,61500,0.005614643721185
2025-02-27,CDW,180.17999267578125,181.5800018310547,178.55999755859375,179.0,1355800,0.0102893744260702
2025-02-27,CDXS,4.110000133514404,4.150000095367432,3.920000076293945,3.930000066757202,483900,0.0058415716514937
2025-02-27,CDZI,4.369999885559082,4.460000038146973,4.050000190734863,4.119999885559082,892900,0.0109176499358073
2025-02-27,CECO,25.209999084472656,25.799999237060547,24.82999992370605,25.18000030517578,307000,0.008717380810404
2025-02-27,CELH,27.21999931335449,27.88999938964844,25.96999931335449,25.989999771118164,8299500,0.0322209334452753
2025-02-27,CELZ,5.0,5.199999809265137,4.860000133514404,5.050000190734863,16100,0.0063488307898576
2025-02-27,CENN,0.7710000276565552,0.7997999787330627,0.7505999803543091,0.7653999924659729,195200,0.0063239877407942
2025-02-27,CENT,35.25,35.25,34.369998931884766,34.380001068115234,230300,0.0214868168162564
2025-02-27,CENTA,31.440000534057617,31.57999992370605,30.700000762939453,30.71999931335449,354600,0.0066671179098416
2025-02-27,CENX,19.51000022888184,20.239999771118164,19.18000030517578,19.3700008392334,1627100,0.0176296661894055
2025-02-27,CERS,1.6299999952316284,1.6699999570846558,1.590000033378601,1.590000033378601,817600,0.0044006674202056
2025-02-27,CEVA,38.93999862670898,38.93999862670898,33.4900016784668,33.529998779296875,446600,0.0186780647751606
2025-02-27,CFFN,5.889999866485596,5.940000057220459,5.860000133514404,5.900000095367432,394200,0.0030285336734223
2025-02-27,CG,50.119998931884766,50.630001068115234,48.41999816894531,48.540000915527344,1676600,0.0046417110679211
2025-02-27,CGBD,17.478459792841218,17.478459792841218,16.972119586324535,17.02080535888672,207300,0.0028437424825331
2025-02-27,CGC,1.5199999809265137,1.5299999713897705,1.399999976158142,1.409999966621399,7415200,0.047471863356423
2025-02-27,CGEN,2.009999990463257,2.009999990463257,1.840000033378601,1.850000023841858,251700,0.0026916043758621
2025-02-27,CGNX,33.130001068115234,33.380001068115234,32.630001068115234,32.709999084472656,1268400,0.0074889295624963
2025-02-27,CGO,10.962821697535276,10.962821697535276,10.834889199209169,10.844730377197266,21000,0.0021369065123752
2025-02-27,CHCO,116.94000244140624,118.06999969482422,116.94000244140624,117.61000061035156,38200,0.0025959375615855
2025-02-27,CHDN,115.0500030517578,117.58000183105467,114.4499969482422,117.2699966430664,508100,0.0069140728120858
2025-02-27,CHEF,64.04000091552734,64.36000061035156,61.52000045776367,61.93999862670898,485000,0.0118325871890896
2025-02-27,CHEK,0.8500000238418579,0.8700000047683716,0.800000011920929,0.8399999737739563,65300,0.0111604090896661
2025-02-27,CHI,10.188335274836366,10.227558856056092,10.109888112396913,10.129499435424805,254900,0.0033402040111172
2025-02-27,CHKP,224.9900054931641,224.9900054931641,216.6699981689453,216.69000244140625,1048200,0.0096725078205021
2025-02-27,CHR,2.140000104904175,2.140000104904175,1.909999966621399,1.950000047683716,93800,0.0080614665337412
2025-02-27,CHRD,113.52355030501138,114.63942801086156,111.9336669826738,112.28916931152344,866100,0.0145588717336672
2025-02-27,CHRS,1.1200000047683716,1.1399999856948853,1.0800000429153442,1.0800000429153442,948800,0.0081865794627988
2025-02-27,CHRW,98.3346931383842,100.64997221263984,98.00677651457576,98.61292266845705,1573800,0.0133116800730797
2025-02-27,CHSCL,25.528096019024588,25.665554398314978,25.40045636293065,25.42991065979004,30600,
2025-02-27,CHSCM,25.15231459521169,25.171980654915387,25.091350935405444,25.103151321411133,5800,
2025-02-27,CHSCN,25.20547952525823,25.293919955553022,25.20547952525823,25.244787216186523,8300,
2025-02-27,CHSCO,26.44616644340368,26.44616644340368,26.10258187918285,26.32836532592773,7700,
2025-02-27,CHSCP,27.89752318700119,27.89752318700119,27.59300848963328,27.789470672607425,6300,
2025-02-27,CHTR,354.25,362.4599914550781,353.6700134277344,359.0400085449219,931100,0.0065563958482966
2025-02-27,CHW,6.70132815765125,6.740689812999702,6.61276419850326,6.622604846954346,186500,0.0029202497792197
2025-02-27,CHX,28.97008404719189,29.59791975702055,28.7209433148964,29.179363250732425,4210100,0.0220655136268343
2025-02-27,CHY,10.586548951764271,10.625758354240862,10.42971134185791,10.42971134185791,535600,0.0068697492464567
2025-02-27,CIGI,126.6999969482422,128.64999389648438,126.06999969482422,127.81999969482422,206700,0.0041939738257076
2025-02-27,CINF,139.5413016786191,143.86530341426476,139.5114821276414,143.68638610839844,707300,0.00451761272405
2025-02-27,CIVB,20.59000015258789,20.649999618530277,20.43000030517578,20.59000015258789,19200,0.0012403501405084
2025-02-27,CKPT,2.789999961853028,2.890000104904175,2.7100000381469727,2.7100000381469727,439700,0.0052935279932643
2025-02-27,CLAR,4.660978032030931,4.660978032030931,4.501968274074101,4.511906147003174,99100,0.0025832720751156
2025-02-27,CLBK,15.529999732971191,15.640000343322754,15.420000076293944,15.579999923706056,71000,0.0006779337343645
2025-02-27,CLDX,20.65999984741211,21.40999984741211,20.25,20.309999465942383,339800,0.0051187187235439
2025-02-27,CLFD,32.75,32.900001525878906,32.04999923706055,32.47999954223633,100600,0.0071188479637688
2025-02-27,CLIR,0.8199999928474426,0.949999988079071,0.800000011920929,0.800000011920929,78800,0.0015032774500751
2025-02-27,CLLS,1.399999976158142,1.399999976158142,1.3200000524520874,1.3300000429153442,220800,0.0022016153155848
2025-02-27,CLMB,123.9410098445345,124.19062922056555,120.81577799902618,121.59458923339844,28600,0.006221042785983
2025-02-27,CLMT,15.420000076293944,15.56999969482422,14.9399995803833,14.979999542236328,1243400,0.0144234052915175
2025-02-27,CLNE,2.0,2.0799999237060547,1.9700000286102293,2.0199999809265137,3295800,0.0147157578896608
2025-02-27,CLPT,16.0,16.420000076293945,14.100000381469728,14.210000038146973,1054600,0.0381654802531819
2025-02-27,CLRB,0.2899999916553497,0.3000000119209289,0.2800000011920929,0.2899999916553497,372700,0.0080881251912439
2025-02-27,CLRO,0.5199999809265137,0.5199999809265137,0.4900000095367431,0.4900000095367431,29900,0.0011513683570089
2025-02-27,CLSD,0.8899999856948853,0.9100000262260436,0.8799999952316284,0.8889999985694885,88000,0.0011407252606764
2025-02-27,CMBM,0.9900000095367432,1.0460000038146973,0.8600000143051147,0.8600000143051147,250500,0.0088692031525502
2025-02-27,CMCO,17.770000457763672,18.11000061035156,17.440000534057617,17.450000762939453,664400,0.023220620358235
2025-02-27,CMCSA,34.774649647469595,35.1611441495721,34.68545831772171,35.07195281982422,23252200,0.0061651086790815
2025-02-27,CME,246.89912224933545,250.66052156852845,245.8642462435943,248.62062072753903,1461100,0.0040543315389311
2025-02-27,CMLS,0.8859999775886536,0.9200000166893004,0.8199999928474426,0.8999999761581421,8800,0.0005201652706928
2025-02-27,CMMB,1.6200000047683716,1.7029999494552612,1.6200000047683716,1.6200000047683716,101900,0.0054039434468568
2025-02-27,CMPR,47.79999923706055,48.380001068115234,46.86000061035156,47.34000015258789,189600,0.007638846920892
2025-02-27,CMRX,4.630000114440918,4.96999979019165,4.599999904632568,4.739999771118164,1018000,0.0108524388137793
2025-02-27,CMTL,1.7699999809265137,1.899999976158142,1.75,1.7999999523162842,243400,0.0082939761335214
2025-02-27,CNDT,3.5899999141693115,3.625,3.549999952316284,3.569999933242798,747900,0.0046215164061051
2025-02-27,CNET,1.6100000143051147,1.649999976158142,1.6100000143051147,1.6399999856948853,3700,0.0017002035649133
2025-02-27,CNOB,24.739999771118164,25.190000534057617,24.36000061035156,25.15999984741211,146000,0.0037951650636859
2025-02-27,CNTY,2.880000114440918,2.9600000381469727,2.799999952316284,2.799999952316284,47000,0.0015318128189918
2025-02-27,CNVS,3.630000114440918,3.829999923706055,3.5,3.650000095367432,269100,0.0168402212821347
2025-02-27,CNXN,64.20999908447266,64.47000122070312,62.58000183105469,62.63999938964844,183800,0.0071035189085779
2025-02-27,COCP,1.7300000190734863,1.870000004768372,1.7300000190734863,1.7300000190734863,12600,0.0012384752992981
2025-02-27,CODA,7.690000057220459,7.78000020980835,7.619999885559082,7.690000057220459,11100,0.0009884062616872
2025-02-27,CODX,0.5199999809265137,0.5460000038146973,0.4939999878406524,0.5099999904632568,188300,0.0058973122287017
2025-02-27,COGT,6.739999771118164,7.349999904632568,6.679999828338623,6.989999771118164,2772700,0.0243539745278875
2025-02-27,COHU,20.149999618530277,20.3799991607666,19.850000381469727,19.920000076293945,502000,0.0107968366559056
2025-02-27,COKE,1371.1600341796875,1408.1600341796875,1365.739990234375,1401.1300048828125,35200,0.0045636703318644
2025-02-27,COLB,26.231079408051095,26.862439871181387,26.171889835033284,26.309999465942383,1686600,0.0080270325097386
2025-02-27,COLL,28.040000915527344,29.0,27.84000015258789,28.420000076293945,637000,0.0198245974392968
2025-02-27,COLM,90.34717814559724,90.7457555123879,89.04184468153301,89.32084655761719,975000,0.0176174678548971
2025-02-27,COMM,6.300000190734863,6.610000133514404,5.965000152587891,6.289999961853027,10077400,0.0465337728042915
2025-02-27,COO,89.97000122070312,90.79000091552734,89.69000244140625,89.87000274658203,1545900,0.0077311625091859
2025-02-27,COOP,111.1500015258789,112.6500015258789,110.83999633789062,111.48999786376952,548600,0.0085740989069039
2025-02-27,CORT,61.0,64.66000366210938,59.25,59.84999847412109,2111700,0.0200155445816706
2025-02-27,COST,1034.0,1042.530029296875,1018.8300170898438,1021.7100219726562,1629100,0.0036717655862989
2025-02-27,CPB,39.53465407026161,39.69306976198182,39.099011862263055,39.4554443359375,3193200,0.0107088953345865
2025-02-27,CPIX,5.320000171661377,5.320000171661377,4.840000152587891,4.96999979019165,39400,0.0028206523295438
2025-02-27,CPRT,56.290000915527344,56.709999084472656,55.08000183105469,55.22999954223633,4956200,0.0051301479681989
2025-02-27,CPRX,22.31999969482422,23.549999237060547,21.420000076293945,21.65999984741211,2672500,0.0220049403046521
2025-02-27,CPSH,1.5499999523162842,1.5700000524520874,1.5099999904632568,1.5299999713897705,42100,0.0028982514112625
2025-02-27,CPSS,10.06999969482422,10.06999969482422,9.699999809265137,9.8100004196167,7600,0.0003544247127294
2025-02-27,CPZ,15.02052741616385,15.236509115593543,15.02052741616385,15.177604675292969,86400,0.0044009331608276
2025-02-27,CRAI,194.65789220760053,197.43073855194964,189.27177630094587,189.68072509765625,52900,0.0077890793867682
2025-02-27,CRBP,7.53000020980835,7.559999942779541,7.260000228881836,7.329999923706055,120100,0.0098183482938473
2025-02-27,CRDF,4.46999979019165,4.5,4.050000190734863,4.059999942779541,1221400,0.0183602082246637
2025-02-27,CRDL,1.2000000476837158,1.2549999952316284,1.1740000247955322,1.1799999475479126,208500,0.0025239380697018
2025-02-27,CREG,0.7099999785423279,0.8899999856948853,0.7099999785423279,0.7799999713897705,277200,0.011318397295344
2025-02-27,CRESY,10.6899995803833,10.75,10.34000015258789,10.5,293200,0.004897670098822
2025-02-27,CREX,2.299999952316284,2.299999952316284,2.0899999141693115,2.0999999046325684,40200,0.0038481051432509
2025-02-27,CRIS,3.0799999237060547,3.0799999237060547,2.940000057220459,2.940000057220459,36500,0.0034887499761044
2025-02-27,CRMD,10.5,10.729999542236328,10.229999542236328,10.25,612800,0.0094013973225655
2025-02-27,CRMT,43.08000183105469,43.869998931884766,41.540000915527344,41.72999954223633,80400,0.0097314530487649
2025-02-27,CRNC,12.15999984741211,12.489999771118164,11.574999809265137,11.609999656677246,1145200,0.0265098729137248
2025-02-27,CRNT,3.0,3.0299999713897705,2.7799999713897705,2.799999952316284,1286800,0.0144846125417924
2025-02-27,CRNX,32.79999923706055,33.970001220703125,32.56999969482422,33.209999084472656,977900,0.0105095734164257
2025-02-27,CRON,1.8899999856948853,2.0299999713897705,1.875,2.0,3234600,0.0084557851059227
2025-02-27,CROX,105.3000030517578,106.9000015258789,100.73999786376952,100.86000061035156,1331800,0.0237582997063661
2025-02-27,CRSP,44.56999969482422,46.77999877929688,43.5099983215332,43.619998931884766,1483000,0.0172895215845978
2025-02-27,CRTO,39.31999969482422,39.31999969482422,38.0,38.2599983215332,316900,0.0058385257952665
2025-02-27,CRUS,109.06999969482422,109.88999938964844,102.3499984741211,102.4000015258789,756600,0.0142365495089839
2025-02-27,CRVL,108.70999908447266,109.86000061035156,107.91000366210938,108.54000091552734,68200,0.001327904889299
2025-02-27,CRVS,4.150000095367432,4.179999828338623,3.930000066757202,3.940000057220459,532800,0.0078196777611769
2025-02-27,CRWD,401.6400146484375,406.5299987792969,380.0,380.239990234375,3223100,0.0130030301970131
2025-02-27,CRWS,4.025257867708968,4.05463904952129,3.9664950370788574,3.9664950370788574,16000,0.0015393940560147
2025-02-27,CSCO,64.34043109244317,64.85698660879474,63.32719923928445,63.38680267333984,24695600,0.0062075918288026
2025-02-27,CSGP,76.63999938964844,76.68000030517578,73.6500015258789,74.36000061035156,4277400,0.0101417144672868
2025-02-27,CSGS,65.24484159369085,65.71236952334102,63.33494704593576,63.80247497558594,372800,0.0129564561590085
2025-02-27,CSIQ,11.81999969482422,11.81999969482422,11.020000457763672,11.1899995803833,2381600,0.0359894763724614
2025-02-27,CSQ,17.406856343595564,17.535139223158687,17.08121793860108,17.100954055786133,227300,0.001417347384174
2025-02-27,CSTE,3.660000085830689,3.9800000190734863,3.660000085830689,3.75,62900,0.0018202443584
2025-02-27,CSTL,25.940000534057617,26.545000076293945,25.190000534057617,25.280000686645508,586300,0.0203259501679673
2025-02-27,CSWC,22.586531055651943,22.605944074625725,22.28563481554052,22.38269805908203,615400,0.0121664314041809
2025-02-27,CSWI,305.2699890136719,308.19000244140625,296.760009765625,297.9599914550781,144500,0.0086098515768838
2025-02-27,CSX,31.690772157403888,32.119026143250295,31.551341333957154,31.8799991607666,9325300,0.0049477650815719
2025-02-27,CTAS,204.92999267578125,206.8699951171875,203.2899932861328,203.3699951171875,1688700,0.0041821553604815
2025-02-27,CTBI,53.01492472258865,53.7084490903152,52.76723771835801,53.50039291381836,34600,0.001911412124761
2025-02-27,CTHR,1.2799999713897705,1.2999999523162842,1.2799999713897705,1.2899999618530271,3300,0.001058279109891
2025-02-27,CTLP,10.399999618530272,10.420000076293944,10.039999961853027,10.050000190734863,393400,0.0053864880481306
2025-02-27,CTMX,0.6700000166893005,0.699999988079071,0.6600000262260437,0.675000011920929,581100,0.0072546903427
2025-02-27,CTRM,2.5,2.5899999141693115,2.450000047683716,2.4800000190734863,38900,0.0040259357195713
2025-02-27,CTRN,24.1200008392334,24.729999542236328,23.38999938964844,23.86000061035156,105700,0.012135448598281
2025-02-27,CTSH,84.19999694824219,84.9000015258789,83.91999816894531,83.98999786376953,4637200,0.0093753538098241
2025-02-27,CTSO,1.090000033378601,1.1100000143051147,1.059999942779541,1.0700000524520874,123300,0.0019728
2025-02-27,CTXR,1.6299999952316284,1.690000057220459,1.590000033378601,1.6399999856948853,40500,0.0043267659080759
2025-02-27,CUBA,2.3499999046325684,2.3499999046325684,2.319999933242798,2.3299999237060547,25600,0.0016284054984129
2025-02-27,CUE,1.309999942779541,1.309999942779541,1.1050000190734863,1.2400000095367432,345500,0.0055888875768168
2025-02-27,CVBF,19.644599124572714,19.89188762559035,19.337960024914537,19.674272537231445,646900,0.0046508785552008
2025-02-27,CVCO,527.6400146484375,530.8599853515625,518.0499877929688,518.0599975585938,50900,0.006352058803342
2025-02-27,CVGI,2.0,2.049999952316284,1.9600000381469729,2.039999961853028,210000,0.0060622856549
2025-02-27,CVGW,22.986753754495407,23.105752281748305,22.3620048663515,22.70908737182617,100000,0.0056064810921425
2025-02-27,CVLT,173.4199981689453,174.52000427246094,168.38999938964844,168.6300048828125,387000,0.0087959343236903
2025-02-27,CVV,3.0799999237060547,3.119999885559082,2.990000009536743,3.049999952316284,10600,0.0015402857375353
2025-02-27,CWBC,18.75,18.989999771118164,18.75,18.86000061035156,31000,0.0016263574838675
2025-02-27,CWCO,27.3864356361758,27.3864356361758,26.81899616598072,27.197288513183597,85900,0.0054110917932824
2025-02-27,CWST,108.58999633789062,110.29000091552734,107.87000274658205,107.91999816894533,478300,0.0076687141155325
2025-02-27,CYBR,368.9100036621094,369.5899963378906,351.4649963378906,352.04998779296875,745100,0.0150650947153888
2025-02-27,CYCC,0.3199999928474426,0.4000000059604645,0.3100000023841858,0.3700000047683716,2674000,0.0128969402322799
2025-02-27,CYRX,5.960000038146973,6.0,5.599999904632568,5.650000095367432,294900,0.0059085881900365
2025-02-27,CYTH,0.7300999760627747,0.7799999713897705,0.7300999760627747,0.7700999975204468,98715,0.0030154599023102
2025-02-27,CYTK,47.040000915527344,48.540000915527344,46.90999984741211,47.45000076293945,1201600,0.0100815518340772
2025-02-27,CZNC,21.0,21.0,20.729999542236328,20.739999771118164,21100,0.0013642741221122
2025-02-27,CZR,34.63999938964844,34.68000030517578,33.23500061035156,33.25,4888300,0.0230566058895107
2025-02-27,DAIO,2.950000047683716,3.0299999713897705,2.75,2.7699999809265137,35600,0.0038529264383266
2025-02-27,DAKT,15.84000015258789,15.880000114440918,15.289999961853027,15.3100004196167,392200,0.0078606488542733
2025-02-27,DARE,3.150000095367432,3.190000057220459,3.0799999237060547,3.0999999046325684,33300,0.0037625460572923
2025-02-27,DBVT,4.190000057220459,4.249000072479248,4.150000095367432,4.199999809265137,12800,0.000468235010078
2025-02-27,DBX,26.809999465942383,26.8799991607666,25.88999938964844,25.950000762939453,4143200,0.0191446981347984
2025-02-27,DCOM,30.489999771118164,31.3700008392334,30.3799991607666,30.520000457763672,170300,0.0039008546147133
2025-02-27,DDOG,116.78500366210938,118.0,113.30999755859376,113.52999877929688,5101800,0.0160809694621324
2025-02-27,DENN,5.059999942779541,5.210000038146973,5.039999961853027,5.050000190734863,752000,0.0146087213289274
2025-02-27,DGICA,17.0,17.329999923706055,16.709999084472656,17.329999923706055,158100,0.005259113634776
2025-02-27,DGII,31.93000030517578,32.220001220703125,30.6299991607666,30.700000762939453,182800,0.0049540369438903
2025-02-27,DGLY,0.0799999982118606,0.0900000035762786,0.0799999982118606,0.0799999982118606,31213100,0.3938497106722393
2025-02-27,DHC,2.619999885559082,2.7799999713897705,2.619999885559082,2.75,795500,0.0032976006897809
2025-02-27,DHCNI,14.649999618530272,14.829999923706056,14.529999732971191,14.670000076293944,4000,
2025-02-27,DHIL,143.36611470497252,144.78205980534614,143.17799587440015,143.78199768066406,21600,0.0077489067225353
2025-02-27,DIOD,53.22999954223633,53.65999984741211,50.06999969482422,50.13999938964844,357500,0.0076946255999655
2025-02-27,DKNG,43.70000076293945,44.36000061035156,42.560001373291016,42.7400016784668,7728000,0.0154573602477017
2025-02-27,DLHC,5.360000133514404,5.389999866485596,5.0,5.010000228881836,29800,0.0020713863691655
2025-02-27,DLPN,1.090000033378601,1.100000023841858,1.0499999523162842,1.059999942779541,15400,0.0013796810607418
2025-02-27,DLTH,2.759999990463257,2.789999961853028,2.720000028610229,2.789999961853028,27400,0.0008623321363491
2025-02-27,DLTR,73.41000366210938,74.5999984741211,72.08999633789062,73.16000366210938,2417900,0.0112417062718408
2025-02-27,DMAC,6.329999923706055,6.510000228881836,6.190000057220459,6.380000114440918,65300,0.0015237179651714
2025-02-27,DMLP,31.0,31.31999969482422,30.51000022888184,31.059999465942383,238000,0.0050274821608878
2025-02-27,DMRC,18.399999618530277,18.850000381469727,15.260000228881836,15.390000343322754,1566200,0.0726839025250486
2025-02-27,DNLI,19.1299991607666,19.520000457763672,18.399999618530277,18.600000381469727,816100,0.0056199425337634
2025-02-27,DNTH,20.56999969482422,21.790000915527344,20.56999969482422,21.049999237060547,145500,0.0045290559953184
2025-02-27,DOCU,84.78199768066406,84.78199768066406,81.13500213623047,81.27999877929688,2330000,0.0115067410736332
2025-02-27,DOMO,7.860000133514404,7.965000152587891,7.684999942779541,7.71999979019165,216700,0.0059085121292183
2025-02-27,DOOO,40.44433933851418,40.44433933851418,38.88112904583759,38.960784912109375,146500,0.0042448511259721
2025-02-27,DORM,122.88999938964844,130.0399932861328,122.88999938964844,127.98999786376952,492700,0.0161234373977354
2025-02-27,DOX,87.997140466065,88.73285049194988,87.06258476751746,87.23159790039062,747400,0.0066635164893948
2025-02-27,DOYU,7.349999904632568,7.480000019073486,7.163000106811523,7.269999980926514,235700,0.0074504671951851
2025-02-27,DPZ,480.5713729263562,485.87972467897816,475.282929050484,480.3223876953125,501500,0.0146222701694025
2025-02-27,DRIO,0.6990000009536743,0.7099999785423279,0.6800000071525574,0.6800000071525574,103100,0.0024803329564317
2025-02-27,DRRX,0.8100000023841858,0.8100000023841858,0.75,0.7799999713897705,35500,0.0011436118806777
2025-02-27,DSGR,30.26000022888184,31.21999931335449,29.1299991607666,29.309999465942383,45400,0.0009748702499232
2025-02-27,DSGX,112.41000366210938,113.3499984741211,110.23999786376952,110.2699966430664,141300,0.0016505852393523
2025-02-27,DTIL,5.510000228881836,5.639999866485596,5.409999847412109,5.489999771118164,26600,0.0025377078583081
2025-02-27,DTSS,2.2699999809265137,2.299999952316284,2.180000066757202,2.220000028610229,24500,0.0032712900899938
2025-02-27,DVAX,13.600000381469728,13.93000030517578,13.539999961853027,13.579999923706056,1416800,0.0114192679997743
2025-02-27,DXCM,89.44000244140625,90.0,87.7300033569336,87.80999755859375,2484400,0.0063360254963869
2025-02-27,DXLG,2.289999961853028,2.289999961853028,2.220000028610229,2.25,113700,0.0021242449775711
2025-02-27,DXPE,91.19000244140624,92.37000274658205,88.91000366210938,88.91999816894531,141100,0.0089900669635746
2025-02-27,DYAI,1.440000057220459,1.4600000381469729,1.3899999856948853,1.440000057220459,17700,0.0005882216099991
2025-02-27,EA,130.88999938964844,132.0399932861328,130.0800018310547,130.4600067138672,4844200,0.0185873577419825
2025-02-27,EBAY,63.99981913638173,65.51295506512399,61.2721848330992,63.19347381591797,17663400,0.0379042918454935
2025-02-27,EBTC,42.68999862670898,42.9900016784668,42.29999923706055,42.56999969482422,24900,0.0019986835979515
2025-02-27,ECOR,15.800000190734863,16.780000686645508,15.3100004196167,15.520000457763672,144900,0.0201443329639973
2025-02-27,ECPG,45.33000183105469,46.130001068115234,36.369998931884766,38.95000076293945,1769600,0.0746940860146973
2025-02-27,EDAP,2.5899999141693115,2.7799999713897705,2.5799999237060547,2.609999895095825,2200,5.8835957327884766e-05
2025-02-27,EDIT,1.8350000381469729,2.289999961853028,1.7999999523162842,1.830000042915344,7794500,0.0939364568467643
2025-02-27,EDSA,2.200000047683716,2.2799999713897705,2.109999895095825,2.140000104904175,59000,0.0084013510511656
2025-02-27,EDUC,1.4800000190734863,1.5800000429153442,1.409999966621399,1.4600000381469729,16600,0.0019339204995572
2025-02-27,EEFT,99.83999633789062,102.16000366210938,99.83999633789062,100.91999816894533,309200,0.0071518614037725
2025-02-27,EFSC,57.46322151827184,58.72647782871857,56.02092076732463,58.24902725219727,281900,0.0076280106830032
2025-02-27,EGAN,5.059999942779541,5.059999942779541,4.820000171661377,4.829999923706055,48200,0.0017134183406858
2025-02-27,EHTH,9.289999961853027,9.399999618530272,8.850000381469727,8.890000343322754,335600,0.0112081115200416
2025-02-27,EKSO,0.5640000104904175,0.5640000104904175,0.5139999985694885,0.5170000195503235,132900,0.0053535174502916
2025-02-27,ENLV,1.0499999523162842,1.0499999523162842,1.0,1.0299999713897705,87300,0.0036911758488013
2025-02-27,ENPH,63.16999816894531,63.2400016784668,60.84000015258789,61.18999862670898,4370000,0.033311481408077
2025-02-27,ENSG,132.04535883961935,134.6740768541261,131.90542795204044,132.5950927734375,455100,0.0078974631286864
2025-02-27,ENTA,8.029999732971191,8.329999923706055,7.869999885559082,7.880000114440918,406800,0.0190694949021446
2025-02-27,ENTG,103.47000122070312,104.08999633789062,97.20999908447266,97.4800033569336,3631100,0.0239960097538879
2025-02-27,EOLS,14.380000114440918,14.699999809265137,14.029999732971191,14.0600004196167,322200,0.0050670893959123
2025-02-27,EPIX,1.7200000286102295,1.7200000286102295,1.6799999475479126,1.6799999475479126,39200,0.0008831096272466
2025-02-27,EQ,0.7699999809265137,0.8100000023841858,0.7300000190734863,0.7599999904632568,44900,0.0012570235138986
2025-02-27,EQIX,915.3400268554688,919.8300170898438,906.9600219726562,910.3800048828124,503700,0.005149343010486
2025-02-27,ERIC,8.176918664331401,8.206437962053458,8.078519754055801,8.088359832763672,22178100,0.0072219727189917
2025-02-27,ERIE,399.4802151677356,405.150632477172,398.22457280005153,403.5860595703125,157600,0.0034120604211816
2025-02-27,ERII,14.800000190734863,16.030000686645508,14.760000228881836,15.050000190734863,521900,0.0094968092249519
2025-02-27,ERNA,0.2899999916553497,0.3000000119209289,0.2800000011920929,0.2899999916553497,146000,0.0027945311408386
2025-02-27,ESCA,15.355590242381776,15.355590242381776,14.563043460268757,14.632391929626465,8800,0.0006440375298233
2025-02-27,ESEA,34.400001525878906,35.0,33.209999084472656,33.58000183105469,37100,0.0052642482341355
2025-02-27,ESGR,332.29998779296875,333.0400085449219,332.0199890136719,332.3399963378906,129100,0.0086729278353285
2025-02-27,ESGRO,20.229999542236328,20.290000915527344,20.229999542236328,20.26000022888184,5400,0.0002516215611719
2025-02-27,ESGRP,20.989999771118164,21.0,20.75,20.770000457763672,9000,0.0004193692686199
2025-02-27,ESLT,304.6300048828125,307.3800048828125,302.8900146484375,305.739990234375,32800,0.0007337791190623
2025-02-27,ESPR,1.6699999570846558,1.7200000286102295,1.659999966621399,1.659999966621399,2122200,0.0107263624572825
2025-02-27,ESQ,77.44000244140625,77.5999984741211,76.33499908447266,76.9000015258789,60200,0.0071399344122304
2025-02-27,ESSA,20.588729763953108,20.836786749060977,20.48950659140504,20.82686424255371,9000,0.0008862891075068
2025-02-27,ESTA,38.0,43.790000915527344,37.66999816894531,42.52999877929688,1812200,0.0626876617177014
2025-02-27,ETNB,9.279999732971191,9.699999809265137,9.109999656677246,9.31999969482422,1523900,0.010438815212626
2025-02-27,ETON,15.149999618530272,15.829999923706056,14.890000343322754,15.449999809265137,296300,0.0110487554768341
2025-02-27,ETSY,52.0,52.0,49.220001220703125,51.18999862670898,5477300,0.051155297369994
2025-02-27,EVER,25.459999084472656,26.450000762939453,24.38999938964844,25.780000686645508,1257900,0.0391628813469615
2025-02-27,EVGN,1.409999966621399,1.4800000190734863,1.2999999523162842,1.4700000286102295,51900,0.0076373059587173
2025-02-27,EVOK,4.690000057220459,4.875,4.565999984741211,4.875,2600,0.0017416234610077
2025-02-27,EVRG,67.91347094499424,69.19037575356911,67.34925789487427,67.86397552490234,3599100,0.0156473769968611
2025-02-27,EVTV,0.3300000131130218,0.3379999995231628,0.3199999928474426,0.324999988079071,163700,0.0070846172489007
2025-02-27,EWBC,93.7699966430664,95.3000030517578,93.33999633789062,93.62999725341795,1037300,0.0075275220079692
2025-02-27,EXAS,48.09999847412109,48.709999084472656,47.560001373291016,47.81999969482422,2339200,0.0125929310072759
2025-02-27,EXC,43.88999938964844,44.31999969482422,43.650001525878906,43.790000915527344,6560700,0.0064987025852947
2025-02-27,EXEL,37.61000061035156,38.43000030517578,37.59999847412109,37.650001525878906,2522300,0.0090120446621827
2025-02-27,EXLS,49.2599983215332,50.59999847412109,48.11000061035156,48.43000030517578,1981700,0.0122097291992103
2025-02-27,EXPE,199.3117033025677,200.57904781846625,192.9051504681232,193.1446533203125,1443100,0.0117007475635266
2025-02-27,EXPI,10.426256311258012,10.6550773252682,10.137743518833831,10.157641410827637,1001500,0.0065883823432668
2025-02-27,EXPO,85.0410964600555,86.21682606250857,84.97135011083294,85.29019165039062,202500,0.0039847928498057
2025-02-27,EXTR,15.239999771118164,15.619999885559082,15.15999984741211,15.420000076293944,1484700,0.0111837595570788
2025-02-27,EYE,12.770000457763672,12.869999885559082,12.220000267028809,12.369999885559082,1612600,0.0204687519356844
2025-02-27,EYEN,1.6799999475479126,1.7999999523162842,1.6100000143051147,1.7200000286102295,107000,0.0511044776119403
2025-02-27,EYPT,5.900000095367432,6.460000038146973,5.869999885559082,6.230000019073486,762200,0.0110899651965406
2025-02-27,EZPW,13.420000076293944,13.710000038146973,13.34000015258789,13.520000457763672,366700,0.0070562110821191
2025-02-27,FAMI,3.119999885559082,3.119999885559082,2.880000114440918,3.0,15233,0.0121815273890443
2025-02-27,FANG,154.52945286271793,155.879922961707,150.67665314207878,154.49966430664062,3137200,0.0106677363691818
2025-02-27,FARM,2.990000009536743,3.289999961853028,2.900000095367432,3.0,475800,0.0222816441024824
2025-02-27,FARO,32.36000061035156,32.650001525878906,30.799999237060547,31.399999618530277,265900,0.0138303737685818
2025-02-27,FAST,73.7699966430664,74.83000183105469,73.69000244140625,74.08999633789062,3204200,0.0055860055599391
2025-02-27,FAT,3.5299999713897705,3.736999988555908,3.390000104904175,3.430000066757202,45900,0.0027781308445154
2025-02-27,FATE,1.149999976158142,1.190000057220459,1.0800000429153442,1.090000033378601,3665800,0.0319886209935687
2025-02-27,FBIO,1.600000023841858,1.6299999952316284,1.5499999523162842,1.5700000524520874,252600,0.0085529122564654
2025-02-27,FBIOP,6.039999961853027,6.150000095367432,5.900000095367432,5.949999809265137,10000,0.0001764306318863
2025-02-27,FBIZ,51.91999816894531,52.880001068115234,51.70000076293945,52.380001068115234,19600,0.0023611243288564
2025-02-27,FBNC,40.55754468985055,41.28356209897443,40.45809170543452,41.05481719970703,151800,0.0036720061538759
2025-02-27,FBRX,9.239999771118164,9.68000030517578,9.130000114440918,9.300000190734863,24100,0.003661684648425
2025-02-27,FCBC,39.95000076293945,40.5,39.5099983215332,39.97999954223633,44900,0.0024499773554431
2025-02-27,FCEL,6.349999904632568,6.409999847412109,6.059999942779541,6.070000171661377,510800,0.0241583821262024
2025-02-27,FCFS,110.91000366210938,111.8000030517578,110.77999877929688,110.97000122070312,211100,0.0047161907655599
2025-02-27,FCNCA,2033.120770985461,2042.3719115805795,2018.854540950955,2033.9300537109373,52300,0.0041748487315803
2025-02-27,FDUS,22.21732130406402,22.412210837396152,22.00294430428213,22.26604461669922,280300,0.0080704370934909
2025-02-27,FELE,102.25,102.36000061035156,101.01000213623048,101.2300033569336,203600,0.0044473180662466
2025-02-27,FENC,6.75,6.985000133514404,6.710000038146973,6.869999885559082,22400,0.0008117706747843
2025-02-27,FFBC,26.61490310017641,26.981662339631686,26.347266753126565,26.79332733154297,339400,0.0035567646645805
2025-02-27,FFIC,13.930384446324808,14.11717112135156,13.782921331174617,13.861568450927734,317500,0.0093999709859163
2025-02-27,FFIN,36.75072298666868,37.22826307508927,36.511954840034015,37.03923797607422,425300,0.0029744793171507
2025-02-27,FFIV,296.739990234375,297.260009765625,290.3099975585937,290.9700012207031,353700,0.0061350544557632
2025-02-27,FFNW,21.15999984741211,21.26000022888184,21.030000686645508,21.18000030517578,30100,0.0032618330851739
2025-02-27,FGBI,8.688642312221472,8.688642312221472,8.488903594599124,8.598759651184082,3200,0.0002559037801786
2025-02-27,FGEN,0.449999988079071,0.4799999892711639,0.4000000059604645,0.402999997138977,2627500,0.0260362476094216
2025-02-27,FHB,26.549999237060547,26.979999542236328,26.46999931335449,26.690000534057617,463900,0.0036760277663317
2025-02-27,FIBK,30.299999237060547,30.770000457763672,30.25,30.549999237060547,361100,0.0034983191404849
2025-02-27,FISI,27.50806116336505,27.76496138460681,27.31044502868458,27.39937210083008,115300,0.0057426324466204
2025-02-27,FITB,42.53062427412356,43.16452592034605,42.43157914913876,42.57024383544922,2684100,0.0040386029838374
2025-02-27,FITBI,25.514136244469423,25.65130841712871,25.3083761166498,25.39655876159668,23600,3.599668098399063e-05
2025-02-27,FITBO,22.406023395803118,22.514503867791557,22.3665771484375,22.3665771484375,15000,
2025-02-27,FITBP,24.41605839292101,24.6228897652318,24.41605839292101,24.465303421020508,4900,
2025-02-27,FIVE,87.38999938964844,89.25,84.69999694824219,87.41000366210938,1475700,0.0268068316820891
2025-02-27,FIVN,38.41999816894531,38.470001220703125,36.52000045776367,36.59000015258789,1569800,0.0205893771510115
2025-02-27,FIZZ,39.650001525878906,39.68000030517578,38.25,39.58000183105469,246500,0.0026329787802205
2025-02-27,FLEX,40.52000045776367,40.52000045776367,37.709999084472656,37.790000915527344,4007800,0.0104614161630388
2025-02-27,FLGT,16.110000610351562,16.5049991607666,15.6899995803833,15.6899995803833,353100,0.0114398831064903
2025-02-27,FLIC,12.557646863654602,12.705037650387697,12.469212579031106,12.69521141052246,53300,0.0023547291177938
2025-02-27,FLL,4.800000190734863,4.929999828338623,4.699999809265137,4.730000019073486,98700,0.0027435261677359
2025-02-27,FLNT,2.680000066757202,2.75,2.650000095367432,2.650000095367432,14100,0.0006830170948037
2025-02-27,FLWS,7.369999885559082,7.449999809265137,6.869999885559082,6.920000076293945,1333400,0.0364986081039282
2025-02-27,FLXS,46.85290189473183,46.85290189473183,44.92143692638751,45.240028381347656,14500,0.0027517521069881
2025-02-27,FMBH,37.459999084472656,37.81999969482422,37.0099983215332,37.720001220703125,43000,0.0017929889960512
2025-02-27,FMNB,14.173647818188597,14.2229991490564,14.09468606531945,14.163778305053713,52300,0.0013904175506319
2025-02-27,FNKO,12.8100004196167,12.864999771118164,12.229999542236328,12.279999732971191,866500,0.0160798555503801
2025-02-27,FNLC,25.228237014166066,25.415403366088867,25.16913007037515,25.415403366088867,9700,0.0008663963271941
2025-02-27,FNWB,10.8100004196167,10.8100004196167,10.520000457763672,10.8100004196167,22100,0.0023409479462153
2025-02-27,FOLD,9.0,9.420000076293944,8.920000076293945,9.1899995803833,2374500,0.0077284858742351
2025-02-27,FONR,14.81999969482422,14.859999656677246,14.579999923706056,14.649999618530272,5500,0.0008854985920572
2025-02-27,FORD,5.150000095367432,5.150000095367432,4.769999980926514,4.980000019073486,2400,0.0021796979301951
2025-02-27,FORM,34.560001373291016,34.650001525878906,32.900001525878906,32.959999084472656,786300,0.0102016721245115
2025-02-27,FORR,11.949999809265137,12.109999656677246,11.40999984741211,11.4399995803833,83800,0.0044149412570465
2025-02-27,FOSL,1.4900000095367432,1.5299999713897705,1.409999966621399,1.5,239000,0.0044875297369256
2025-02-27,FOX,53.04635603179474,53.70296869284378,52.53897507353314,52.62851333618164,1004100,0.0042622284229111
2025-02-27,FOXA,56.77601343388705,57.25370775155088,55.98980654181708,56.13908767700195,3290900,0.0151064732548449
2025-02-27,FOXF,25.899999618530277,26.709999084472656,25.450000762939453,25.479999542236328,783800,0.0187905754643703
2025-02-27,FPAY,1.4800000190734863,1.5,1.3799999952316284,1.3899999856948853,127400,0.0053765709800214
2025-02-27,FRBA,15.010000228881836,15.100000381469728,14.979999542236328,15.039999961853027,35100,0.0013958760016702
2025-02-27,FRGT,1.2300000190734863,1.2699999809265137,1.190000057220459,1.190000057220459,20300,0.0089621954288388
2025-02-27,FRHC,149.94000244140625,150.3000030517578,143.5780029296875,144.74000549316406,91400,0.001507748242335
2025-02-27,FRME,41.90816706780964,42.6618418847064,41.90816706780964,42.61225891113281,184900,0.003158793884001
2025-02-27,FRPH,31.350000381469727,31.63999938964844,30.950000762939453,31.3799991607666,25800,0.0013516841040901
2025-02-27,FRPT,109.01799774169922,111.62000274658205,105.87999725341795,107.08999633789062,1577600,0.0323818828948286
2025-02-27,FRST,10.619999885559082,10.65999984741211,10.449999809265137,10.479999542236328,77400,0.0031307260129354
2025-02-27,FRSX,0.7710000276565552,0.7900000214576721,0.7360000014305115,0.7570000290870667,210700,0.0109185127607203
2025-02-27,FSBW,38.959999084472656,39.33000183105469,38.810001373291016,38.810001373291016,10200,0.0013151108818978
2025-02-27,FSLR,155.8800048828125,160.9199981689453,140.83999633789062,141.17999267578125,4416300,0.0411814621409921
2025-02-27,FSTR,26.8799991607666,27.51000022888184,26.59000015258789,26.59000015258789,74500,0.0069285568141658
2025-02-27,FSV,175.67857304016613,176.32749046601745,174.93481172743395,175.90818786621094,65000,0.0014303475744605
2025-02-27,FTAI,137.34157053461203,139.07641690245234,127.22166381597016,129.2456512451172,2452300,0.02391297988318
2025-02-27,FTDR,56.0,56.97999954223633,46.0,46.209999084472656,2249100,0.0304370462659342
2025-02-27,FTEK,1.0,1.0299999713897705,0.9700000286102296,0.9800000190734864,19800,0.0006447768192964
2025-02-27,FTFT,2.299999952316284,2.299999952316284,2.0999999046325684,2.0999999046325684,22360,0.0074303240963815
2025-02-27,FTNT,109.9800033569336,111.30999755859376,107.0,107.08999633789062,4305500,0.0055990188360278
2025-02-27,FULC,3.309999942779541,3.4600000381469727,3.25,3.369999885559082,577300,0.010694840429572
2025-02-27,FULT,19.474278739843896,19.662388721877733,19.27626803366406,19.33567237854004,742500,0.0040751920965971
2025-02-27,FUNC,34.36000061035156,36.959999084472656,34.36000061035156,35.560001373291016,18600,0.0028733057537175
2025-02-27,FUND,7.383556805994701,7.422831006969242,7.28537130355835,7.28537130355835,31400,0.0010460285892272
2025-02-27,FUTU,111.30999755859376,114.5500030517578,109.04000091552734,111.43000030517578,1598700,0.0171022734566554
2025-02-27,FVCB,11.260000228881836,11.65999984741211,11.25,11.640000343322754,13900,0.0007562238857938
2025-02-27,FWONA,83.0,85.37999725341797,81.33999633789062,84.01000213623047,274900,0.0114599443886292
2025-02-27,FWONK,89.47000122070312,92.9800033569336,87.97000122070312,91.91999816894533,4145800,0.0186042128503603
2025-02-27,FWRD,22.809999465942383,24.850000381469727,22.270000457763672,23.0,1728800,0.0568629966220327
2025-02-27,GABC,39.04999923706055,39.77999877929688,39.0099983215332,39.59999847412109,122800,0.0032811326854788
2025-02-27,GAIA,4.679999828338623,4.730000019073486,4.550000190734863,4.579999923706055,28600,0.0014537986844646
2025-02-27,GAIN,13.50994139988904,13.649116052496415,13.470177077993188,13.539764404296877,89300,0.0024241667435812
2025-02-27,GALT,1.5,1.5499999523162842,1.4800000190734863,1.4800000190734863,183300,0.0029012116080119
2025-02-27,GASS,5.829999923706055,5.829999923706055,5.699999809265137,5.71999979019165,119300,0.0032470183498723
2025-02-27,GBDC,15.172738135528792,15.25074699545941,15.09472834565921,15.143484115600586,1502800,0.0056602848022693
2025-02-27,GDEN,31.04075528971748,31.050666358063165,30.35690669660921,30.555124282836918,256200,0.0096915866284853
2025-02-27,GDS,37.70000076293945,39.0099983215332,36.29999923706055,37.95000076293945,3515800,0.0186071381635102
2025-02-27,GDYN,19.959999084472656,20.149999618530277,19.020000457763672,19.11000061035156,981400,0.0117058531651367
2025-02-27,GECC,10.799798172037708,10.828777693724652,10.753430200344688,10.819117546081545,6500,0.0005630435535844
2025-02-27,GEN,27.450000762939453,27.690000534057617,27.25,27.280000686645508,2569300,0.0041689045342312
2025-02-27,GEOS,8.260000228881836,8.489999771118164,8.0,8.0,46000,0.0036002754993425
2025-02-27,GERN,1.600000023841858,1.8200000524520876,1.5700000524520874,1.7400000095367432,30111700,0.0472775698805619
2025-02-27,GEVO,1.5,1.5,1.3799999952316284,1.3899999856948853,2311300,0.0096460915654605
2025-02-27,GGAL,59.5099983215332,59.7599983215332,54.88999938964844,55.5,1520400,0.0114744571821015
2025-02-27,GH,43.18999862670898,43.22999954223633,41.47999954223633,42.11000061035156,1642400,0.013307297785628
2025-02-27,GIFI,6.590000152587891,6.739999771118164,6.449999809265137,6.46999979019165,31400,0.0019209240011501
2025-02-27,GIII,26.790000915527344,27.770000457763672,26.290000915527344,26.3799991607666,591500,0.0134789623363838
2025-02-27,GILD,109.5610461277108,111.78543210800134,109.28299882720208,111.20947265625,6301000,0.0050544266696045
2025-02-27,GILT,7.409999847412109,7.420000076293945,7.119999885559082,7.130000114440918,269800,0.0047279915323739
2025-02-27,GLAD,28.41776954929974,28.57680553276996,27.95060158483829,28.06987762451172,90300,0.0040439052570768
2025-02-27,GLBS,1.350000023841858,1.399999976158142,1.309999942779541,1.3200000524520874,21900,0.0010640210277762
2025-02-27,GLDD,8.470000267028809,8.489999771118164,8.020000457763672,8.079999923706055,816500,0.012121310371103
2025-02-27,GLMD,2.299999952316284,2.299999952316284,2.130000114440918,2.1600000858306885,17200,0.007617259292392
2025-02-27,GLNG,37.720001220703125,39.86000061035156,37.5,38.400001525878906,1237300,0.0118263845080384
2025-02-27,GLPG,26.3700008392334,26.63999938964844,26.290000915527344,26.32999992370605,193200,0.0029318437381918
2025-02-27,GLPI,48.8567682205596,49.42784874529396,48.7780006948157,49.15215301513672,1067600,0.0038845409069374
2025-02-27,GLRE,13.65999984741211,13.789999961853027,13.479999542236328,13.59000015258789,79500,0.0023000677001058
2025-02-27,GLYC,0.2800000011920929,0.2899999916553497,0.25,0.2599999904632568,469900,0.007283701651892
2025-02-27,GMAB,22.559999465942383,22.84499931335449,22.545000076293945,22.729999542236328,920700,0.0015104659491659
2025-02-27,GMGI,2.109999895095825,2.200000047683716,1.940000057220459,1.9700000286102293,243400,0.0018427248707291
2025-02-27,GNLN,0.7390000224113464,0.7390000224113464,0.6729999780654907,0.7099999785423279,132500,0.0158931023935611
2025-02-27,GNPX,0.4040000140666961,0.4099999964237213,0.375,0.375,622100,0.0257568480673048
2025-02-27,GNSS,2.890000104904175,2.890000104904175,2.569999933242798,2.619999885559082,350500,0.0078005029710902
2025-02-27,GNTX,24.189836111757163,24.51793492377417,24.080469208964654,24.179893493652344,1658600,0.0073304399324676
2025-02-27,GO,11.15999984741211,11.84000015258789,11.020000457763672,11.829999923706056,5922300,0.0608301920715137
2025-02-27,GOGL,9.640000343322754,10.039999961853027,9.529999732971191,9.850000381469728,7945900,0.0398534442114977
2025-02-27,GOGO,7.400000095367432,7.400000095367432,6.994999885559082,7.28000020980835,1417800,0.0107940616673011
2025-02-27,GOOD,15.83415712969796,16.132165303103505,15.83415712969796,16.042762756347656,342000,0.0074742825672193
2025-02-27,GOOG,175.73978676984865,176.38904098824568,169.55882503535227,170.0163116455078,25930500,0.0047172094418594
2025-02-27,GOOGL,173.78985771928288,174.3591940996765,167.746814231894,168.30616760253906,39991000,0.0068559918461826
2025-02-27,GOSS,1.3200000524520874,1.3300000429153442,1.1710000038146973,1.190000057220459,1992900,0.0087707565329175
2025-02-27,GPRE,5.829999923706055,5.960000038146973,5.760000228881836,5.78000020980835,1568000,0.0242239229778122
2025-02-27,GPRO,0.7730000019073486,0.7870000004768372,0.75,0.7599999904632568,2980000,0.0227187826391906
2025-02-27,GRCE,3.039999961853028,3.1700000762939453,2.970000028610229,3.0199999809265137,5300,0.0003863508794949
2025-02-27,GREE,0.949999988079071,0.9700000286102296,0.9100000262260436,0.9100000262260436,136000,0.0156267414911818
2025-02-27,GRFS,7.929999828338623,8.600000381469727,7.920000076293945,8.279999732971191,3813000,0.014766249457835
2025-02-27,GRNQ,1.0,1.0299999713897705,0.9700000286102296,0.9729999899864196,12900,0.0017027882167055
2025-02-27,GROW,2.45121426832859,2.45121426832859,2.4113571643829346,2.4113571643829346,15700,0.0013913752459277
2025-02-27,GRPN,11.68000030517578,11.68000030517578,10.90999984741211,10.989999771118164,916700,0.0230263571032054
2025-02-27,GRVY,58.0,58.7599983215332,57.43000030517578,57.61000061035156,11700,0.0016837197254241
2025-02-27,GRWG,1.2000000476837158,1.2200000286102295,1.149999976158142,1.159999966621399,625100,0.0105133035083588
2025-02-27,GRYP,0.2899999916553497,0.2899999916553497,0.2750000059604645,0.2879999876022339,463700,0.0066259047067729
2025-02-27,GSAT,21.81999969482422,22.299999237060547,21.350000381469727,21.559999465942383,883500,0.0069796653552637
2025-02-27,GSBC,57.87718216888158,59.128256988618574,57.390650757623256,57.80767822265625,27800,0.0023965517241379
2025-02-27,GSHD,123.0199966430664,126.0,121.5250015258789,121.5999984741211,339800,0.0136063138421619
2025-02-27,GSIT,3.0199999809265137,3.0999999046325684,2.7799999713897705,2.799999952316284,134200,0.0052418189346061
2025-02-27,GSM,3.5678347672598485,3.5778007768708595,3.4283106327056885,3.4283106327056885,1184000,0.0063017273886357
2025-02-27,GT,9.350000381469728,9.68000030517578,9.329999923706056,9.460000038146973,6293200,0.022072575717647
2025-02-27,GTBP,2.150000095367432,2.400000095367432,2.0899999141693115,2.299999952316284,92400,0.0364295852389213
2025-02-27,GTEC,1.75,1.8049999475479128,1.6100000143051147,1.6399999856948853,63700,0.0046857184890948
2025-02-27,GTIM,2.5199999809265137,2.630000114440918,2.4600000381469727,2.5199999809265137,15100,0.0014190929082946
2025-02-27,GWAV,0.2709999978542328,0.2709999978542328,0.2540000081062317,0.2549999952316284,2458800,0.0619460554360258
2025-02-27,GWRS,11.454590277431151,11.454590277431151,11.225099804838274,11.284967422485352,19200,0.0006995554907818
2025-02-27,GYRE,11.43000030517578,11.579999923706056,11.18000030517578,11.289999961853027,41900,0.0004475902765018
2025-02-27,HAFC,23.100000381469727,23.799999237060547,22.309999465942383,23.63999938964844,245800,0.0081400970983103
2025-02-27,HAIN,3.759999990463257,3.809999942779541,3.660000085830689,3.700000047683716,1964100,0.0217636294105893
2025-02-27,HALO,57.9900016784668,58.970001220703125,57.650001525878906,57.70000076293945,880000,0.0071236026001149
2025-02-27,HAS,66.74463380560833,67.20958206107676,65.18161851410161,65.30033111572266,1906800,0.0136077530222799
2025-02-27,HBAN,15.952310273303167,16.199709613296964,15.88303687259888,16.041372299194336,24769700,0.016956837798342
2025-02-27,HBCP,47.0099983215332,47.54999923706055,46.84000015258789,47.15999984741211,19300,0.0024062197664096
2025-02-27,HBIO,0.8999999761581421,0.949999988079071,0.8500000238418579,0.8500000238418579,228800,0.0051912103370429
2025-02-27,HBNC,15.924027820549602,16.477562689407986,15.864719099174176,16.42814064025879,92400,0.0020993081825307
2025-02-27,HBT,24.84000015258789,24.940000534057617,24.57999992370605,24.729999542236328,18000,0.0005690547999772
2025-02-27,HCAT,4.75,4.958000183105469,3.759999990463257,4.389999866485596,2137300,0.0304412724004637
2025-02-27,HCKT,30.860514766264924,30.860514766264924,29.824861168786956,30.163440704345703,152400,0.0055123521539407
2025-02-27,HCM,17.079999923706055,17.079999923706055,16.56999969482422,16.6299991607666,100700,0.0005889681343791
2025-02-27,HCSG,10.399999618530272,10.600000381469728,10.34000015258789,10.550000190734863,332700,0.0045272884864971
2025-02-27,HDSN,5.849999904632568,5.889999866485596,5.760000228881836,5.769999980926514,333200,0.0075684098389327
2025-02-27,HEES,96.13999938964844,96.88999938964844,95.55999755859376,96.0,458100,0.0125118809609648
2025-02-27,HELE,57.7400016784668,58.130001068115234,56.560001373291016,57.2400016784668,368000,0.0161010163766587
2025-02-27,HEPA,7.75,7.800000190734863,7.0,7.099999904632568,59500,0.0550925925925925
2025-02-27,HFFG,1.9900000095367432,2.0,1.830000042915344,1.850000023841858,94700,0.0017956827766147
2025-02-27,HFWA,24.07999992370605,24.920000076293945,23.979999542236328,24.90999984741211,274300,0.0080698306600609
2025-02-27,HGBL,2.069999933242798,2.0899999141693115,2.039999961853028,2.039999961853028,12900,0.000363430445329
2025-02-27,HIFS,257.75,258.2799987792969,255.8600006103516,258.0,9700,0.004449031074418
2025-02-27,HIMX,10.350000381469728,10.449999809265137,9.770000457763672,9.84000015258789,2691300,0.0153865071383605
2025-02-27,HIVE,2.1600000858306885,2.2300000190734863,2.0299999713897705,2.039999961853028,10096500,0.0649702063036511
2025-02-27,HLIT,10.220000267028809,10.279999732971191,10.039999961853027,10.239999771118164,893400,0.0076324400058093
2025-02-27,HLNE,153.9554082121166,155.68928041918068,150.0890798263664,151.11544799804688,430600,0.0099360364767451
2025-02-27,HMST,9.699999809265137,9.989999771118164,9.699999809265137,9.81999969482422,99000,0.005232336899074
2025-02-27,HNRG,10.020000457763672,10.170000076293944,9.56999969482422,9.59000015258789,399100,0.0093643020884904
2025-02-27,HOFT,12.881857679111608,12.891668914762144,12.666015173054452,12.754314422607422,51600,0.004817747236331
2025-02-27,HOLX,63.540000915527344,64.27999877929688,63.150001525878906,63.209999084472656,1255700,0.0055630128763834
2025-02-27,HON,210.6625437090509,213.74604714161345,210.4934505137576,211.13999938964844,2755400,0.0042835132726043
2025-02-27,HONE,11.349334744624093,11.458272172308922,11.284962842916013,11.388948440551758,91200,0.0021057541116465
2025-02-27,HOOK,1.4900000095367432,1.6859999895095823,1.4900000095367432,1.5,42900,0.0044412144702842
2025-02-27,HOPE,10.779999732971191,10.9399995803833,10.770000457763672,10.81999969482422,459900,0.003615480766963
2025-02-27,HOTH,0.9430000185966492,0.949999988079071,0.9100000262260436,0.9110000133514404,209300,0.0159191341451356
2025-02-27,HQY,106.86000061035156,107.6999969482422,106.38999938964844,107.0,501300,0.0057956169274096
2025-02-27,HROW,28.32999992370605,28.8700008392334,27.46999931335449,27.559999465942383,213300,0.0059824648989459
2025-02-27,HRTX,1.8899999856948853,2.180000066757202,1.840000033378601,2.049999952316284,11203600,0.0735482176852885
2025-02-27,HRZN,9.5346189838862,9.57414068447842,9.495097283293978,9.524739265441896,201200,0.0049906982512712
2025-02-27,HSDT,0.5149999856948853,0.5149999856948853,0.4749999940395355,0.4749999940395355,105900,0.0186633581355675
2025-02-27,HSIC,72.43000030517578,73.26000213623047,71.68000030517578,72.12000274658203,4222400,0.0344651952461799
2025-02-27,HSII,40.32061220749845,40.67937259634924,40.04157803908358,40.181095123291016,144000,0.0070554341541808
2025-02-27,HST,15.854631711121783,16.101127852078662,15.75603287861577,15.775753021240234,9171100,0.01322946207479
2025-02-27,HSTM,32.44933144093275,33.26855687978208,31.080626082527694,33.23858642578125,213100,0.0069810943708988
2025-02-27,HTBK,10.5,10.640000343322754,10.399999618530272,10.5,593500,0.0096330044423813
2025-02-27,HTHT,35.8258120684294,35.8258120684294,34.71200464277231,35.22532272338867,1088800,0.0034748860462057
2025-02-27,HTLD,10.158658962958588,10.228511910494245,10.088805063747897,10.1686372756958,596000,0.0075875431891615
2025-02-27,HUBG,40.586580898048894,41.09490819456804,40.09818472498687,40.157989501953125,763400,0.0125783883713343
2025-02-27,HURA,2.7300000190734863,2.86899995803833,2.470000028610229,2.5199999809265137,82200,0.0018818508988012
2025-02-27,HURC,18.600000381469727,18.649999618530277,17.780000686645508,18.059999465942383,13500,0.0020820513295054
2025-02-27,HURN,149.0800018310547,150.0,145.41000366210938,149.5800018310547,363700,0.0202943999285762
2025-02-27,HUT,15.43000030517578,16.170000076293945,14.390000343322754,14.40999984741211,5393600,0.0519334463102757
2025-02-27,HWC,55.63670269963543,56.48960108788952,55.33918097385224,55.75571441650391,420900,0.0048869751442104
2025-02-27,HWKN,106.43000030517578,109.05999755859376,103.6500015258789,104.0500030517578,121700,0.005814897988437
2025-02-27,IAC,37.03855514526367,38.75717926025391,36.915504455566406,38.19524383544922,1989652,0.0267614825495375
2025-02-27,IART,23.399999618530277,23.5,22.799999237060547,23.059999465942383,809700,0.0104815664236941
2025-02-27,IBCP,33.209999084472656,33.58000183105469,33.060001373291016,33.34000015258789,109300,0.0052115120537076
2025-02-27,IBIO,3.7899999618530273,5.199999809265137,3.700000047683716,5.050000190734863,4972700,0.5035808755321691
2025-02-27,IBKR,209.8418979879093,210.9005933382001,202.5109036044934,203.25,1319000,0.0121029160778844
2025-02-27,IBOC,65.3499984741211,66.4000015258789,64.91000366210938,65.95999908447266,231700,0.0037241343838703
2025-02-27,IBRX,3.0,3.115000009536743,2.8399999141693115,2.859999895095825,5396600,0.0061153560995223
2025-02-27,ICAD,2.5299999713897705,2.640000104904175,2.3499999046325684,2.390000104904175,205700,0.007516708872786
2025-02-27,ICCC,5.429999828338623,5.639999866485596,5.260000228881836,5.349999904632568,16800,0.001870278382031
2025-02-27,ICFI,99.90707901705971,101.8838587955995,99.72737176446522,99.80724334716795,442200,0.0239855500892271
2025-02-27,ICHR,30.850000381469727,31.229999542236328,29.420000076293945,29.440000534057617,353800,0.0103714126579309
2025-02-27,ICLR,196.50999450683597,197.7899932861328,189.13999938964844,189.6300048828125,1045600,0.0129372636746976
2025-02-27,ICMB,3.2799999713897705,3.2799999713897705,3.240000009536743,3.240000009536743,29700,0.0020604967392812
2025-02-27,ICUI,153.22999572753906,154.5399932861328,149.1999969482422,149.75,388300,0.0157780107435128
2025-02-27,IDCC,209.8191178971864,213.52743883289543,206.1706213469837,209.25091552734372,255300,0.0099400404921351
2025-02-27,IDN,2.609999895095825,2.6700000762939453,2.509999990463257,2.539999961853028,52600,0.0026544206701655
2025-02-27,IDXX,457.3299865722656,460.0899963378906,440.5799865722656,441.0299987792969,705600,0.0087069188909043
2025-02-27,IDYA,20.700000762939453,21.299999237060547,20.200000762939453,20.239999771118164,629800,0.0071946390914055
2025-02-27,IEP,9.54750018119812,9.747000217437744,9.433500289916992,9.566499710083008,468400,0.0008960546050013
2025-02-27,IESC,185.5399932861328,187.94000244140625,174.25,174.6199951171875,175800,0.0087871002569152
2025-02-27,IFRX,1.399999976158142,1.5,1.3200000524520874,1.350000023841858,478800,0.0071320794378991
2025-02-27,IGMS,1.2899999618530271,1.3700000047683716,1.2899999618530271,1.340000033378601,166800,0.0048504728338625
2025-02-27,IHRT,2.259999990463257,2.315000057220459,2.0899999141693115,2.0899999141693115,828600,0.0065566246755713
2025-02-27,III,3.131653367687054,3.131653367687054,3.0131048555946336,3.032862901687622,71300,0.0014775640295015
2025-02-27,IIIV,26.59000015258789,27.950000762939453,25.739999771118164,25.770000457763672,104600,0.0044646858713607
2025-02-27,ILMN,93.4800033569336,93.66999816894533,88.75,88.97000122070312,2272100,0.0143564818381311
2025-02-27,ILPT,3.859999895095825,3.950000047683716,3.849999904632568,3.890000104904175,124800,0.0018867838952109
2025-02-27,IMAB,0.949999988079071,0.949999988079071,0.8999999761581421,0.8999999761581421,128500,0.0015766657590306
2025-02-27,IMKTA,63.83625339402661,63.9758945895361,61.7216785657319,61.73165130615234,105200,0.0072323282322044
2025-02-27,IMMR,8.180000305175781,8.210000038146973,8.010000228881836,8.050000190734863,333900,0.0103067007445271
2025-02-27,IMNN,0.8100000023841858,0.8399999737739563,0.7799999713897705,0.8100000023841858,248600,0.0170032898561628
2025-02-27,IMOS,19.190000534057617,19.200000762939453,18.34000015258789,18.489999771118164,26200,0.0007305783280352
2025-02-27,IMUX,1.1799999475479126,1.2100000381469729,1.1100000143051147,1.1200000047683716,807000,0.0084222607176242
2025-02-27,IMVT,20.1299991607666,20.799999237060547,20.1299991607666,20.25,843000,0.0049628816485423
2025-02-27,IMXI,15.260000228881836,15.979999542236328,15.09000015258789,15.93000030517578,451400,0.014726512289493
2025-02-27,INBK,30.04043575496746,30.419556981953622,29.22233055230628,29.332075119018555,31300,0.0035989090591324
2025-02-27,INCY,73.91999816894531,74.5999984741211,72.88999938964844,73.18000030517578,1220100,0.0063046443851925
2025-02-27,INDB,67.55331711667776,68.24677824194966,67.11742294755862,67.2363052368164,265600,0.0062332346873877
2025-02-27,INDP,0.8199999928474426,0.8410000205039978,0.7599999904632568,0.7860000133514404,10600,0.0007346214620353
2025-02-27,INGN,8.020000457763672,8.619999885559082,7.940000057220459,7.949999809265137,480900,0.0178858341515665
2025-02-27,INM,2.900000095367432,2.990000009536743,2.88100004196167,2.930000066757202,16800,0.0139166162741573
2025-02-27,INMB,7.829999923706055,8.369999885559082,7.760000228881836,7.849999904632568,217700,0.0094939883036855
2025-02-27,INMD,19.309999465942383,19.350000381469727,18.540000915527344,18.56999969482422,842700,0.0124166038002734
2025-02-27,INO,1.9800000190734863,2.0999999046325684,1.940000057220459,1.940000057220459,573100,0.0156270876791143
2025-02-27,INOD,64.98999786376953,65.05000305175781,52.5099983215332,52.619998931884766,3686000,0.1177647070099713
2025-02-27,INSE,11.119999885559082,11.315999984741213,10.699999809265137,10.770000457763672,242200,0.0090021111474532
2025-02-27,INSG,11.15999984741211,11.3100004196167,10.649999618530272,10.649999618530272,206500,0.0137608870940871
2025-02-27,INSM,78.31999969482422,81.11000061035156,78.0,79.05000305175781,2644700,0.0145457045429545
2025-02-27,INTC,23.700000762939453,24.399999618530277,23.06999969482422,23.09000015258789,97871900,0.0224446471578978
2025-02-27,INTU,623.9102679897017,626.8950449631665,598.5845072657627,599.3731079101562,2451700,0.0087697903875227
2025-02-27,INTZ,1.2000000476837158,1.2100000381469729,1.0700000524520874,1.0800000429153442,672000,0.0337771612105493
2025-02-27,INVA,18.040000915527344,18.56999969482422,17.520000457763672,17.549999237060547,962100,0.0153270926794453
2025-02-27,INVE,3.7899999618530273,3.9600000381469727,3.7300000190734863,3.849999904632568,102100,0.0043408572023791
2025-02-27,IONS,31.65999984741211,32.34000015258789,31.18000030517578,31.350000381469727,840600,0.0052879567345242
2025-02-27,IOSP,103.56999969482422,104.6500015258789,103.0,104.01000213623048,127400,0.0050717570015326
2025-02-27,IOVA,5.380000114440918,5.639999866485596,5.25,5.260000228881836,13965600,0.042594022577833
2025-02-27,IPAR,142.46994665616785,147.1993989635756,138.99240418166397,139.38983154296875,364800,0.011356030867983
2025-02-27,IPGP,59.25,59.5,57.7599983215332,57.86000061035156,329500,0.0077113182024554
2025-02-27,IPWR,5.630000114440918,6.035999774932861,5.300000190734863,5.699999809265137,32300,0.0038736912799971
2025-02-27,IQ,2.109999895095825,2.200000047683716,2.0799999237060547,2.1700000762939453,34450300,0.0651830786579781
2025-02-27,IRBT,7.619999885559082,7.690000057220459,7.349999904632568,7.590000152587891,1270600,0.0409622551484905
2025-02-27,IRD,1.1100000143051147,1.1100000143051147,1.0299999713897705,1.0399999618530271,60900,0.0012906972308292
2025-02-27,IRDM,32.03660730754836,32.464425648934785,31.69833242820421,31.96696281433105,1188200,0.010927685247349
2025-02-27,IRMD,55.54999923706055,55.54999923706055,53.7599983215332,53.900001525878906,49300,0.0038772797697226
2025-02-27,IRTC,109.72000122070312,111.0,106.37000274658205,106.56999969482422,339200,0.0107992460903672
2025-02-27,IRWD,1.8200000524520876,1.940000057220459,1.600000023841858,1.6200000047683716,3063800,0.0189346708247215
2025-02-27,ISRG,581.8300170898438,583.25,562.4000244140625,563.77001953125,1482900,0.0041389992795701
2025-02-27,ISSC,7.170000076293945,7.349999904632568,7.070000171661377,7.070000171661377,217700,0.0124078813129442
2025-02-27,ISTR,18.44088074041136,18.649646422611905,18.301704883030236,18.41105842590332,13200,0.0013441092883043
2025-02-27,ITCI,128.58999633789062,128.6300048828125,128.1999969482422,128.25,1278900,0.012005970597623
2025-02-27,ITIC,234.41496654506557,234.41496654506557,233.9059600830078,233.9059600830078,3000,0.001590684948939
2025-02-27,ITRI,107.9499969482422,109.11000061035156,106.0199966430664,106.88999938964844,1021400,0.0224138687733157
2025-02-27,ITRM,1.3899999856948853,1.4199999570846558,1.3600000143051147,1.3669999837875366,298300,0.0086260243946167
2025-02-27,ITRN,44.40586222147716,44.83018520607335,41.938869875839536,42.21517181396485,402500,0.0202326376322033
2025-02-27,IVAC,3.948508751465677,3.9582579135894775,3.9387591244540734,3.9582579135894775,862644,0.0317341034083175
2025-02-27,IZEA,2.450000047683716,2.490000009536743,2.4100000858306885,2.430000066757202,15000,0.0008868130893611
2025-02-27,JACK,37.40902982243632,39.09510129758041,37.24141077124959,38.07951354980469,830000,0.0440124507511281
2025-02-27,JAKK,26.94889191277951,27.10741465075844,25.98784568782463,26.17609214782715,207600,0.0186251816762663
2025-02-27,JAZZ,142.50999450683594,147.97999572753906,141.13999938964844,143.27000427246094,1220200,0.020091384349401
2025-02-27,JBHT,160.24000549316406,161.39999389648438,158.47000122070312,158.89999389648438,762100,0.0076203903687704
2025-02-27,JBLU,6.730000019073486,6.78000020980835,6.400000095367432,6.5,16886800,0.0478378259061662
2025-02-27,JBSS,72.0,72.68000030517578,70.58999633789062,70.80000305175781,51000,0.0056411935438199
2025-02-27,JD,41.68604996466243,42.09402070408251,40.83610721874763,41.3217887878418,10789800,0.0074335513345686
2025-02-27,JFIN,9.720000267028809,9.9399995803833,9.359999656677246,9.8100004196167,81700,0.0031383847114184
2025-02-27,JG,10.06999969482422,12.800000190734863,9.420000076293944,12.550000190734863,165400,0.0349821916533421
2025-02-27,JJSF,133.3163856358113,135.1158063780825,129.08126946222973,131.11929321289062,187900,0.0096406930627029
2025-02-27,JKHY,170.53135543594365,172.29558031273925,170.53135543594365,171.30880737304688,415200,0.0056956532617985
2025-02-27,JOUT,26.90824186638503,27.115303279618423,26.720899244411875,26.888521194458008,33800,0.003703801108072
2025-02-27,JRVR,4.78000020980835,4.880000114440918,4.750999927520752,4.869999885559082,136400,0.0029883249387108
2025-02-27,JSM,19.07208657899786,19.07208657899786,18.964223284289663,19.062280654907227,4500,1.641712634620436e-05
2025-02-27,JVA,6.309999942779541,6.369999885559082,5.769999980926514,5.820000171661377,134200,0.0235083908488946
2025-02-27,JXG,2.400000095367432,2.559999942779541,2.369999885559082,2.5299999713897705,10800,0.0071249505211769
2025-02-27,JYNT,11.5600004196167,11.5600004196167,11.248000144958496,11.390000343322754,17200,0.0011225322238538
2025-02-27,KALA,6.860000133514404,7.150000095367432,6.598999977111816,6.96999979019165,24600,0.0038125348707457
2025-02-27,KALU,70.41999816894531,71.66000366210938,70.0,71.30000305175781,137300,0.0085276854756063
2025-02-27,KALV,10.729999542236328,11.020000457763672,10.56999969482422,10.6899995803833,502400,0.0101054799700697
2025-02-27,KDP,32.579801527141775,33.65255293333555,32.48047437727401,33.38436508178711,68945100,0.050816364429103
2025-02-27,KE,18.31999969482422,18.3700008392334,17.950000762939453,18.0,141700,0.0057707892989936
2025-02-27,KELYA,13.510000228881836,13.600000381469728,13.329999923706056,13.40999984741211,309700,0.0098030526522369
2025-02-27,KHC,30.149464567956727,30.52460441373064,29.84342739900224,30.258056640625,10348300,0.0086712748827203
2025-02-27,KIDS,22.88999938964844,23.399999618530277,22.649999618530277,22.88999938964844,360600,0.014521935935952
2025-02-27,KIRK,1.4199999570846558,1.4500000476837158,1.3799999952316284,1.3799999952316284,126200,0.0056433761878144
2025-02-27,KLAC,743.0499877929688,750.0,698.6400146484375,699.1599731445312,1324900,0.0099701249934154
2025-02-27,KLIC,39.9741597463727,40.15314882142083,37.55781102648953,37.63735961914063,764200,0.0143153651336
2025-02-27,KLXE,4.159999847412109,4.269999980926514,3.799999952316284,3.799999952316284,251000,0.014425121550327
2025-02-27,KMDA,6.931392838761754,6.950835717070919,6.688356628119797,6.717520713806152,73100,0.0012711938092339
2025-02-27,KNDI,1.5299999713897705,1.590000033378601,1.3700000047683716,1.3799999952316284,473400,0.0055000464727205
2025-02-27,KNSA,19.63999938964844,20.040000915527344,19.450000762939453,19.6299991607666,446900,0.0106380699603661
2025-02-27,KOD,4.159999847412109,4.25,3.990000009536743,4.010000228881836,243000,0.0046067835361518
2025-02-27,KOPN,1.4299999475479126,1.4600000381469729,1.2899999618530271,1.3200000524520874,2436800,0.0158966664492139
2025-02-27,KPRX,3.390000104904175,3.433000087738037,3.3329999446868896,3.3540000915527344,10100,0.0033657803445092
2025-02-27,KPTI,9.479999542236328,10.380000114440918,8.34000015258789,8.350000381469727,210300,0.0249881178707224
2025-02-27,KRMD,3.5799999237060547,3.5999999046325684,3.4100000858306885,3.430000066757202,147900,0.0032053921674866
2025-02-27,KRNT,25.0,25.674999237060547,24.670000076293945,24.82999992370605,247300,0.0054558490982295
2025-02-27,KRNY,6.809999942779541,6.880000114440918,6.78000020980835,6.809999942779541,228500,0.0035382635719893
2025-02-27,KRRO,25.51000022888184,26.149999618530277,24.600000381469727,24.729999542236328,39200,0.0041751429879964
2025-02-27,KRUS,65.54000091552734,67.5199966430664,62.65999984741211,62.68000030517578,262200,0.0236527324228264
2025-02-27,KRYS,175.22000122070312,180.78500366210935,173.24000549316406,173.35000610351562,216400,0.0074883038507322
2025-02-27,KTCC,3.0299999713897705,3.0299999713897705,2.950000047683716,2.9800000190734863,8900,0.0008269915163679
2025-02-27,KTOS,25.01000022888184,26.520000457763672,24.799999237060547,26.270000457763672,3397200,0.0221624936393408
2025-02-27,KURA,7.96999979019165,8.020000457763672,7.599999904632568,7.650000095367432,1243900,0.0154033805956287
2025-02-27,KVHI,5.920000076293945,5.920000076293945,5.840000152587891,5.849999904632568,14100,0.0007134183363691
2025-02-27,KXIN,1.2599999904632568,1.2599999904632568,1.190000057220459,1.2300000190734863,109000,0.0123117655297673
2025-02-27,KZR,6.0,6.199999809265137,5.809999942779541,5.889999866485596,64400,0.0088149141777765
2025-02-27,LAB,1.100000023841858,1.2000000476837158,1.0,1.0499999523162842,4704600,0.0124136516879737
2025-02-27,LAKE,23.43000030517578,23.979999542236328,23.239999771118164,23.489999771118164,62900,0.0066220285094645
2025-02-27,LAMR,121.14882960379607,122.5390742956735,120.3600330608366,120.4487762451172,304600,0.0034571286537627
2025-02-27,LANC,188.57216867580436,190.52247592801493,187.9253913962996,189.089599609375,121700,0.0044138981575511
2025-02-27,LAND,11.310609011642894,11.579435570007664,11.285718085658583,11.549566268920898,368500,0.010183862240118
2025-02-27,LASR,9.850000381469728,9.88599967956543,9.039999961853027,9.079999923706056,455500,0.0092900409944728
2025-02-27,LAUR,19.739999771118164,19.9950008392334,19.649999618530277,19.86000061035156,1177800,0.0078965898317346
2025-02-27,LBRDA,79.94999694824219,81.05000305175781,78.91999816894531,80.41999816894531,99800,0.0054677741009401
2025-02-27,LBRDK,79.94999694824219,82.12000274658203,79.51000213623047,81.20999908447266,1666900,0.0135494988741942
2025-02-27,LBTYA,11.699999809265137,11.789999961853027,11.460000038146973,11.5,1937000,0.0111493564800957
2025-02-27,LBTYK,12.149999618530272,12.3100004196167,11.970000267028809,12.010000228881836,2410700,0.0150231201625266
2025-02-27,LCNB,14.648947366684167,14.737669273057907,14.55036820192522,14.698237419128418,27600,0.0019494278852945
2025-02-27,LCUT,5.340000152587891,5.340000152587891,4.96999979019165,4.980000019073486,34100,0.0015386073122199
2025-02-27,LE,11.850000381469728,12.0,11.56999969482422,11.609999656677246,90300,0.0029278256922378
2025-02-27,LECO,206.89134715062505,208.26589774106145,204.29163348789595,204.47091674804688,186600,0.0033303646802867
2025-02-27,LEDS,1.649999976158142,1.75,1.6100000143051147,1.659999966621399,7200,0.0009983720988277
2025-02-27,LEE,9.270000457763672,9.720000267028809,9.149999618530272,9.149999618530272,29100,0.0047004170610601
2025-02-27,LEGH,24.96999931335449,25.0,24.270000457763672,24.399999618530277,70900,0.0029383242020108
2025-02-27,LFCR,6.0,6.0,5.679999828338623,5.769999980926514,108900,0.002941232076445
2025-02-27,LFMD,5.25,5.340000152587891,4.900000095367432,5.019999980926514,985600,0.022106734075458
2025-02-27,LFUS,239.8800048828125,241.2100067138672,234.1699981689453,234.3600006103516,125700,0.0050863711958435
2025-02-27,LFVN,16.870605343531558,17.080117105018022,16.198175745648957,16.54137420654297,101700,0.0081027463290655
2025-02-27,LFWD,1.690000057220459,1.75,1.6100000143051147,1.7200000286102295,197100,0.018541339378945
2025-02-27,LGIH,76.41000366210938,76.47000122070312,72.55000305175781,73.62999725341797,323500,0.0138264998653679
2025-02-27,LGMK,0.2010000050067901,0.2150000035762787,0.19200000166893,0.2070000022649765,4573800,0.0754899468873477
2025-02-27,LGND,111.73999786376952,123.51000213623048,111.73999786376952,115.66999816894533,155800,0.0080912367439783
2025-02-27,LGO,1.7599999904632568,1.7699999809265137,1.6799999475479126,1.6799999475479126,53200,0.0008297939708917
2025-02-27,LGTY,14.149999618530272,14.170000076293944,14.130000114440918,14.130000114440918,279700,0.0083023886064038
2025-02-27,LILA,6.920000076293945,6.920000076293945,6.695000171661377,6.710000038146973,437700,0.0112350898268148
2025-02-27,LILAK,6.840000152587891,6.864999771118164,6.644999980926514,6.659999847412109,788300,0.0050295728419451
2025-02-27,LIN,461.9988966908851,466.6733064796084,458.3510612880964,458.7497253417969,2071000,0.0043792502622052
2025-02-27,LINC,18.200000762939453,18.549999237060547,17.8799991607666,17.989999771118164,296600,0.0093882150363373
2025-02-27,LIND,11.020000457763672,11.300000190734863,9.56999969482422,11.0,1034200,0.0189461111192531
2025-02-27,LITE,75.54000091552734,75.56999969482422,69.44999694824219,69.62000274658203,2107000,0.0304479768786127
2025-02-27,LIVN,41.45000076293945,41.81999969482422,40.65999984741211,40.93000030517578,857700,0.0157805261279295
2025-02-27,LKCO,1.659999966621399,1.73989999294281,1.649999976158142,1.6660000085830688,4206,0.0006114847477734
2025-02-27,LKFN,64.91000366210938,66.37000274658203,64.91000366210938,65.80000305175781,84400,0.0032441200324412
2025-02-27,LKQ,41.26691090389377,41.65415993020247,40.93923631991247,41.57472229003906,3539200,0.0136884898241672
2025-02-27,LMAT,102.00911950988058,102.74730187781913,99.4254698060806,99.66488647460938,197600,0.008759408828562
2025-02-27,LMFA,1.5700000524520874,1.5700000524520874,1.3700000047683716,1.3700000047683716,40100,0.0078115716453585
2025-02-27,LMNR,22.32424218727998,22.35411473822467,21.92595100402832,21.92595100402832,21900,0.0012136191341741
2025-02-27,LNT,63.630001068115234,64.3499984741211,63.310001373291016,63.84999847412109,2104900,0.0081943219628165
2025-02-27,LNTH,92.38999938964844,95.0,89.73600006103516,91.48999786376952,1118400,0.0163005228759998
2025-02-27,LNW,109.16999816894533,112.83000183105467,109.0,110.6500015258789,993400,0.0117609029039556
2025-02-27,LOAN,5.418183770747276,5.555105252646586,5.418183770747276,5.486644744873047,3100,0.0002710098175491
2025-02-27,LOCO,11.1899995803833,11.258000373840332,10.949000358581545,10.989999771118164,295400,0.009920341737974
2025-02-27,LOGI,104.0500030517578,104.08999633789062,101.18000030517578,101.20999908447266,744800,0.0049919571045576
2025-02-27,LOOP,1.2899999618530271,1.2999999523162842,1.2699999809265137,1.284999966621399,27200,0.000571184977835
2025-02-27,LOPE,179.72999572753906,183.6199951171875,177.0,178.17999267578125,219300,0.0076345179078705
2025-02-27,LOVE,22.209999084472656,22.209999084472656,21.1200008392334,21.13999938964844,176600,0.0119376753303815
2025-02-27,LPCN,3.240000009536743,3.240999937057495,3.1600000858306885,3.1600000858306885,3900,0.0007289229135983
2025-02-27,LPLA,365.49718962406143,369.5932417855378,360.0324635339886,361.32122802734375,387000,0.0048390910931514
2025-02-27,LPRO,5.03000020980835,5.039999961853027,4.880000114440918,4.929999828338623,421000,0.0035146890627217
2025-02-27,LPSN,1.090000033378601,1.1200000047683716,1.059999942779541,1.0800000429153442,951800,0.0104233742909082
2025-02-27,LPTH,2.369999885559082,2.380000114440918,2.2100000381469727,2.2300000190734863,191400,0.0045427251129154
2025-02-27,LPTX,0.4699999988079071,0.4799999892711639,0.4600000083446502,0.4639999866485595,211600,0.0051287520359885
2025-02-27,LQDA,15.68000030517578,15.9399995803833,14.449999809265137,15.359999656677246,1870700,0.0219312190451751
2025-02-27,LQDT,33.83000183105469,34.15999984741211,32.880001068115234,33.060001373291016,254400,0.0081960611225124
2025-02-27,LRCX,81.40432579650522,81.92275782778755,75.8112050510156,75.94081115722656,14830200,0.0115530589332861
2025-02-27,LRMR,2.940000057220459,3.039999961853028,2.869999885559082,2.9200000762939453,412500,0.0064425039709251
2025-02-27,LSAK,4.889999866485596,4.980000019073486,4.78000020980835,4.889999866485596,7500,9.4787209034864e-05
2025-02-27,LSCC,64.37999725341797,64.9000015258789,60.34000015258789,60.560001373291016,3034000,0.0220471754327321
2025-02-27,LSTR,156.8800048828125,158.75999450683594,155.63999938964844,156.07000732421875,232600,0.0065862312089953
2025-02-27,LTBR,10.350000381469728,12.100000381469728,9.699999809265137,9.989999771118164,4043700,0.1936127935649134
2025-02-27,LTRX,2.7300000190734863,2.759999990463257,2.5899999141693115,2.5999999046325684,314200,0.0081000884255356
2025-02-27,LULU,364.6400146484375,371.75,359.3099975585937,362.1600036621094,1438300,0.012450550116429
2025-02-27,LVO,0.7599999904632568,0.8410000205039978,0.7599999904632568,0.765999972820282,549400,0.0057174136560227
2025-02-27,LWAY,21.170000076293945,21.700000762939453,20.93000030517578,21.030000686645508,38200,0.0025126289202273
2025-02-27,LWLG,1.3300000429153442,1.3600000143051147,1.2599999904632568,1.2999999523162842,787100,0.0063167609646482
2025-02-27,LX,8.960000038146973,9.399999618530272,8.8100004196167,8.90999984741211,3260900,0.0253289524786006
2025-02-27,LYFT,12.970000267028809,14.024999618530272,12.800000190734863,13.020000457763672,37483800,0.0915404454826703
2025-02-27,LYTS,18.690000534057617,18.799999237060547,18.270000457763672,18.299999237060547,99900,0.0033387475184984
2025-02-27,MANH,179.61000061035156,180.69000244140625,174.91000366210938,175.1999969482422,464700,0.0076538427330493
2025-02-27,MAR,281.4800109863281,283.6600036621094,276.67999267578125,277.2099914550781,1571200,0.0057057156861628
2025-02-27,MARA,14.210000038146973,14.850000381469728,13.0600004196167,13.130000114440918,90411900,0.2614443537812046
2025-02-27,MASI,191.3699951171875,192.6199951171875,183.5500030517578,186.1999969482422,912200,0.0168815882979983
2025-02-27,MAT,21.170000076293945,21.450000762939453,21.020000457763672,21.209999084472656,4757500,0.0147330708824499
2025-02-27,MATW,25.309999465942383,25.540000915527344,24.75,24.780000686645508,160600,0.0051858812284661
2025-02-27,MBIN,40.71853398407463,41.05162178297755,40.40937892927717,40.67864227294922,135600,0.0029554266733795
2025-02-27,MBIO,2.809999942779541,2.8499999046325684,2.549999952316284,2.740000009536743,951500,0.4981336348834896
2025-02-27,MBOT,1.600000023841858,1.6100000143051147,1.4800000190734863,1.4800000190734863,1008500,0.0290261768049619
2025-02-27,MBUU,34.09000015258789,34.404998779296875,33.470001220703125,33.56999969482422,119100,0.006065606331454
2025-02-27,MBWM,46.68932202036884,47.24479439383283,46.68932202036884,47.01665496826172,26700,0.0016445544920359
2025-02-27,MCBS,29.8700008392334,30.049999237060547,29.684999465942383,29.93000030517578,20300,0.0007991245059599
2025-02-27,MCFT,18.1299991607666,18.17099952697754,17.639999389648438,17.68000030517578,86900,0.0051872854797791
2025-02-27,MCHP,59.52999877929688,59.77000045776367,56.70000076293945,57.119998931884766,11503700,0.0213895377978161
2025-02-27,MCHX,1.950000047683716,1.9900000095367432,1.950000047683716,1.9700000286102293,33200,0.0008501202203142
2025-02-27,MCRB,0.7870000004768372,0.7870000004768372,0.7229999899864197,0.7250000238418579,429800,0.0024650289361591
2025-02-27,MCRI,91.17672583574088,91.17672583574088,90.02056785599169,90.19000244140624,116500,0.0063104981772681
2025-02-27,MDB,276.3500061035156,279.8699951171875,262.32000732421875,262.4100036621094,1390300,0.0171245160104063
2025-02-27,MDGL,361.3800048828125,366.7999877929688,335.0299987792969,335.739990234375,471300,0.0213449153540275
2025-02-27,MDLZ,62.74150658976593,63.7643567779039,62.65213107315628,63.53595352172852,6944600,0.005360390394378
2025-02-27,MDWD,16.149999618530273,16.834999084472656,15.829999923706056,16.229999542236328,125200,0.0115843333919335
2025-02-27,MDXG,7.599999904632568,8.390000343322754,7.380000114440918,8.140000343322754,1006500,0.0068299336346239
2025-02-27,MEDP,339.9700012207031,339.9700012207031,325.5299987792969,326.1099853515625,738100,0.0244174352595572
2025-02-27,MEIP,2.5899999141693115,2.650000095367432,2.559999942779541,2.5899999141693115,5800,0.0008704970538177
2025-02-27,MELI,2218.75,2218.75,2119.780029296875,2129.800048828125,433000,0.008540871918481
2025-02-27,MEOH,43.8140520667589,44.14243539196476,43.46577017274171,43.61503601074219,382500,0.0056754783723469
2025-02-27,MERC,8.03844570813509,8.186756135296688,7.900021951298817,8.068107604980469,327200,0.0048930175801695
2025-02-27,MESA,1.1299999952316284,1.159999966621399,1.090000033378601,1.1100000143051147,142300,0.0034444197012092
2025-02-27,META,681.8434098860729,688.0379111520425,656.9855198372225,657.6549072265625,12500000,0.0057080231139975
2025-02-27,METC,9.398422241210938,9.467455863952637,9.05325412750244,9.329388618469238,532046,0.0119821274544909
2025-02-27,MFIC,13.321407662747056,13.37966402789352,13.11750853279798,13.311697959899902,537100,0.0057272153862926
2025-02-27,MFIN,7.842085162599408,8.15813913994578,7.792701566747612,8.059371948242188,35900,0.0015432828506454
2025-02-27,MGEE,91.42619725241302,91.72471857376966,88.37136044294189,90.66000366210938,165300,0.0045242552632443
2025-02-27,MGIC,12.529999732971191,12.529999732971191,12.239999771118164,12.25,15600,0.0003177234705993
2025-02-27,MGNI,17.65999984741211,18.38999938964844,16.540000915527344,16.549999237060547,4766100,0.0333407932317623
2025-02-27,MGNX,2.490000009536743,2.565000057220459,2.400000095367432,2.400000095367432,627500,0.0099460614389216
2025-02-27,MGPI,33.050852303934256,33.19030676768812,31.397313748275693,33.13053894042969,942700,0.044320014292229
2025-02-27,MGRC,125.26000213623048,125.9499969482422,123.68000030517578,124.04000091552734,169500,0.0069039395223044
2025-02-27,MGTX,7.300000190734863,7.420000076293945,6.949999809265137,6.980000019073486,332600,0.0042178738020274
2025-02-27,MHLD,0.8700000047683716,0.9700000286102296,0.8299999833106995,0.9200000166893004,74400,0.0007478078375085
2025-02-27,MIDD,165.0,165.89999389648438,163.00999450683594,163.25,569500,0.0106158497712792
2025-02-27,MIRM,49.0,50.27000045776367,44.209999084472656,46.97499847412109,967400,0.019737137400998
2025-02-27,MIST,1.7599999904632568,1.809999942779541,1.7200000286102295,1.7400000095367432,1328500,0.024899726356037
2025-02-27,MITK,9.890000343322754,9.93000030517578,9.34000015258789,9.380000114440918,772600,0.0170764106383872
2025-02-27,MKSI,97.5199966430664,98.51000213623048,91.06999969482422,91.16999816894533,1448600,0.0214775409505509
2025-02-27,MKTX,190.91000366210935,194.9600067138672,190.91000366210935,191.3500061035156,826300,0.0219217259346513
2025-02-27,MLAB,143.8997330743991,143.8997330743991,135.22000122070312,135.22000122070312,25100,0.0046193966810278
2025-02-27,MLCO,5.309999942779541,5.929999828338623,5.150000095367432,5.579999923706055,4500300,0.0105761753098246
2025-02-27,MLKN,22.04397943058713,22.04397943058713,21.092441647795425,21.142000198364254,471400,0.0069582827772906
2025-02-27,MMLP,3.680000066757202,3.75,3.5899999141693115,3.660000085830689,88900,0.0022762712168193
2025-02-27,MMSI,102.8499984741211,103.8499984741211,98.4000015258789,98.5,589100,0.009973403129661
2025-02-27,MMYT,95.0,96.5199966430664,91.6999969482422,93.06999969482422,692200,0.0098724088848827
2025-02-27,MNDO,1.794292617129174,1.829999899009207,1.794292617129174,1.803219437599182,14400,0.0007070503724289
2025-02-27,MNKD,5.46999979019165,5.739999771118164,5.150000095367432,5.230000019073486,4126400,0.0135801168974777
2025-02-27,MNMD,6.909999847412109,7.150000095367432,6.679999828338623,6.699999809265137,1482600,0.019671374209881
2025-02-27,MNOV,1.690000057220459,1.7000000476837158,1.6699999570846558,1.6799999475479126,3500,7.136128792852454e-05
2025-02-27,MNRO,18.299999237060547,18.40999984741211,17.649999618530273,17.670000076293945,1168600,0.0390191456256218
2025-02-27,MNST,51.16999816894531,52.16999816894531,50.93000030517578,51.91999816894531,7541100,0.007749093607497
2025-02-27,MODV,4.380000114440918,4.480000019073486,4.019999980926514,4.03000020980835,286300,0.0199651324965132
2025-02-27,MOFG,29.889553289630765,30.256601418058043,29.7804324072287,30.068117141723636,81100,0.0038960976570569
2025-02-27,MOGO,1.0499999523162842,1.0499999523162842,1.024999976158142,1.034999966621399,32700,0.0013466931886976
2025-02-27,MOMO,7.33902393746601,7.398605957917039,7.24444852873979,7.25390625,830100,0.0066991631090056
2025-02-27,MORN,321.9755790726446,321.9755790726446,307.8077730150229,310.6732788085937,237800,0.0055595689814392
2025-02-27,MPAA,11.300000190734863,11.449999809265137,10.640000343322754,10.81999969482422,137700,0.0070313577107492
2025-02-27,MPB,28.93000030517578,28.93000030517578,28.06999969482422,28.270000457763672,49700,0.0025676792725769
2025-02-27,MPWR,669.4142666641242,670.2320680192091,606.4242053571248,607.7406616210938,1202100,0.0251138595245059
2025-02-27,MRAM,5.940000057220459,5.940000057220459,5.519999980926514,5.610000133514404,174200,0.0077934511746099
2025-02-27,MRCC,8.453404071536871,8.478597640991211,8.410769155573298,8.478597640991211,29600,0.0013661769660717
2025-02-27,MRCY,44.68999862670898,44.68999862670898,43.15999984741211,43.34999847412109,336200,0.0056332647466873
2025-02-27,MREO,2.440000057220459,2.5350000858306885,2.4200000762939453,2.450000047683716,1448200,0.0091081761006289
2025-02-27,MRIN,1.830000042915344,1.830000042915344,1.7000000476837158,1.7000000476837158,33600,0.0106888927770443
2025-02-27,MRKR,1.5199999809265137,1.6200000047683716,1.5,1.5299999713897705,24000,0.0022411056121019
2025-02-27,MRNA,32.564998626708984,33.0,31.0,31.09000015258789,9865300,0.0255165879832997
2025-02-27,MRSN,0.5699999928474426,0.5699999928474426,0.4950000047683716,0.503000020980835,3324400,0.0266739414752348
2025-02-27,MRTN,14.376527098348332,14.58560406003852,14.30683509427905,14.515912055969238,415700,0.0051028364552823
2025-02-27,MRUS,45.52999877929688,47.52999877929688,45.40499877929688,46.220001220703125,483100,0.0069922786485712
2025-02-27,MRVL,97.8887819700132,97.94871143870624,87.18094664132256,87.55052947998047,22770300,0.0262917059247353
2025-02-27,MSBI,19.209999084472656,19.36000061035156,18.96999931335449,19.239999771118164,78800,0.0036660541068645
2025-02-27,MSEX,51.27999877929688,51.43000030517578,49.65999984741211,51.04999923706055,187900,0.0105004330939674
2025-02-27,MSFT,401.2699890136719,405.739990234375,392.1700134277344,392.5299987792969,21127400,0.0028420039161838
2025-02-27,MSTR,267.42999267578125,271.4599914550781,239.47999572753903,240.0500030517578,18520300,0.0751217894310968
2025-02-27,MTC,1.399999976158142,1.399999976158142,1.2999999523162842,1.3200000524520874,140100,0.0055624153825996
2025-02-27,MTCH,32.353479770107654,32.41311888723363,31.588130058655096,31.687524795532227,4630500,0.0184902712861616
2025-02-27,MTLS,5.400000095367432,5.409999847412109,5.199999809265137,5.210000038146973,512900,0.0086833301730909
2025-02-27,MTRX,13.529999732971191,13.630000114440918,12.369999885559082,12.670000076293944,521500,0.0188902049849856
2025-02-27,MTSI,119.5,119.5,112.68000030517578,112.75,885700,0.0119142101539148
2025-02-27,MTVA,1.508999943733215,1.590000033378601,1.2899999618530271,1.4600000381469729,37600,0.0043443749010672
2025-02-27,MU,97.71276808707115,99.76010537521276,91.3710269640213,91.70059967041016,22386300,0.0200312276085623
2025-02-27,MVBF,18.8757926046174,18.8757926046174,18.37045806753061,18.420000076293945,15900,0.0012277707852327
2025-02-27,MVIS,1.4299999475479126,1.4900000095367432,1.350000023841858,1.3700000047683716,3835500,0.0156547830666242
2025-02-27,MXL,16.030000686645508,16.18000030517578,14.4399995803833,14.460000038146973,2041100,0.0236310084771076
2025-02-27,MYGN,11.640000343322754,11.640000343322754,11.050000190734863,11.0600004196167,1351800,0.0146661545772332
2025-02-27,MYRG,125.87999725341795,128.50999450683594,116.7699966430664,120.0,345400,0.0214022368869473
2025-02-27,MYSZ,1.7599999904632568,1.7599999904632568,1.5110000371932983,1.5700000524520874,24800,0.0121559093404438
2025-02-27,NAAS,1.2400000095367432,1.350000023841858,1.159999966621399,1.2699999809265137,446200,0.0671409568865375
2025-02-27,NATH,104.5,104.51000213623048,101.5999984741211,101.62999725341795,21000,0.0051350895339539
2025-02-27,NATR,14.31999969482422,14.489999771118164,13.899999618530272,14.199999809265137,36100,0.0019530932994292
2025-02-27,NAVI,13.936876850258374,13.96652951498522,13.754016708720188,13.82814884185791,663000,0.0064824592279713
2025-02-27,NBIX,117.4000015258789,117.8499984741211,115.83000183105467,117.51000213623048,1374400,0.0138914999464312
2025-02-27,NBN,99.02999877929688,100.12999725341795,97.9800033569336,98.91000366210938,36700,0.0043212769314459
2025-02-27,NBTB,46.40719209954946,47.03270349261015,46.22847347652215,46.79441452026367,141300,0.0029901344608235
2025-02-27,NCMI,6.6847553930793255,6.724546041384112,6.535542477865605,6.5554375648498535,263200,0.0027649324209336
2025-02-27,NCNA,0.9900000095367432,0.9900000095367432,0.8859999775886536,0.9279999732971193,20500,0.0033845361369399
2025-02-27,NCTY,12.399999618530272,13.15999984741211,11.100000381469728,11.279999732971191,34000,0.0036585851390423
2025-02-27,NDAQ,80.35190168989848,82.18577913736891,80.22232913709428,80.53130340576172,2270900,0.0039483954572125
2025-02-27,NDLS,1.4800000190734863,1.5199999809265137,1.3799999952316284,1.3899999856948853,89400,0.001947546940456
2025-02-27,NDSN,210.2009554607927,212.5322007956117,208.4674571544857,208.71652221679688,347700,0.006109464310502
2025-02-27,NEGG,8.399999618530273,8.399999618530273,8.0,8.0,17750,0.0009151182693695
2025-02-27,NEO,10.369999885559082,10.529999732971191,9.65999984741211,9.81999969482422,1413800,0.0109889084931251
2025-02-27,NEOG,10.109999656677246,10.1899995803833,9.9399995803833,10.079999923706056,2244500,0.0103415070172043
2025-02-27,NEON,8.760000228881836,8.930000305175781,8.5,8.600000381469727,78400,0.0046714215064142
2025-02-27,NERV,1.7549999952316284,1.7799999713897705,1.6929999589920044,1.7000000476837158,10700,0.0015300118254185
2025-02-27,NEWT,12.829999923706056,13.739999771118164,12.550000190734863,13.020000457763672,413300,0.0157203878177454
2025-02-27,NEXT,7.309999942779541,7.389999866485596,7.070000171661377,7.260000228881836,877700,0.0033700401624929
2025-02-27,NFBK,11.369999885559082,11.630000114440918,11.350000381469728,11.529999732971191,156500,0.003629709344936
2025-02-27,NFE,10.130000114440918,10.255000114440918,9.65999984741211,10.109999656677246,8017600,0.0292856829770758
2025-02-27,NFLX,995.0,1000.72998046875,961.8300170898438,963.0700073242188,3766600,0.0088054668198153
2025-02-27,NGNE,17.200000762939453,17.700000762939453,16.729999542236328,17.100000381469727,202600,0.013570356874933
2025-02-27,NHTC,4.769999980926514,4.949999809265137,4.75,4.829999923706055,20400,0.0017718946243843
2025-02-27,NICE,145.00999450683594,147.33999633789062,142.77000427246094,142.99000549316406,889400,0.0140617045429392
2025-02-27,NIU,2.569999933242798,2.740000009536743,2.5199999809265137,2.559999942779541,1276300,0.0184097485265566
2025-02-27,NKTR,0.7699999809265137,0.8399999737739563,0.7599999904632568,0.800000011920929,1308300,0.0070299402484632
2025-02-27,NMFC,11.150823924709782,11.42279591774818,10.88856634196489,11.17025089263916,683600,0.0063383742385327
2025-02-27,NMIH,35.54999923706055,36.119998931884766,35.36000061035156,35.79999923706055,652700,0.008342418350897
2025-02-27,NMRK,14.22085867252262,14.509267224351364,14.22085867252262,14.290715217590332,772800,0.0048549730101697
2025-02-27,NNBR,3.069999933242798,3.069999933242798,2.990000009536743,3.0,202000,0.0040505719929014
2025-02-27,NNDM,2.200000047683716,2.220000028610229,2.0999999046325684,2.0999999046325684,3223100,0.0147013747616745
2025-02-27,NODK,14.449999809265137,14.510000228881836,14.350000381469728,14.359999656677246,7100,0.000343018368392
2025-02-27,NOTV,3.839999914169312,3.880000114440918,3.4600000381469727,3.4600000381469727,611700,0.0180606035554322
2025-02-27,NOVT,148.88999938964844,150.17999267578125,145.10000610351562,145.3300018310547,207100,0.0057590807717335
2025-02-27,NRC,14.673594723091874,14.971032639237944,14.23239478502239,14.3761568069458,68500,0.0030063110588359
2025-02-27,NRIM,79.96259886838355,81.07333102027668,79.45682573723697,79.91301727294922,19300,0.0034958195070351
2025-02-27,NSIT,155.47999572753906,156.10000610351562,153.25,153.3699951171875,361400,0.0113254967831703
2025-02-27,NSPR,3.430000066757202,3.5899999141693115,3.3399999141693115,3.359999895095825,30000,0.0010104446293183
2025-02-27,NSSC,24.46822005544742,24.71698194954681,24.11995302412776,24.139854431152344,386400,0.0106149763470635
2025-02-27,NTAP,123.2297672805358,123.91537317135204,117.08914463891256,117.46672821044922,2845200,0.0137864205327694
2025-02-27,NTCT,22.989999771118164,23.13999938964844,22.46999931335449,22.51000022888184,409300,0.0057041556467155
2025-02-27,NTES,100.69000244140624,101.06999969482422,98.9000015258789,100.4499969482422,1016600,0.0015773614258041
2025-02-27,NTGR,26.31999969482422,26.56999969482422,25.46999931335449,25.920000076293945,275100,0.0095292858404719
2025-02-27,NTLA,11.300000190734863,12.0,10.84000015258789,10.859999656677246,3802800,0.0367359950539524
2025-02-27,NTNX,79.9000015258789,79.9000015258789,74.63999938964844,76.54000091552734,9626400,0.0360996317435555
2025-02-27,NTRA,162.1999969482422,165.5,156.10000610351562,156.61000061035156,2327800,0.0172192386785613
2025-02-27,NTRS,108.96283627274076,110.14355054652911,107.99048200553052,108.26830291748048,1333000,0.0068368791416203
2025-02-27,NTRSO,20.43814159889655,20.605667426739483,20.418432235717773,20.418432235717773,22700,
2025-02-27,NURO,4.400000095367432,4.400000095367432,4.380000114440918,4.389999866485596,7300,0.0035442226742859
2025-02-27,NUWE,1.2400000095367432,1.2899999618530271,1.2200000286102295,1.2200000286102295,65900,0.015066335313981
2025-02-27,NVAX,7.53000020980835,8.3100004196167,7.019999980926514,7.059999942779541,9021000,0.0560853995175449
2025-02-27,NVCR,20.1200008392334,21.170000076293945,19.21999931335449,19.229999542236328,2805900,0.0255279079288541
2025-02-27,NVDA,134.9875872324259,134.99758082030266,119.9989676453928,120.13895416259766,443175800,0.0181629433851989
2025-02-27,NVEC,70.75,70.75,68.13999938964844,68.19000244140625,21500,0.0044447476520362
2025-02-27,NVEE,18.09000015258789,18.350000381469727,17.809999465942383,18.200000762939453,648600,0.0099436282438289
2025-02-27,NVMI,254.83999633789065,255.44000244140625,235.3999938964844,239.1499938964844,568700,0.0194234775777861
2025-02-27,NVNO,3.5,3.819999933242798,3.380000114440918,3.5299999713897705,150500,0.0085823938320816
2025-02-27,NWBI,12.40999984741211,12.510000228881836,12.329999923706056,12.4399995803833,511100,0.004008155903227
2025-02-27,NWE,53.42046709925423,54.5667440528178,52.96590607231335,54.20111846923828,583200,0.0095088713595794
2025-02-27,NWL,6.55714279034929,6.55714279034929,6.299999713897705,6.299999713897705,20568900,0.0492460663289248
2025-02-27,NWPX,46.75,47.040000915527344,41.709999084472656,42.880001068115234,203000,0.0204321963101265
2025-02-27,NWS,31.766391919300144,32.135189891062005,31.64678120109017,31.786325454711918,404400,0.0021395014178693
2025-02-27,NWSA,28.06543526860572,28.31450728841931,27.87614000147216,27.95584297180176,2618600,0.0069384161592167
2025-02-27,NXPI,227.530488610312,228.1773152215014,215.400185466416,215.80816650390625,3573700,0.0140907657124832
2025-02-27,NXST,163.0,169.8000030517578,156.50999450683594,162.5800018310547,1217900,0.0399191063679152
2025-02-27,NXTC,0.7799999713897705,0.7799999713897705,0.7300000190734863,0.7689999938011169,9100,0.0003249222507471
2025-02-27,NYMT,6.823384518963761,6.871846241869182,6.726461535318158,6.736153602600098,717900,0.007926693269322
2025-02-27,NYMTM,24.58859085512021,24.593450405163228,24.54484748840332,24.54484748840332,5100,
2025-02-27,NYMTN,22.32350241434497,22.479815627490275,22.32350241434497,22.426082611083984,8900,6.302446266901036e-05
2025-02-27,OBLG,3.549999952316284,3.690000057220459,3.4200000762939453,3.430000066757202,3000,0.0025975600252829
2025-02-27,OCCI,6.950434050654986,6.960264689328522,6.911110558414837,6.930772304534912,175200,0.007469654528478
2025-02-27,OCFC,17.649999618530273,17.75,17.510000228881836,17.670000076293945,215900,0.0036981272984828
2025-02-27,OCGN,0.6179999709129333,0.6439999938011169,0.6079999804496765,0.6100000143051147,4114400,0.0140897346516408
2025-02-27,OCSL,15.512838444537286,15.58074926208066,15.377016809450534,15.50313663482666,896400,0.0108991035791274
2025-02-27,OCUL,6.889999866485596,7.190000057220459,6.889999866485596,6.940000057220459,909700,0.0057205921193294
2025-02-27,OCX,2.5999999046325684,2.5999999046325684,2.509999990463257,2.569999933242798,45300,0.0015839548520418
2025-02-27,ODFL,175.62854709106384,177.90489786498836,173.7914947532256,174.49037170410156,1494600,0.0070319229163489
2025-02-27,ODP,15.029999732971191,15.529999732971191,14.739999771118164,15.279999732971191,1073300,0.0359946744113514
2025-02-27,OESX,0.8999999761581421,0.949999988079071,0.8899999856948853,0.9300000071525574,115500,0.0035050876878863
2025-02-27,OFIX,17.209999084472656,17.40999984741211,16.93000030517578,17.209999084472656,186300,0.0047741687487987
2025-02-27,OFLX,35.34130380857905,35.618334088170045,34.856497045040314,35.400665283203125,19400,0.0019218767026935
2025-02-27,OFS,8.237541730627592,8.314708324646249,7.98674984011778,8.12179183959961,39300,0.0029332517297228
2025-02-27,OGI,1.159999966621399,1.159999966621399,1.1200000047683716,1.1399999856948853,1142800,0.0085424468713325
2025-02-27,OKTA,89.9000015258789,91.88999938964844,88.87999725341797,89.19000244140625,2523000,0.0152153847163287
2025-02-27,OLED,160.0794508325639,160.52810096613564,150.42842981136084,150.53810119628906,1207600,0.0254397070936672
2025-02-27,OLLI,100.9800033569336,101.62999725341795,97.97000122070312,99.13999938964844,828300,0.013523044521722
2025-02-27,OMAB,77.58999633789062,77.98999786376953,73.26000213623047,74.31999969482422,47000,0.0011177063714019
2025-02-27,OMCL,39.72999954223633,39.959999084472656,38.41999816894531,38.470001220703125,288600,0.0061609269996328
2025-02-27,OMER,8.75,9.010000228881836,8.40999984741211,8.520000457763672,522400,0.0089969843568895
2025-02-27,OMEX,0.4320000112056732,0.449999988079071,0.4300000071525574,0.4379999935626983,291100,0.0099822370361226
2025-02-27,ON,50.119998931884766,50.61000061035156,46.9900016784668,47.380001068115234,12453800,0.0295079486885731
2025-02-27,ONB,23.24368133923633,23.561679249849306,23.144308413732567,23.23374366760254,2121200,0.0066430325199178
2025-02-27,ONC,265.0,287.8800048828125,264.0,278.3800048828125,1121100,0.0113392468822381
2025-02-27,ONCY,0.699999988079071,0.7200000286102295,0.6800000071525574,0.6800000071525574,232800,0.002693771001694
2025-02-27,ONEW,17.110000610351562,17.110000610351562,16.25,16.489999771118164,128200,0.0079984028150384
2025-02-27,ONVO,10.5600004196167,10.5600004196167,7.800000190734863,7.800000190734863,557867,0.3099261111111111
2025-02-27,OPBK,13.010000228881836,13.390000343322754,13.010000228881836,13.390000343322754,23900,0.0016024888865048
2025-02-27,OPCH,33.33000183105469,33.79999923706055,33.060001373291016,33.20000076293945,1814000,0.0110445434840846
2025-02-27,OPI,0.8799999952316284,0.9200000166893004,0.8799999952316284,0.9100000262260436,199000,0.0028499941797103
2025-02-27,OPK,1.6799999475479126,1.7000000476837158,1.6200000047683716,1.6299999952316284,4870400,0.0061418329198693
2025-02-27,OPRA,20.61000061035156,20.649999618530277,17.899999618530273,17.979999542236328,1253000,0.0139998598449785
2025-02-27,OPRT,7.019999980926514,7.230000019073486,6.909999847412109,7.019999980926514,317400,0.0087838978477513
2025-02-27,OPRX,5.050000190734863,5.269999980926514,5.010000228881836,5.139999866485596,103000,0.0055704581837061
2025-02-27,OPTN,6.077000141143799,6.077000141143799,5.619999885559082,5.619999885559082,8300,0.0008198097646257
2025-02-27,ORGO,3.25,3.309999942779541,3.069999933242798,3.069999933242798,1511600,0.0119185038004226
2025-02-27,ORKA,10.489999771118164,10.75,9.529999732971191,9.5600004196167,415700,0.0111029500140222
2025-02-27,ORLY,1335.0,1359.18994140625,1334.3800048828125,1353.4599609375,408000,0.0071278203369991
2025-02-27,ORMP,2.130000114440918,2.140000104904175,2.0999999046325684,2.0999999046325684,102500,0.0025091492148198
2025-02-27,ORRF,33.060001373291016,33.81999969482422,32.939998626708984,33.150001525878906,117100,0.0060034657069324
2025-02-27,OSBC,18.26000022888184,18.3700008392334,18.09000015258789,18.170000076293945,283200,0.0062867392423946
2025-02-27,OSIS,203.05999755859372,206.4900054931641,201.30999755859372,202.3800048828125,137800,0.0082027227324948
2025-02-27,OSPN,16.719999313354492,16.770000457763672,16.139999389648438,16.219999313354492,479100,0.0125498352359348
2025-02-27,OSS,3.450000047683716,3.609999895095825,3.109999895095825,3.150000095367432,155300,0.007283112839007
2025-02-27,OSUR,3.0799999237060547,3.2799999713897705,3.049999952316284,3.130000114440918,1549900,0.020001703480779
2025-02-27,OSW,18.96999931335449,19.07999992370605,18.56999969482422,18.57999992370605,885600,0.0084611195505746
2025-02-27,OTEX,26.479999542236328,26.6299991607666,25.899999618530277,25.90999984741211,830300,0.0031450757575757
2025-02-27,OTLK,1.4900000095367432,1.5,1.3600000143051147,1.3799999952316284,469500,0.0143929221770559
2025-02-27,OTRK,1.4900000095367432,1.5199999809265137,1.4700000286102295,1.5,5900,0.0013988169327975
2025-02-27,OTTR,80.23999786376953,80.66000366210938,78.54000091552734,79.44999694824219,175600,0.0041938935381558
2025-02-27,OVID,0.546999990940094,0.5600000023841858,0.5299999713897705,0.531000018119812,156300,0.0021990854730918
2025-02-27,OXLC,4.994363178389155,4.994363178389155,4.915866388358938,4.925678253173828,6737800,0.0151375520856885
2025-02-27,OXSQ,2.763018846511841,2.782754676930024,2.743283016093658,2.763018846511841,425900,0.0061026368664262
2025-02-27,OZK,48.130001068115234,48.66999816894531,47.310001373291016,47.59999847412109,711500,0.0062629836977571
2025-02-27,PAA,20.25,20.25,19.81999969482422,19.959999084472656,2757900,0.0039187184558723
2025-02-27,PACB,1.6299999952316284,1.6399999856948853,1.4500000476837158,1.4600000381469729,9755500,0.0327528436941836
2025-02-27,PAGP,21.38999938964844,21.399999618530277,21.11000061035156,21.18000030517578,1297800,0.0065630309895622
2025-02-27,PAHC,22.636581750978777,22.66643287167489,21.989822651947325,21.99977302551269,207700,0.0102126111242231
2025-02-27,PALI,0.8700000047683716,0.8799999952316284,0.8199999928474426,0.8199999928474426,77900,0.0177180353223476
2025-02-27,PAMT,13.170000076293944,13.229999542236328,12.699999809265137,12.699999809265137,7100,0.0003258270730173
2025-02-27,PANL,5.236911441450238,5.2565253227142845,5.079999923706055,5.079999923706055,200300,0.0030520323518476
2025-02-27,PANW,191.3800048828125,193.3999938964844,186.6999969482422,187.5,4714100,0.0071199218061282
2025-02-27,PARA,10.90316451982032,11.341283085592329,10.79363535317495,11.191924095153809,13022700,0.0206706898960013
2025-02-27,PARAA,22.04123575912644,22.570066452026367,22.04123575912644,22.570066452026367,12300,0.0003021912551255
2025-02-27,PASG,0.5099999904632568,0.5329999923706055,0.4819999933242798,0.5099999904632568,106200,0.0017088158485429
2025-02-27,PATK,90.33999633789062,91.8000030517578,89.0999984741211,89.62000274658203,333400,0.0099358668701125
2025-02-27,PAVM,0.7099999785423279,0.7829999923706055,0.6679999828338623,0.781000018119812,250300,0.0152040673765542
2025-02-27,PAYS,2.740000009536743,2.789999961853028,2.619999885559082,2.619999885559082,228500,0.0042513447087038
2025-02-27,PAYX,149.35000610351562,150.61000061035156,148.3000030517578,148.75999450683594,1678300,0.0046594722320219
2025-02-27,PBFS,11.920000076293944,12.050000190734863,11.869999885559082,11.899999618530272,42100,0.0016749352504247
2025-02-27,PBPB,12.270000457763672,12.649999618530272,12.18000030517578,12.300000190734863,92500,0.0030657360086437
2025-02-27,PBYI,2.75,3.0799999237060547,2.75,2.990000009536743,985000,0.0198545478000757
2025-02-27,PCAR,105.8499984741211,107.16999816894533,105.16999816894533,105.5,2136900,0.0040707896547833
2025-02-27,PCB,19.350000381469727,19.549999237060547,19.049999237060547,19.43000030517578,25400,0.0017662561627737
2025-02-27,PCH,44.94827244140409,45.82961052416521,44.89875978752703,45.760292053222656,390700,0.0049616166188935
2025-02-27,PCRX,25.34000015258789,26.100000381469727,25.309999465942383,25.3799991607666,761600,0.016457703960135
2025-02-27,PCTY,205.7400054931641,205.875,200.30999755859372,200.3999938964844,338500,0.0060568430696116
2025-02-27,PCYO,11.5600004196167,11.5600004196167,11.354999542236328,11.380000114440918,17800,0.000739316257066
2025-02-27,PDCO,31.11000061035156,31.15999984741211,31.100000381469727,31.149999618530277,6212200,0.0702151371366438
2025-02-27,PDD,119.5199966430664,121.73999786376952,116.80999755859376,118.68000030517578,7667700,0.0055212164253127
2025-02-27,PDFS,23.6200008392334,23.82999992370605,22.26000022888184,22.309999465942383,332300,0.0084957227372436
2025-02-27,PDLB,13.029999732971191,13.119999885559082,12.970000267028809,12.970000267028809,42500,0.0018752040663248
2025-02-27,PDSB,1.5499999523162842,2.200000047683716,1.340000033378601,1.3600000143051147,6204700,0.1366797442059745
2025-02-27,PEBO,31.479999542236328,31.82999992370605,31.399999618530277,31.739999771118164,118400,0.0033192973406372
2025-02-27,PEGA,79.14582861080606,79.4656902034362,76.18710697245186,76.33704376220703,746300,0.0086881209742206
2025-02-27,PENG,21.07999992370605,21.07999992370605,19.51499938964844,19.540000915527344,456100,0.0084970266926986
2025-02-27,PENN,19.88999938964844,21.01000022888184,19.01000022888184,20.38999938964844,6885400,0.0451306319887786
2025-02-27,PEP,149.57750377830376,151.35182465783222,148.61600366482986,150.6876983642578,6731000,0.0049084453811358
2025-02-27,PERI,8.5600004196167,8.579999923706055,8.390000343322754,8.489999771118164,454800,0.0100983187231888
2025-02-27,PETS,4.480000019073486,4.510000228881836,4.300000190734863,4.300000190734863,261200,0.0126449301672597
2025-02-27,PFBC,86.24057346636192,87.59705824920414,86.24057346636192,86.91386413574219,60200,0.0045456948041651
2025-02-27,PFG,85.41005222000612,87.13430450214621,85.41005222000612,86.73792266845703,1368900,0.0060847572142311
2025-02-27,PFIS,48.1012391505094,48.61463540975736,47.65695356402086,48.04199981689453,15000,0.0015004396288112
2025-02-27,PGC,32.02000045776367,32.52000045776367,31.729999542236328,32.0099983215332,41200,0.0023414146236119
2025-02-27,PGEN,1.7899999618530271,1.9800000190734863,1.7300000190734863,1.75,1809200,0.006152841423796
2025-02-27,PGNY,23.030000686645508,23.75,22.82999992370605,22.8799991607666,2462500,0.0288304059826938
2025-02-27,PHAT,5.800000190734863,5.869999885559082,5.619999885559082,5.760000228881836,664400,0.0095409049786751
2025-02-27,PHIO,1.5,1.5199999809265137,1.4299999475479126,1.4299999475479126,100500,0.0210332450843945
2025-02-27,PHLT,2.5999999046325684,2.6600000858306885,2.509999990463257,2.650000095367432,206100,0.0026318948365824
2025-02-27,PHUN,3.2799999713897705,3.400000095367432,3.134999990463257,3.140000104904175,263500,0.0130635030018789
2025-02-27,PI,96.5500030517578,96.8949966430664,91.41000366210938,91.41000366210938,341600,0.0119699629617949
2025-02-27,PINC,17.968371523244095,18.185809880276835,17.74104934746273,17.830001831054688,1201200,0.0131555602284152
2025-02-27,PKBK,19.553699493408203,19.702208225806523,19.147774743603662,19.553699493408203,15600,0.0013172783003732
2025-02-27,PKOH,24.18000030517578,24.309999465942383,23.790000915527344,23.790000915527344,10600,0.00074493653984
2025-02-27,PLAB,21.07999992370605,21.40999984741211,20.559999465942383,20.59000015258789,823100,0.0129496221781355
2025-02-27,PLAY,22.450000762939453,22.600000381469727,21.315000534057617,21.32999992370605,1574000,0.0456029644824179
2025-02-27,PLCE,8.880000114440918,8.880000114440918,8.5,8.579999923706055,198500,0.0155260070394994
2025-02-27,PLMR,122.3000030517578,124.4800033569336,121.08599853515624,122.58999633789062,202100,0.0075756439859657
2025-02-27,PLPC,133.05977268297107,133.05977268297107,130.0840311887679,130.38360595703125,15300,0.0030965454291548
2025-02-27,PLSE,19.38999938964844,20.20199966430664,18.290000915527344,18.34000015258789,100200,0.0014894357089981
2025-02-27,PLUG,1.7000000476837158,1.7000000476837158,1.6200000047683716,1.6299999952316284,41069900,0.0422669848691935
2025-02-27,PLUS,65.7300033569336,66.44000244140625,63.790000915527344,63.84999847412109,195300,0.0073375813408274
2025-02-27,PLXS,134.94000244140625,135.75,131.57000732421875,131.83999633789062,186500,0.0068971383347756
2025-02-27,PLYA,13.350000381469728,13.369999885559082,13.31999969482422,13.31999969482422,2006100,0.0163113474485315
2025-02-27,PMCB,1.7400000095367432,1.75,1.649999976158142,1.75,9700,0.0014132319302999
2025-02-27,PNFP,113.76000213623048,114.8000030517578,112.62000274658205,113.06999969482422,453600,0.00586298726129
2025-02-27,PNTG,25.34000015258789,26.030000686645508,25.34000015258789,25.540000915527344,263100,0.0076415916352018
2025-02-27,POAI,1.4600000381469729,1.4700000286102295,1.3600000143051147,1.3899999856948853,134900,0.0151036430121299
2025-02-27,PODD,269.510009765625,270.79998779296875,263.3399963378906,267.0899963378906,921200,0.0131176308020881
2025-02-27,POET,4.199999809265137,4.329999923706055,3.849999904632568,3.859999895095825,1428400,0.0186701382353556
2025-02-27,POLA,2.809999942779541,2.8499999046325684,2.7699999809265137,2.8399999141693115,2800,0.0011148582736419
2025-02-27,POOL,345.2997014874126,348.60808210548925,341.2937232905545,341.34356689453125,445600,0.0118139253728969
2025-02-27,POWI,63.768255109056895,64.1270043964702,60.38003571561393,60.38999938964844,677300,0.0119144160388128
2025-02-27,POWL,177.6300048828125,178.9199981689453,165.47999572753906,165.47999572753906,409300,0.0339254187837244
2025-02-27,POWW,1.6299999952316284,1.659999966621399,1.559999942779541,1.600000023841858,764300,0.0064358311510058
2025-02-27,PPBI,23.540000915527344,24.540000915527344,23.38999938964844,23.559999465942383,527600,0.0054346034675983
2025-02-27,PPBT,2.9649999141693115,2.9649999141693115,2.8499999046325684,2.8499999046325684,6600,0.0024922588928328
2025-02-27,PPC,48.05189881520583,48.64557146495214,47.458229545571065,47.67974853515625,805100,0.0033918655892687
2025-02-27,PRAA,21.459999084472656,22.170000076293945,20.68000030517578,20.90999984741211,314500,0.0079600907121307
2025-02-27,PRDO,25.717017465184306,25.886142991939344,25.10020616244932,25.14000129699707,499500,0.0075780217646246
2025-02-27,PRGS,55.59999847412109,55.68000030517578,54.27999877929688,54.310001373291016,504800,0.0117324408497187
2025-02-27,PROF,7.340000152587891,7.46999979019165,7.110000133514404,7.150000095367432,36400,0.0012117257771356
2025-02-27,PRPL,0.8700000047683716,0.8730000257492065,0.8489999771118164,0.8539999723434448,271600,0.0025254544609233
2025-02-27,PRQR,2.369999885559082,2.450000047683716,2.309999942779541,2.3399999141693115,173400,0.0016480853126514
2025-02-27,PRSO,0.8799999952316284,0.8999999761581421,0.8100000023841858,0.8199999928474426,30700,0.0080131551472123
2025-02-27,PRTA,14.550000190734863,15.1899995803833,14.539999961853027,15.130000114440918,332200,0.006171623906218
2025-02-27,PRTH,10.649999618530272,10.734999656677246,10.15999984741211,10.300000190734863,406700,0.0051144880733206
2025-02-27,PRTS,1.0,1.0199999809265137,0.9700000286102296,0.9800000190734864,249600,0.0042816634674269
2025-02-27,PSEC,4.274042555237994,4.293829769633171,4.234468126447639,4.264148712158203,2302200,0.0051646511052272
2025-02-27,PSHG,1.6299999952316284,1.6399999856948853,1.600000023841858,1.6100000143051147,34900,0.0028072263959717
2025-02-27,PSMT,90.68000030517578,91.31999969482422,89.08999633789062,89.16000366210938,126200,0.0041035179049297
2025-02-27,PSNL,4.550000190734863,4.699999809265137,4.224999904632568,4.239999771118164,1257100,0.0142353711206886
2025-02-27,PSTV,0.75,0.75,0.6499999761581421,0.6800000071525574,317900,0.0187004400103531
2025-02-27,PTC,163.6300048828125,165.6199951171875,162.22000122070312,162.75,1172100,0.0097411987633389
2025-02-27,PTCT,50.790000915527344,52.59999847412109,50.470001220703125,50.56999969482422,947300,0.0120109953923828
2025-02-27,PTEN,7.962599389239542,8.329037309233316,7.932888461805819,8.031925201416016,13553700,0.0351152152761127
2025-02-27,PTGX,36.040000915527344,37.209999084472656,35.95000076293945,36.34000015258789,999000,0.0162745197061789
2025-02-27,PTMN,16.593339291054615,16.776636473494847,16.593339291054615,16.757343292236328,12700,0.0013807079226542
2025-02-27,PTON,7.900000095367432,8.0600004196167,7.409999847412109,7.429999828338623,13512000,0.0361381006926875
2025-02-27,PULM,8.0,8.050000190734863,7.71999979019165,7.71999979019165,19500,0.0053391306252532
2025-02-27,PVBC,11.960000038146973,11.960000038146973,11.760000228881836,11.760000228881836,10100,0.0005677825561458
2025-02-27,PVLA,19.82999992370605,19.82999992370605,18.600000381469727,18.850000381469727,19200,0.00174249230853
2025-02-27,PWOD,29.669824523630997,29.808236962571492,29.462203979492188,29.462203979492188,7600,0.0009983081304315
2025-02-27,PXLW,0.7599999904632568,0.7799999713897705,0.75,0.75,252900,0.0040236998946742
2025-02-27,PXS,3.5799999237060547,3.5899999141693115,3.5199999809265137,3.5299999713897705,8200,0.0007820024985933
2025-02-27,PYPL,72.1500015258789,72.55000305175781,70.58000183105469,70.7300033569336,11661200,0.0117880156610902
2025-02-27,PZZA,48.7400016784668,48.84000015258789,45.16999816894531,46.88999938964844,1839100,0.056225599447252
2025-02-27,QCOM,161.46935027172046,162.37447349076905,153.2735519508891,153.61172485351562,10807200,0.0097714285714285
2025-02-27,QCRH,74.45961041804357,75.13905969459222,74.36968700741214,74.62947845458984,60600,0.003581708463116
2025-02-27,QDEL,40.84999847412109,40.84999847412109,39.66999816894531,39.77999877929688,751800,0.0111452740065169
2025-02-27,QFIN,42.040000915527344,42.4900016784668,41.02000045776367,41.400001525878906,879300,0.0062666140460185
2025-02-27,QLGN,3.200000047683716,3.249000072479248,3.1600000858306885,3.240000009536743,3200,0.0043452814995566
2025-02-27,QLYS,133.42999267578125,134.86000061035156,130.8800048828125,131.1199951171875,261300,0.0071632805796418
2025-02-27,QMCO,13.6899995803833,13.800000190734863,11.869999885559082,11.949999809265137,574300,0.0879913219075868
2025-02-27,QNCX,1.350000023841858,1.409999966621399,1.3300000429153442,1.3899999856948853,101300,0.0023021890113086
2025-02-27,QNST,19.600000381469727,19.649999618530277,19.040000915527344,19.299999237060547,291100,0.0051550773350145
2025-02-27,QNTM,5.769999980926514,6.0,4.769999980926514,4.940000057220459,254200,0.1105457708197434
2025-02-27,QQQX,25.699658920596928,25.807107731865518,25.05496977918916,25.133113861083984,159500,0.0032666486437775
2025-02-27,QRHC,4.53000020980835,4.599999904632568,4.389999866485596,4.449999809265137,72600,0.0035231772653156
2025-02-27,QRVO,74.72000122070312,75.05000305175781,70.9000015258789,70.95999908447266,2175800,0.0232963013722097
2025-02-27,QTRX,7.96999979019165,8.024999618530273,7.465000152587891,7.480000019073486,667300,0.0172033308412178
2025-02-27,QTTB,2.2799999713897705,2.4100000858306885,2.220000028610229,2.240000009536743,255000,0.0209057519512035
2025-02-27,QUBT,6.739999771118164,6.96999979019165,6.139999866485596,6.184999942779541,7353700,0.0535808257397107
2025-02-27,QUIK,7.230000019073486,7.25,6.070000171661377,6.090000152587891,395400,0.0250269004367365
2025-02-27,QURE,11.210000038146973,12.199999809265137,11.119999885559082,12.06999969482422,1203900,0.0222627406526631
2025-02-27,QVCGA,0.4000000059604645,0.4099999964237213,0.3799999952316284,0.4000000059604645,2767100,0.0070198004900196
2025-02-27,RAIL,8.079999923706055,8.220000267028809,7.769999980926514,7.78000020980835,171400,0.008993551298398
2025-02-27,RAPT,1.190000057220459,1.2000000476837158,1.0700000524520874,1.090000033378601,714100,0.0054095616141568
2025-02-27,RARE,41.7400016784668,43.540000915527344,41.68000030517578,41.970001220703125,652700,0.0069510342184707
2025-02-27,RAVE,2.789999961853028,2.859999895095825,2.7100000381469727,2.789999961853028,10400,0.0007069251475026
2025-02-27,RBB,17.520000457763672,17.780000686645508,17.3799991607666,17.5,18900,0.0010659838353985
2025-02-27,RBBN,4.869999885559082,4.929999828338623,4.710000038146973,4.730000019073486,518800,0.0029523571054608
2025-02-27,RBCAA,66.78267116347816,67.2593389157973,65.4917019989122,66.9912109375,15000,0.0008650319485132
2025-02-27,RCEL,9.600000381469728,9.739999771118164,8.890000343322754,8.899999618530273,157700,0.0059831167599355
2025-02-27,RCKT,9.5,9.80500030517578,9.369999885559082,9.399999618530272,1009600,0.0094682547125574
2025-02-27,RCKY,20.701038436053206,21.31631270948201,19.579648461969192,19.847591400146484,42700,0.0057219813868099
2025-02-27,RCMT,19.479999542236328,19.479999542236328,18.739999771118164,18.75,44700,0.0058904300936407
2025-02-27,RDFN,8.329999923706055,8.375,7.630000114440918,7.639999866485596,10939700,0.0865557920388641
2025-02-27,RDHL,3.799999952316284,3.799999952316284,3.5999999046325684,3.5999999046325684,51400,0.0293377320905702
2025-02-27,RDI,1.5299999713897705,1.5299999713897705,1.399999976158142,1.399999976158142,11300,0.0005484584918847
2025-02-27,RDNT,59.02000045776367,60.77999877929688,57.41999816894531,57.59999847412109,805900,0.0108844076181075
2025-02-27,RDUS,13.579999923706056,13.760000228881836,13.380000114440918,13.489999771118164,278200,0.0099350046425255
2025-02-27,RDVT,39.52999877929688,39.75,37.70000076293945,38.02000045776367,154000,0.0110484553685449
2025-02-27,RDWR,23.190000534057617,23.190000534057617,22.459999084472656,22.540000915527344,64800,0.0015180443465732
2025-02-27,REAL,6.880000114440918,6.940000057220459,6.460000038146973,6.53000020980835,2112000,0.0189847816120884
2025-02-27,REFR,1.3799999952316284,1.3799999952316284,1.309999942779541,1.309999942779541,26100,0.0007756729929089
2025-02-27,REG,74.56988890430708,75.47118127032843,74.37179727257158,74.8373031616211,808300,0.0044528056586935
2025-02-27,REGN,705.9000244140625,721.0,700.6699829101562,702.780029296875,568500,0.0052879785690367
2025-02-27,REKR,1.3899999856948853,1.3899999856948853,1.2200000286102295,1.2400000095367432,8108700,0.0731093118869013
2025-02-27,RELL,13.130000114440918,13.260000228881836,12.859999656677246,12.970000267028809,59600,0.0048212263387801
2025-02-27,REPL,13.25,13.65999984741211,12.300000190734863,12.635000228881836,839300,0.0108979053376753
2025-02-27,REYN,24.59000015258789,24.739999771118164,24.315000534057617,24.399999618530277,707800,0.003365380043553
2025-02-27,RGCO,20.1299991607666,20.21999931335449,20.040000915527344,20.13999938964844,5800,0.000563270855589
2025-02-27,RGEN,162.1999969482422,165.42999267578125,156.41000366210938,156.5399932861328,438700,0.0078089538636254
2025-02-27,RGLD,147.8910521320687,148.54928020152468,144.41045093805252,144.64979553222656,349400,0.005309546241984
2025-02-27,RGLS,1.399999976158142,1.4199999570846558,1.2799999713897705,1.2799999713897705,156200,0.0023579707563319
2025-02-27,RGNX,6.659999847412109,6.840000152587891,6.539999961853027,6.599999904632568,583500,0.0116427791822718
2025-02-27,RGP,7.369999885559082,7.380000114440918,7.239999771118164,7.28000020980835,250200,0.0075659297293864
2025-02-27,RGS,21.51000022888184,21.8799991607666,20.959999084472656,21.459999084472656,16300,0.0066913521457483
2025-02-27,RICK,50.42213474719686,50.85147204083862,49.21400134360745,49.25394058227539,45400,0.0051201775596376
2025-02-27,RIGL,22.63999938964844,22.75,21.57999992370605,21.780000686645508,211600,0.0118457146056093
2025-02-27,RILY,6.949999809265137,7.210000038146973,5.760000228881836,6.130000114440918,21371900,0.7007846647714044
2025-02-27,RILYN,14.739999771118164,17.0,14.739999771118164,15.550000190734863,258800,
2025-02-27,RIOT,9.479999542236328,9.720000267028809,8.600000381469727,8.65999984741211,33221600,0.0948624817251462
2025-02-27,RKDA,3.819999933242798,3.994999885559082,3.819999933242798,3.8550000190734863,2300,0.0016850557533664
2025-02-27,RLMD,0.270000010728836,0.2790000140666961,0.2610000073909759,0.2759999930858612,384800,0.0115932946890177
2025-02-27,RMBL,4.210000038146973,4.269999980926514,4.0,4.010000228881836,22800,0.0006041687644748
2025-02-27,RMBS,59.11000061035156,59.47999954223633,53.68999862670898,53.90999984741211,1003200,0.009336783128269
2025-02-27,RMCF,1.5499999523162842,1.659999966621399,1.5299999713897705,1.600000023841858,36000,0.0046830486646807
2025-02-27,RMNI,3.2100000381469727,3.4560000896453857,3.0350000858306885,3.049999952316284,268400,0.0029398878373641
2025-02-27,RMR,18.25,18.30500030517578,18.170000076293945,18.25,80200,0.0050616294407593
2025-02-27,RMTI,1.6799999475479126,1.7300000190734863,1.6200000047683716,1.6299999952316284,142400,0.0041812378695653
2025-02-27,RNAC,18.09000015258789,18.350000381469727,17.700000762939453,18.010000228881836,43700,0.0016867962836442
2025-02-27,RNTX,2.240000009536743,2.5,2.069999933242798,2.069999933242798,39100,0.0017778869063858
2025-02-27,ROAD,73.1500015258789,74.31999969482422,71.0,71.33999633789062,423100,0.0089670987376969
2025-02-27,ROCK,66.5,66.72000122070312,64.77999877929688,64.8499984741211,382500,0.0128898983635726
2025-02-27,ROKU,86.19000244140625,87.0,81.33999633789062,81.48999786376953,2831500,0.0219939412769923
2025-02-27,ROP,573.2230280935829,579.1246513572778,571.1659622382389,571.6852416992188,549100,0.0051133771010848
2025-02-27,ROST,138.56154934116338,139.3191073211706,137.38536331261537,137.5747528076172,2291100,0.0069673455648671
2025-02-27,RPAY,7.150000095367432,7.21999979019165,7.119999885559082,7.210000038146973,408900,0.0046048230707379
2025-02-27,RPD,30.309999465942383,30.56399917602539,29.11000061035156,29.31999969482422,996300,0.0155747558579247
2025-02-27,RRBI,55.13715047182408,55.31675062044703,55.127174377441406,55.127174377441406,4000,0.0005901741899121
2025-02-27,RRGB,5.389999866485596,6.239999771118164,5.25,6.079999923706055,3922000,0.2245312723629597
2025-02-27,RRR,49.72247040287306,50.1699733952036,49.284914028996205,49.38435745239258,396300,0.0065985883716322
2025-02-27,RSLS,1.1100000143051147,1.149999976158142,1.0499999523162842,1.100000023841858,780800,0.0692431847608236
2025-02-27,RUN,8.399999618530273,8.520000457763672,7.875,7.909999847412109,11946100,0.05280977852438
2025-02-27,RUSHA,57.820987701416016,58.78799509197867,57.57175930615129,57.820987701416016,326300,0.0052131262781186
2025-02-27,RUSHB,55.055404870851454,55.84290841264381,53.89907204849537,55.47407913208008,15600,0.0008808532984003
2025-02-27,RVMD,39.900001525878906,41.9900016784668,39.040000915527344,39.08000183105469,2141500,0.0115188291951107
2025-02-27,RVSB,5.159999847412109,5.159999847412109,5.110000133514404,5.159999847412109,13100,0.0006245173100942
2025-02-27,RVYL,1.0199999809265137,1.0199999809265137,0.8399999737739563,0.8999999761581421,61300,0.0073403591626961
2025-02-27,RYAAY,47.02000045776367,47.959999084472656,46.7400016784668,47.7599983215332,2667800,0.0050178969526276
2025-02-27,RYTM,54.18000030517578,54.380001068115234,52.65999984741211,53.0,495300,0.0078340875336305
2025-02-27,SABR,4.159999847412109,4.289999961853027,4.110000133514404,4.130000114440918,5982200,0.0154951168235763
2025-02-27,SAFT,74.08382987349917,75.53645517128739,74.08382987349917,75.16094207763672,118100,0.0079295272497767
2025-02-27,SAGE,7.170000076293945,7.510000228881836,7.170000076293945,7.190000057220459,620700,0.0100958183761135
2025-02-27,SAIA,407.30999755859375,412.7699890136719,397.4200134277344,397.9100036621094,284400,0.0106784414882233
2025-02-27,SAIC,100.35022338658516,101.55625912413326,99.96150143830128,100.2306137084961,570000,0.0119403735451597
2025-02-27,SAMG,18.033125529664773,18.033125529664773,17.81574058532715,17.81574058532715,13100,0.00137173636693
2025-02-27,SANM,84.08000183105469,84.80000305175781,81.83000183105469,81.88999938964844,318100,0.0058554669739513
2025-02-27,SANW,8.239999771118164,8.270000457763672,8.050000190734863,8.050000190734863,1400,0.0006526410986746
2025-02-27,SATS,29.32999992370605,31.020000457763672,28.549999237060547,30.40999984741211,3617900,0.0233107595440418
2025-02-27,SAVA,2.430000066757202,2.690000057220459,2.400000095367432,2.5999999046325684,3331100,0.0689555952546063
2025-02-27,SBAC,212.0371810698689,217.24036000135996,211.9376877475143,217.0811767578125,666300,0.0061678453734217
2025-02-27,SBCF,27.503933551894477,28.24862487304128,27.503933551894477,27.712446212768555,259700,0.0030333648170982
2025-02-27,SBGI,14.130346981064106,14.140173594615275,12.548298746906074,13.62920093536377,511700,0.0119852064561311
2025-02-27,SBLK,15.600000381469728,15.829999923706056,15.470000267028809,15.520000457763672,2474100,0.021123044873984
2025-02-27,SBRA,16.3799991607666,16.530000686645508,16.260000228881836,16.450000762939453,1223800,0.0051439402080966
2025-02-27,SBT,-0.0095759856346258,-0.0096276352519064,-0.0095449946820735,-0.0095449946820735,16500,0.0003154942073351
2025-02-27,SBUX,113.0,115.6999969482422,112.8000030517578,114.48999786376952,9013700,0.0079350841398337
2025-02-27,SCHL,21.31999969482422,21.799999237060547,21.200000762939453,21.68000030517578,452100,0.0174836803514525
2025-02-27,SCOR,6.199999809265137,6.199999809265137,5.989999771118164,6.059999942779541,8500,0.0017300756348359
2025-02-27,SCPH,3.3299999237060547,3.3499999046325684,3.220000028610229,3.240000009536743,244700,0.0048663687581909
2025-02-27,SCSC,36.63999938964844,37.09000015258789,36.119998931884766,36.380001068115234,314100,0.0133867496324077
2025-02-27,SCVL,22.19162865057819,22.19162865057819,21.377803595819373,21.66561889648437,556500,0.0204788330193122
2025-02-27,SCYX,1.0399999618530271,1.0399999618530271,0.9900000095367432,0.9959999918937684,145400,0.0037300127497684
2025-02-27,SDGR,22.0,24.26499938964844,20.86000061035156,22.25,1872300,0.0293123044985299
2025-02-27,SDOT,3.2300000190734863,3.51200008392334,3.2300000190734863,3.359999895095825,5300,0.0010143249476091
2025-02-27,SEDG,18.11000061035156,19.21199989318848,17.68000030517578,17.889999389648438,3959800,0.0673635861013056
2025-02-27,SEED,2.0999999046325684,2.0999999046325684,1.950000047683716,1.950000047683716,14400,0.0020057162914305
2025-02-27,SEIC,79.83000183105469,80.5199966430664,79.19000244140625,79.2699966430664,470100,0.0037030326900354
2025-02-27,SELF,5.07700017091595,5.126291151751609,5.027708720002177,5.116433143615723,13400,0.0011891028485224
2025-02-27,SENEA,81.48999786376953,81.5999984741211,80.5999984741211,80.69999694824219,14400,0.0027416299370757
2025-02-27,SEVN,13.010000228881836,13.010000228881836,12.8100004196167,12.829999923706056,26500,0.001778189333548
2025-02-27,SFIX,4.880000114440918,4.992000102996826,4.550000190734863,4.619999885559082,1777800,0.0157976114310087
2025-02-27,SFM,152.02999877929688,153.99000549316406,142.72999572753906,142.8699951171875,1741700,0.0177402630737294
2025-02-27,SFNC,21.204031702596293,21.530551942655624,21.204031702596293,21.46129035949707,443900,0.003525282125811
2025-02-27,SFST,33.68000030517578,33.72999954223633,33.599998474121094,33.70000076293945,12600,0.0015424240050141
2025-02-27,SGBX,0.5849999785423279,0.6010000109672546,0.5720000267028809,0.5770000219345093,164900,0.0258098243241551
2025-02-27,SGC,14.5,14.619999885559082,14.239999771118164,14.239999771118164,28900,0.0017538749104856
2025-02-27,SGLY,0.8700000047683716,0.8999999761581421,0.8100000023841858,0.8100000023841858,22000,0.0052337462441923
2025-02-27,SGMO,1.0,1.0399999618530271,0.949999988079071,0.959999978542328,3642700,0.016210671532197
2025-02-27,SGRY,24.8799991607666,25.209999084472656,24.575000762939453,24.6200008392334,1095700,0.0085861158345936
2025-02-27,SHBI,15.039999961853027,15.279999732971191,14.970000267028809,15.06999969482422,276600,0.0082933059888103
2025-02-27,SHEN,10.539999961853027,10.770000457763672,10.479999542236328,10.75,231900,0.0042274087023732
2025-02-27,SHIP,7.046825729284839,7.046825729284839,6.701876316653359,6.7708659172058105,243500,0.0116493799755052
2025-02-27,SHOO,34.21944089574976,34.74558714642282,32.58143312977386,32.9785270690918,2331900,0.0321304138486589
2025-02-27,SHYF,10.449999809265137,10.449999809265137,10.020000457763672,10.15999984741211,243600,0.006973488719609
2025-02-27,SIBN,18.149999618530277,18.239999771118164,17.770000457763672,17.809999465942383,414700,0.0097684268051096
2025-02-27,SIEB,2.619999885559082,2.6700000762939453,2.490000009536743,2.559999942779541,24700,0.0006108886575041
2025-02-27,SIFY,4.820000171661377,5.099999904632568,4.800000190734863,4.920000076293945,124200,0.0017196998849545
2025-02-27,SIGA,5.5,5.559999942779541,5.400000095367432,5.420000076293945,285600,0.0039979340647723
2025-02-27,SIGI,81.7699966430664,84.44000244140625,81.19000244140625,84.41999816894531,334900,0.0055110970687019
2025-02-27,SILC,16.549999237060547,16.670000076293945,16.440000534057617,16.5,11900,0.0020637186128342
2025-02-27,SIMO,56.34000015258789,56.540000915527344,54.52000045776367,55.0099983215332,322100,0.0095630848890789
2025-02-27,SINT,4.150000095367432,4.690000057220459,4.050000190734863,4.099999904632568,168000,0.066794424255918
2025-02-27,SIRI,24.149999618530277,24.530000686645508,23.809999465942383,23.920000076293945,3276600,0.0096720776617005
2025-02-27,SITM,169.1199951171875,169.73500061035156,152.67999267578125,153.0399932861328,365000,0.0154675435845714
2025-02-27,SKYE,2.940000057220459,2.940000057220459,2.630000114440918,2.680000066757202,135600,0.0043777805040258
2025-02-27,SKYW,100.83999633789062,101.33999633789062,97.62000274658205,97.94000244140624,366800,0.0090296343342737
2025-02-27,SLAB,143.0,144.02999877929688,134.66000366210938,135.97999572753906,333800,0.0102793089643704
2025-02-27,SLDB,5.289999961853027,5.889999866485596,5.25,5.329999923706055,1086300,0.0140180403391274
2025-02-27,SLE,0.4480000138282776,0.4600000083446502,0.4000000059604645,0.4000000059604645,82400,0.0046354113927611
2025-02-27,SLM,29.925803065249102,30.24437419027853,29.487768717750477,29.985536575317383,2820000,0.0134015763143163
2025-02-27,SLNO,45.20000076293945,46.31999969482422,44.56999969482422,44.9900016784668,251800,0.0054909469157582
2025-02-27,SLP,30.520000457763672,30.65999984741211,29.200000762939453,29.209999084472656,84600,0.0042066530754313
2025-02-27,SLRC,16.801989289881025,16.85077667236328,16.616602819593496,16.85077667236328,187800,0.0034424228204404
2025-02-27,SLRX,1.4199999570846558,1.5299999713897705,1.190000057220459,1.2300000190734863,235700,0.1364004629629629
2025-02-27,SLS,1.159999966621399,1.1799999475479126,1.1299999952316284,1.1399999856948853,601000,0.0066155399539866
2025-02-27,SMBC,57.18000030517578,57.41999816894531,56.90999984741211,57.09999847412109,15500,0.0013744546518639
2025-02-27,SMCI,49.06999969482422,50.0,42.54999923706055,42.95000076293945,121404800,0.2045639120552572
2025-02-27,SMLR,44.7599983215332,44.97999954223633,40.0,40.630001068115234,336200,0.0350336425088756
2025-02-27,SMSI,1.3600000143051147,1.3700000047683716,1.2999999523162842,1.3700000047683716,151000,0.0084956031034269
2025-02-27,SMTC,39.70000076293945,39.70000076293945,34.95000076293945,35.060001373291016,2066300,0.0238868936453718
2025-02-27,SNBR,14.8100004196167,14.899999618530272,14.34000015258789,14.520000457763672,312000,0.013935414712582
2025-02-27,SNCR,9.279999732971191,9.300000190734863,8.989999771118164,9.149999618530272,31800,0.0027674072526956
2025-02-27,SND,2.1600000858306885,2.200000047683716,2.121000051498413,2.180000066757202,39600,0.0010142195631684
2025-02-27,SNDL,1.6299999952316284,1.649999976158142,1.6100000143051147,1.6100000143051147,1465900,0.0056973734327267
2025-02-27,SNDX,15.539999961853027,16.06999969482422,15.130000114440918,15.279999732971191,1166300,0.0135546929477941
2025-02-27,SNES,3.400000095367432,3.5,3.009999990463257,3.1600000858306885,76900,0.0440200809419953
2025-02-27,SNEX,81.63999938964844,82.63999938964844,79.32666778564453,79.49333190917969,344400,0.0071560811105639
2025-02-27,SNFCA,12.960000038146973,12.960000038146973,12.619999885559082,12.619999885559082,14700,0.0006894384594098
2025-02-27,SNGX,2.3499999046325684,2.359999895095825,2.220000028610229,2.25,20600,0.006528077069337
2025-02-27,SNOA,2.400000095367432,2.400000095367432,2.200000047683716,2.200000047683716,27200,0.0168341832945486
2025-02-27,SNPS,481.5,488.0,454.0499877929688,454.7099914550781,2037000,0.013174233604967
2025-02-27,SNT,3.900000095367432,3.900000095367432,3.75,3.839999914169312,12700,0.0005448305448305
2025-02-27,SNY,54.45000076293945,54.59999847412109,54.09000015258789,54.13999938964844,2239300,0.0009168779158625
2025-02-27,SOGP,2.200000047683716,2.259999990463257,2.194999933242798,2.2300000190734863,38200,0.0101342388709078
2025-02-27,SOHO,0.8199999928474426,0.8299999833106995,0.8199999928474426,0.8299999833106995,15400,0.000765164162493
2025-02-27,SOHU,13.829999923706056,14.029999732971191,13.3100004196167,13.460000038146973,79400,0.0026409094839915
2025-02-27,SONM,2.1700000762939453,2.2799999713897705,2.0999999046325684,2.140000104904175,11200,0.0017710141902511
2025-02-27,SONO,13.600000381469728,13.640000343322754,13.1899995803833,13.220000267028809,1292100,0.0108504152565857
2025-02-27,SPCB,9.130000114440918,9.65999984741211,8.529999732971191,8.670000076293945,102500,0.029491904831781
2025-02-27,SPFI,34.45000076293945,34.779998779296875,34.45000076293945,34.630001068115234,18200,0.0011209933725886
2025-02-27,SPNS,27.37696087978235,27.37696087978235,26.84111178334408,26.860597610473636,116000,0.0020756094418757
2025-02-27,SPOK,16.451124395368343,17.607995648921936,16.20602422072322,16.607988357543945,332700,0.0162936480728733
2025-02-27,SPRO,0.7900000214576721,0.7919999957084656,0.7609999775886536,0.7799999713897705,92200,0.0016493561786456
2025-02-27,SPSC,135.5500030517578,136.44000244140625,131.89999389648438,132.0399932861328,366600,0.0096392258118799
2025-02-27,SPT,28.239999771118164,29.01000022888184,27.21999931335449,27.350000381469727,864400,0.0166724530339852
2025-02-27,SPTN,19.573502096383123,19.751531346217615,19.44492321505073,19.692188262939453,191600,0.0056609013714981
2025-02-27,SPWH,1.5199999809265137,1.5199999809265137,1.4199999570846558,1.4600000381469729,518700,0.013606994735061
2025-02-27,SRCE,63.93999862670898,64.44000244140625,63.7400016784668,64.29000091552734,51000,0.0020771054110632
2025-02-27,SRDX,35.72999954223633,35.72999954223633,33.13999938964844,33.279998779296875,307700,0.0215235030777839
2025-02-27,SRRK,36.0,38.65999984741211,35.959999084472656,35.959999084472656,799400,0.0084434623899413
2025-02-27,SRTS,4.960000038146973,4.979000091552734,4.699999809265137,4.739999771118164,269300,0.0163257635462007
2025-02-27,SSNC,88.01222108779858,89.24873778271132,87.73300837681595,87.8925552368164,1182800,0.004800207787148
2025-02-27,SSP,1.75,1.7799999713897705,1.590000033378601,1.590000033378601,639000,0.0084512076206985
2025-02-27,SSRM,10.31999969482422,10.399999618530272,9.989999771118164,10.100000381469728,2096200,0.0103496627793302
2025-02-27,SSSS,5.949999809265137,6.679999828338623,5.949999809265137,6.559999942779541,1176700,0.0499619988196281
2025-02-27,SSTI,16.770000457763672,17.190000534057617,16.09000015258789,16.260000228881836,99800,0.0078792998634149
2025-02-27,SSYS,10.630000114440918,10.789999961853027,10.579999923706056,10.649999618530272,298800,0.0035813167451727
2025-02-27,STAA,16.6200008392334,17.84000015258789,16.0,17.690000534057617,2359800,0.0478414772105244
2025-02-27,STBA,39.33000183105469,39.9900016784668,39.33000183105469,39.79999923706055,131800,0.0034349573366831
2025-02-27,STGW,6.980000019073486,7.480000019073486,6.309999942779541,6.360000133514404,678300,0.0025524564994882
2025-02-27,STIM,4.670000076293945,4.831999778747559,4.25,4.28000020980835,976400,0.0148356365238663
2025-02-27,STKL,7.0,7.159999847412109,5.989999771118164,6.320000171661377,3360400,0.0286701533158716
2025-02-27,STKS,3.2300000190734863,3.25,3.109999895095825,3.1600000858306885,36500,0.0011758679677457
2025-02-27,STLD,134.15672672480153,135.82995887387315,132.59306673034075,132.7823028564453,1198200,0.0079934892889645
2025-02-27,STNE,9.489999771118164,9.789999961853027,9.390000343322754,9.40999984741211,5561200,0.0216075508031549
2025-02-27,STOK,8.319999694824219,8.520000457763672,7.985000133514404,7.989999771118164,442600,0.0081845196818651
2025-02-27,STRA,87.42593805580722,89.42146754849429,78.79851392222477,79.22541809082031,319700,0.0129673645869669
2025-02-27,STRL,129.4199981689453,130.94000244140625,123.01000213623048,123.1500015258789,1146600,0.0376960252490383
2025-02-27,STRM,3.359999895095825,3.509999990463257,3.3499999046325684,3.509999990463257,17400,0.0040719089764531
2025-02-27,STRO,1.600000023841858,1.659999966621399,1.5499999523162842,1.5499999523162842,711500,0.0084929571600678
2025-02-27,STRR,2.0799999237060547,2.25,2.059999942779541,2.200000047683716,13200,0.0041230673121974
2025-02-27,STRS,18.25,18.25,17.799999237060547,17.899999618530273,3100,0.0003840007927758
2025-02-27,STX,101.73684792744572,102.99652868915418,99.77292766792024,99.85227966308594,4616000,0.0218037184673641
2025-02-27,SUPN,31.90999984741211,32.7400016784668,31.440000534057617,31.76000022888184,705900,0.0126472511623323
2025-02-27,SURG,1.2799999713897705,1.3200000524520874,1.25,1.25,85400,0.0041839159297454
2025-02-27,SVC,2.630000114440918,3.069999933242798,2.609999895095825,2.900000095367432,4265100,0.0255951571665431
2025-02-27,SVRA,2.470000028610229,2.525000095367432,2.430000066757202,2.4600000381469727,473100,0.0027404958607216
2025-02-27,SWBI,10.687210562935226,10.687210562935226,10.588528647822608,10.628002166748049,433300,0.0098471230174512
2025-02-27,SWKS,66.94000244140625,67.29000091552734,64.06999969482422,64.12000274658203,3457100,0.0225108241570138
2025-02-27,SWTX,54.34999847412109,55.040000915527344,53.16999816894531,53.40999984741211,1717700,0.0229074314124004
2025-02-27,SXTC,4.46999979019165,4.728000164031982,4.179999828338623,4.5,106700,0.0077525012170046
2025-02-27,SY,0.9194944618746738,0.9572024708299204,0.8991901981241672,0.918527603149414,61800,0.0007240145552699
2025-02-27,SYBT,70.40014200225443,71.45534530201337,70.19109272182412,70.89788055419922,105600,0.0035839617710744
2025-02-27,SYBX,1.3600000143051147,1.409999966621399,1.3600000143051147,1.399999976158142,16700,0.0014278263694735
2025-02-27,SYNA,68.30000305175781,68.30000305175781,65.11000061035156,65.30000305175781,569100,0.0145228215767634
2025-02-27,SYPR,1.8200000524520876,1.830000042915344,1.7000000476837158,1.7699999809265137,45600,0.0019808861859252
2025-02-27,SYRE,19.0,19.799999237060547,18.26000022888184,18.3700008392334,925600,0.0153608709361567
2025-02-27,TACT,4.079999923706055,4.079999923706055,3.920000076293945,3.9600000381469727,6500,0.000644796492307
2025-02-27,TAIT,2.549999952316284,2.5799999237060547,2.539999961853028,2.539999961853028,4200,0.000798696223498
2025-02-27,TANH,3.0,3.0,2.619999885559082,2.799999952316284,142000,0.1194371314901884
2025-02-27,TAOP,0.3000000119209289,0.3100000023841858,0.3000000119209289,0.3100000023841858,375200,0.0280332633497956
2025-02-27,TARA,3.5,3.559999942779541,3.365000009536743,3.390000104904175,446600,0.0121465968586387
2025-02-27,TBBK,55.27000045776367,55.77000045776367,54.650001525878906,55.34000015258789,397400,0.0082870739163618
2025-02-27,TBCH,17.799999237060547,17.799999237060547,16.670000076293945,16.799999237060547,178900,0.0089579442294115
2025-02-27,TBNK,8.229999542236328,8.390000343322754,8.229999542236328,8.34000015258789,2300,0.0002886687475918
2025-02-27,TBPH,9.880000114440918,10.1899995803833,9.220000267028809,9.270000457763672,442600,0.0088517698539837
2025-02-27,TBRG,29.5,31.399999618530277,29.5,30.09000015258789,350300,0.0234323785569989
2025-02-27,TCBI,78.44999694824219,79.62999725341797,77.25,78.58999633789062,253100,0.0054872985623754
2025-02-27,TCBK,42.83943217011601,43.28588369916184,42.74022240126587,42.9584846496582,61700,0.0018713755368451
2025-02-27,TCMD,14.5,14.630000114440918,14.1899995803833,14.210000038146973,188200,0.0079524038908467
2025-02-27,TCOM,57.35127957072522,57.938426249029895,56.53524571901335,56.92335891723633,7802200,0.0119372155643445
2025-02-27,TCPC,8.503439758360493,8.561286693886618,8.09851396801515,8.137078285217285,1952400,0.0229485431694961
2025-02-27,TCRT,1.590000033378601,1.6299999952316284,1.5800000429153442,1.600000023841858,5200,0.003247462919594
2025-02-27,TCX,19.51000022888184,20.11000061035156,19.31999969482422,19.51000022888184,19000,0.0017221688450591
2025-02-27,TEAM,291.6099853515625,295.9100036621094,278.1499938964844,278.4800109863281,1480900,0.0090303185521244
2025-02-27,TECH,63.72999954223633,64.41999816894531,61.060001373291016,61.22999954223633,2022900,0.0127960376499165
2025-02-27,TENB,37.970001220703125,38.5,37.709999084472656,37.7400016784668,957300,0.0079574736912104
2025-02-27,TENX,6.076000213623047,6.142000198364258,5.929999828338623,6.010000228881836,14000,0.0035305569705803
2025-02-27,TER,115.5500030517578,116.41999816894533,108.7300033569336,108.80999755859376,3028000,0.0188269829613068
2025-02-27,TFIN,69.95999908447266,71.33000183105469,67.68000030517578,68.30999755859375,242800,0.0103670747172324
2025-02-27,TFSL,12.800136026172254,12.839250231427572,12.66323584150054,12.72190761566162,402700,0.0014341218755302
2025-02-27,TGTX,29.25,29.770000457763672,28.40999984741211,28.530000686645508,1700800,0.0108282236273673
2025-02-27,TH,5.78000020980835,6.130000114440918,5.635000228881836,5.650000095367432,1169400,0.0118344627651814
2025-02-27,THFF,50.37000985389592,51.11220054658607,50.003859727518616,50.66688537597656,38400,0.0032395495001476
2025-02-27,THRM,33.29999923706055,34.150001525878906,32.880001068115234,33.060001373291016,293800,0.0095398592724639
2025-02-27,THTX,1.690000057220459,1.690000057220459,1.590000033378601,1.6200000047683716,110400,0.0024010439321444
2025-02-27,TIGO,27.189731337672747,28.201803387898966,26.382019293846987,26.420944213867188,774000,0.0046003247377553
2025-02-27,TIGR,7.510000228881836,7.710000038146973,7.28000020980835,7.369999885559082,5475000,0.0324311821569286
2025-02-27,TILE,19.76029937242209,19.880239421158038,19.10062338513628,19.600378036499023,843000,0.0143837018837018
2025-02-27,TIPT,21.843166437195705,23.84795046929761,21.69355608604756,22.93033790588379,394400,0.0105190444312274
2025-02-27,TITN,17.030000686645508,17.469999313354492,16.81999969482422,17.049999237060547,196700,0.0085064609316888
2025-02-27,TLPH,0.5600000023841858,0.5799999833106995,0.550000011920929,0.5799999833106995,19900,0.0009705660009266
2025-02-27,TLRY,0.800000011920929,0.8199999928474426,0.75,0.7599999904632568,31831300,0.0319310515833527
2025-02-27,TLSA,1.0199999809265137,1.190000057220459,1.0099999904632568,1.1299999952316284,1571300,0.0134473846364507
2025-02-27,TMUS,262.35313744581885,265.4029415204588,261.26677211088406,263.2900085449219,3562000,0.0031197995166731
2025-02-27,TNDM,24.18000030517578,25.520000457763672,21.43000030517578,21.75,12513700,0.1879969893319592
2025-02-27,TNFA,0.4269999861717224,0.449999988079071,0.4210000038146972,0.4300000071525574,206900,0.0750979103979209
2025-02-27,TNXP,8.420000076293945,8.600000381469727,8.020000457763672,8.180000305175781,178300,0.0259239119372126
2025-02-27,TOMZ,0.9200000166893004,0.9200000166893004,0.8799999952316284,0.8999999761581421,14300,0.0007144570126703
2025-02-27,TOUR,0.966197202382203,0.9951830908105452,0.966197202382203,0.9758591651916504,160100,0.0014304860614724
2025-02-27,TOWN,35.599770057125546,36.14577803363679,35.50049346965967,36.07628631591797,199400,0.0026448359379352
2025-02-27,TPIC,1.1200000047683716,1.1469999551773071,1.0099999904632568,1.0399999618530271,1334500,0.0280303555412725
2025-02-27,TPST,10.789999961853027,10.920000076293944,10.152999877929688,10.282999992370604,34254,0.0097303654213253
2025-02-27,TRAW,3.75,3.75,3.309999942779541,3.359999895095825,24600,0.0048874592960071
2025-02-27,TREE,40.68999862670898,42.34000015258789,38.84999847412109,38.880001068115234,155300,0.0115950901923306
2025-02-27,TRI,177.35000610351562,178.5,176.17999267578125,176.44000244140625,461000,0.0010234823528375
2025-02-27,TRIB,0.8199999928474426,0.8199999928474426,0.75,0.75,72400,0.0037719924351753
2025-02-27,TRIP,14.90999984741211,14.9399995803833,14.329999923706056,14.449999809265137,2626800,0.0205891113166434
2025-02-27,TRMB,71.3499984741211,72.66999816894531,70.51000213623047,70.68000030517578,1833400,0.0074591524541075
2025-02-27,TRMK,35.80198053370697,36.38808412530636,35.762243797784095,36.09999847412109,228400,0.0037566345554457
2025-02-27,TRNS,82.69999694824219,83.63999938964844,80.02999877929688,80.83000183105469,135000,0.014501362590996
2025-02-27,TROW,103.88647612794117,104.51765209354735,102.23952121107034,102.29869842529295,1165400,0.0052438332988364
2025-02-27,TRS,20.519902948262462,20.839278573351542,19.292302175465466,20.470001220703125,1158000,0.0284406283463174
2025-02-27,TRST,32.01852943395577,32.39417239825514,32.01852943395577,32.38428497314453,44800,0.0023554525045084
2025-02-27,TRUE,2.3499999046325684,2.3499999046325684,2.2300000190734863,2.25,161200,0.0018419446913828
2025-02-27,TRUP,34.119998931884766,34.81999969482422,33.34000015258789,33.59000015258789,667300,0.015704613009435
2025-02-27,TRVG,4.139999866485596,4.357999801635742,4.110000133514404,4.239999771118164,77800,0.0034105006597433
2025-02-27,TRVI,4.489999771118164,4.789999961853027,4.360000133514404,4.5,867600,0.0089737304281449
2025-02-27,TSAT,18.0,18.13999938964844,17.5,17.84000015258789,35100,0.0024928977272727
2025-02-27,TSBK,31.86000061035156,31.86000061035156,31.59000015258789,31.649999618530277,10000,0.001256999918295
2025-02-27,TSCO,54.95000076293945,55.52999877929688,54.560001373291016,54.720001220703125,3184100,0.0059894847814379
2025-02-27,TSEM,43.880001068115234,43.880001068115234,42.02999877929688,42.2599983215332,808500,0.007234446164446
2025-02-27,TSLA,291.1600036621094,297.2300109863281,280.8800048828125,281.95001220703125,101748200,0.0316330077302527
2025-02-27,TTD,73.06500244140625,73.54000091552734,70.91999816894531,71.48999786376953,7538500,0.0168169860049125
2025-02-27,TTEC,3.640000104904175,3.7200000286102295,3.539999961853028,3.650000095367432,430300,0.0090013199704627
2025-02-27,TTEK,29.76000022888184,29.84000015258789,29.200000762939453,29.709999084472656,3836500,0.014313375815189
2025-02-27,TTGT,15.140000343322754,15.380000114440918,14.75,14.81999969482422,179000,0.0025051011697003
2025-02-27,TTMI,24.790000915527344,25.1299991607666,24.059999465942383,24.100000381469727,555700,0.0054683579181468
2025-02-27,TTSH,7.690000057220459,7.690000057220459,7.25,7.449999809265137,184400,0.0041291686353366
2025-02-27,TTWO,209.8500061035156,211.3699951171875,207.6300048828125,208.2100067138672,1122800,0.0063616172604478
2025-02-27,TUSK,2.390000104904175,2.4049999713897705,2.2799999713897705,2.299999952316284,72600,0.00150849619967
2025-02-27,TVTX,21.09000015258789,21.46999931335449,20.6299991607666,20.63999938964844,1022000,0.0115126785456481
2025-02-27,TW,131.7331278556271,134.02109118051175,130.8239308649525,130.96380615234375,785000,0.0067417853278139
2025-02-27,TWIN,8.619999885559082,8.720000267028809,8.470000267028809,8.529999732971191,32000,0.0022621395598724
2025-02-27,TWST,41.58000183105469,42.22999954223633,38.47999954223633,38.560001373291016,854000,0.0143165842708684
2025-02-27,TXG,11.4399995803833,11.56999969482422,10.739999771118164,10.779999732971191,2589800,0.0239253545198392
2025-02-27,TXMD,0.8799999952316284,0.949999988079071,0.8700000047683716,0.8700000047683716,109500,0.0094949880337137
2025-02-27,TXN,197.5,198.1300048828125,191.1499938964844,191.3000030517578,7761700,0.0085301091565594
2025-02-27,TXRH,174.90556482468884,178.85986597347383,173.25212594063132,177.1964569091797,1547500,0.023295899319564
2025-02-27,TZOO,15.59000015258789,16.18000030517578,15.25,15.739999771118164,188700,0.0167806422352847
2025-02-27,UAL,97.0,97.8000030517578,91.58000183105467,92.16999816894533,8157300,0.0248922808388057
2025-02-27,UBFO,9.59316562760246,9.642412046740333,9.573467623525705,9.622714042663574,12700,0.0007267150761906
2025-02-27,UBSI,35.0447772034229,35.41075321306781,34.86673400452087,35.361297607421875,892400,0.0062202454239514
2025-02-27,UBX,1.809999942779541,1.9299999475479128,1.6299999952316284,1.6349999904632568,92100,0.0054601721643861
2025-02-27,UCTT,26.5,26.65999984741211,24.920000076293945,24.959999084472656,796100,0.0176392517110805
2025-02-27,UEIC,8.079999923706055,8.149999618530273,7.769999980926514,7.940000057220459,64200,0.0048963902468787
2025-02-27,UFCS,26.431248821930044,27.704086170992444,26.431248821930044,27.61458969116211,125900,0.0049580397824605
2025-02-27,UFPI,107.38757617900907,108.6733574518317,106.2114357003027,106.29117584228516,295200,0.004853315445775
2025-02-27,UFPT,233.22999572753903,236.0800018310547,219.5200042724609,232.00999450683597,202300,0.026340116922516
2025-02-27,ULBI,6.610000133514404,6.610000133514404,6.28000020980835,6.28000020980835,41400,0.0024890278362291
2025-02-27,ULH,27.234458782026906,27.413764226968464,26.457469153942025,26.606889724731445,41600,0.001580709267288
2025-02-27,ULTA,364.1700134277344,367.1600036621094,358.8800048828125,365.7799987792969,614500,0.0135622772266301
2025-02-27,UMBF,108.92562814734153,110.22058608956492,107.8099795569076,108.22834777832033,479400,0.0065982889043041
2025-02-27,UNIT,5.679999828338623,5.869999885559082,5.644999980926514,5.699999809265137,1676500,0.0068644594004629
2025-02-27,UNTY,46.3953142979728,46.68435154487095,45.83717760274446,46.00661087036133,32700,0.0032512726694241
2025-02-27,UONEK,0.75,0.7799999713897705,0.75,0.7799999713897705,1100,3.2222345903953976e-05
2025-02-27,UPBD,26.889556933183293,26.889556933183293,25.935189870087545,26.171321868896484,613800,0.0106889850166133
2025-02-27,UPLD,3.619999885559082,3.680000066757202,3.309999942779541,3.3399999141693115,109600,0.0038908986342803
2025-02-27,UPWK,15.920000076293944,16.420000076293945,15.579999923706056,15.609999656677246,2641900,0.0195031743688173
2025-02-27,URBN,55.75,58.630001068115234,55.0,57.25,5202500,0.0561456408751057
2025-02-27,URGN,9.359999656677246,9.520000457763672,9.25,9.289999961853027,228800,0.0049637266132111
2025-02-27,USAU,8.34000015258789,8.539999961853027,8.210000038146973,8.3100004196167,143400,0.0114847710654247
2025-02-27,USEG,1.6799999475479126,1.7000000476837158,1.600000023841858,1.600000023841858,320300,0.0094704473551935
2025-02-27,USIO,1.6299999952316284,1.649999976158142,1.5700000524520874,1.5800000429153442,71100,0.0026815617174063
2025-02-27,USLM,95.91000366210938,98.41000366210938,91.91000366210938,91.97000122070312,104300,0.0036442028175313
2025-02-27,UTHR,318.79998779296875,326.739990234375,315.07000732421875,323.6199951171875,997200,0.0222033211465926
2025-02-27,UTMD,59.62011028112913,59.62011028112913,59.371444483468586,59.43112564086914,11600,0.0035346240805406
2025-02-27,UVSP,29.8799991607666,30.209999084472656,29.61000061035156,30.06999969482422,108100,0.003727367706031
2025-02-27,UXIN,4.389999866485596,4.618000030517578,4.389999866485596,4.570000171661377,18300,9.74383780528988e-05
2025-02-27,VANI,1.1299999952316284,1.1299999952316284,1.100000023841858,1.1100000143051147,83300,0.0014060756647632
2025-02-27,VBTX,25.809999465942383,26.11000061035156,25.709999084472656,25.979999542236328,224700,0.004125251976339
2025-02-27,VC,87.44999694824219,88.3499984741211,86.36000061035156,86.56999969482422,236900,0.0087479920976348
2025-02-27,VCEL,54.83000183105469,55.40999984741211,49.220001220703125,49.619998931884766,669900,0.0133616829457534
2025-02-27,VCTR,63.08000183105469,64.43000030517578,62.95000076293945,63.02000045776367,235200,0.0034991302162034
2025-02-27,VCYT,35.5099983215332,35.689998626708984,33.779998779296875,33.84000015258789,1588600,0.0203810902074288
2025-02-27,VECO,23.59000015258789,23.71999931335449,21.88999938964844,21.899999618530277,682900,0.0117870427105537
2025-02-27,VEON,45.5,46.20000076293945,44.900001525878906,44.97999954223633,88300,0.0012497735404683
2025-02-27,VERB,4.699999809265137,4.940000057220459,4.699999809265137,4.863999843597412,5300,0.0053367166102787
2025-02-27,VERI,2.8299999237060547,2.8299999237060547,2.630000114440918,2.680000066757202,383200,0.008546989483545
2025-02-27,VERU,0.5400000214576721,0.5400000214576721,0.5199999809265137,0.5199999809265137,970900,0.0066325554705432
2025-02-27,VFF,0.7670000195503235,0.7670000195503235,0.7300000190734863,0.7379999756813049,180600,0.0016076626578954
2025-02-27,VIAV,11.359999656677246,11.359999656677246,11.050000190734863,11.079999923706056,1500300,0.0067539403792773
2025-02-27,VICR,64.91999816894531,65.06999969482422,61.38999938964844,61.68000030517578,321900,0.0096251311906278
2025-02-27,VIOT,1.4600000381469729,1.6399999856948853,1.4600000381469729,1.6200000047683716,55400,0.0016316721104824
2025-02-27,VIR,9.550000190734863,9.84000015258789,8.069999694824219,8.109999656677246,2164300,0.0157813368071961
2025-02-27,VIRT,35.42891893025612,35.76662115791696,34.763449010730035,35.27000045776367,994200,0.0114779042838374
2025-02-27,VKTX,28.13999938964844,29.530000686645508,27.8799991607666,28.670000076293945,3981100,0.035454051598999
2025-02-27,VLGEA,31.52868212287993,31.84655322768381,31.220746562374558,31.34988021850586,16800,0.0015816528272044
2025-02-27,VLY,9.456892728512775,9.604964786243013,9.387792560427894,9.466764450073242,11736400,0.02095680810492
2025-02-27,VLYPP,24.75743834863509,24.836189569672445,24.75743834863509,24.767282485961918,3700,1.1161656993230603e-05
2025-02-27,VMD,7.860000133514404,7.909999847412109,7.811999797821045,7.869999885559082,82800,0.0020950568802882
2025-02-27,VNDA,4.769999980926514,4.900000095367432,4.699999809265137,4.699999809265137,619500,0.0106231565951025
2025-02-27,VNET,12.020000457763672,12.489999771118164,10.850000381469728,11.90999984741211,13381400,0.0510750189560863
2025-02-27,VNOM,44.38823223061529,45.57992783132709,43.97458731413399,44.85112380981445,1252200,0.00953526800332
2025-02-27,VOD,8.699999809265137,8.760000228881836,8.6899995803833,8.75,9587100,0.0038435723997012
2025-02-27,VRA,3.220000028610229,3.25,3.140000104904175,3.140000104904175,121100,0.0043716991144692
2025-02-27,VRCA,0.6959999799728394,0.7080000042915344,0.5899999737739563,0.5899999737739563,453100,0.0049368054042275
2025-02-27,VRDN,15.449999809265137,15.899999618530272,15.260000228881836,15.289999961853027,783000,0.0096091305148186
2025-02-27,VREX,13.239999771118164,13.239999771118164,12.84000015258789,12.850000381469728,520700,0.0126288472266013
2025-02-27,VRME,0.949999988079071,0.9799000024795532,0.9031000137329102,0.9552000164985656,307600,0.0248972059442483
2025-02-27,VRNA,67.0,69.80000305175781,65.22000122070312,67.12000274658203,2870100,0.0337586953252869
2025-02-27,VRNS,42.880001068115234,42.97800064086914,42.09000015258789,42.5,843700,0.0074962239004886
2025-02-27,VRNT,23.299999237060547,23.51000022888184,22.3700008392334,22.3799991607666,410400,0.0066046222700009
2025-02-27,VRRM,25.690000534057617,26.239999771118164,25.690000534057617,25.950000762939453,1009100,0.006329741190049
2025-02-27,VRSK,289.7389198077745,291.65591822177186,287.282752259154,289.6590270996094,918100,0.0065604348314229
2025-02-27,VRSN,236.5399932861328,239.9499969482422,234.69000244140625,235.02999877929688,851700,0.0090031712473572
2025-02-27,VRTX,475.3399963378906,486.0700073242188,473.510009765625,474.5,1054100,0.0041002642466853
2025-02-27,VSAT,8.640000343322754,8.800000190734863,8.369999885559082,8.770000457763672,2451700,0.0189877633209417
2025-02-27,VSEC,110.62000274658205,121.5,107.29000091552734,117.81999969482422,611800,0.0295994542630858
2025-02-27,VSTM,5.449999809265137,5.539999961853027,5.389999866485596,5.429999828338623,249600,0.0048475432122742
2025-02-27,VTGN,2.650000095367432,2.680000066757202,2.5299999713897705,2.539999961853028,128300,0.0044452759847689
2025-02-27,VTRS,9.144849412895653,9.688010190111047,8.660942932499157,9.411491394042969,47469300,0.0397668579248127
2025-02-27,VTSI,6.21999979019165,6.21999979019165,5.860000133514404,5.920000076293945,70500,0.0062609900357009
2025-02-27,VUZI,3.2699999809265137,3.2799999713897705,2.970000028610229,2.9800000190734863,1004000,0.0131685256497696
2025-02-27,VVPR,0.7429999709129333,0.8199999928474426,0.7200000286102295,0.753000020980835,119500,0.0156419140467006
2025-02-27,VXRT,0.5400000214576721,0.5400000214576721,0.4900000095367431,0.4900000095367431,2504000,0.0109849136775301
2025-02-27,VYGR,4.130000114440918,4.130000114440918,4.0,4.010000228881836,245800,0.0044523420079736
2025-02-27,VYNE,2.5,2.569999933242798,2.4600000381469727,2.5,27300,0.0017948835955528
2025-02-27,WABC,49.93999862670898,51.77999877929688,49.77000045776367,51.619998931884766,215400,0.0080627954767492
2025-02-27,WAFD,29.25,29.739999771118164,29.1200008392334,29.690000534057617,427100,0.005237194513745
2025-02-27,WASH,30.761470925591933,31.11493879458307,30.74183340559532,30.97747802734375,116700,0.0060541292066341
2025-02-27,WATT,0.3770000040531158,0.4090000092983246,0.3499999940395355,0.3689999878406524,769500,0.0252819786639156
2025-02-27,WB,9.591248577725777,9.698713444914976,9.31363036361254,9.43005084991455,1144600,0.0073611034508873
2025-02-27,WBA,11.699999809265137,11.850000381469728,11.1899995803833,11.229999542236328,18971100,0.0219385528923406
2025-02-27,WBD,11.279999732971191,11.899999618530272,10.989999771118164,11.0,98432100,0.0400984628095217
2025-02-27,WDAY,270.0,271.42999267578125,260.3699951171875,260.57000732421875,3078400,0.0143181395348837
2025-02-27,WDC,50.4900016784668,51.47999954223633,48.11000061035156,48.20000076293945,9392100,0.027002449514697
2025-02-27,WDFC,237.3500061035156,237.47000122070312,235.22999572753903,237.0200042724609,53700,0.0039644454944113
2025-02-27,WEN,15.279516111315518,15.44677425357701,15.151612770863055,15.348387718200684,4420100,0.0225246389514559
2025-02-27,WERN,32.38999938964844,32.61000061035156,32.060001373291016,32.119998931884766,371900,0.0060056713949823
2025-02-27,WEYS,35.37544340368712,35.38535738569193,34.24549144402058,34.25540542602539,9400,0.0009752231082227
2025-02-27,WHF,10.63495089555384,10.683073028047508,10.577204152990772,10.61570167541504,32000,0.001376752670685
2025-02-27,WINA,337.20001220703125,342.5400085449219,329.510009765625,331.5899963378906,28300,0.0079944631986327
2025-02-27,WING,228.6168564147464,230.5944182296484,218.84895498931408,228.3372039794922,1022700,0.0366521042615642
2025-02-27,WIX,202.0,207.4499969482422,195.6150054931641,202.0200042724609,1032800,0.0185527823784494
2025-02-27,WKHS,5.962500095367432,5.962500095367432,5.4375,5.587500095367432,133256,0.0259981777707541
2025-02-27,WKSP,6.900000095367432,7.059999942779541,6.5,6.5,38110,0.0079487741033903
2025-02-27,WLDN,32.97999954223633,33.119998931884766,32.33000183105469,32.70000076293945,86000,0.0059690718787306
2025-02-27,WLFC,197.17999267578125,201.00999450683597,194.5500030517578,200.4600067138672,33000,0.00459877756131
2025-02-27,WNEB,9.75,9.93000030517578,9.600000381469728,9.670000076293944,78000,0.0037480178751621
2025-02-27,WPRT,4.25,4.440000057220459,4.199999809265137,4.199999809265137,30300,0.0017487461547784
2025-02-27,WRAP,1.9800000190734863,2.0899999141693115,1.950000047683716,2.059999942779541,137900,0.002730979686977
2025-02-27,WRLD,135.25,135.9199981689453,132.33999633789062,133.47999572753906,14700,0.0025579987053394
2025-02-27,WSBC,34.168115657159376,34.939269807750804,34.13845327113879,34.76131057739258,745600,0.0077934403816444
2025-02-27,WSBF,14.038243050395309,14.16667184689085,13.890056484825871,14.04812240600586,21000,0.0010883817835986
2025-02-27,WSC,34.190198067531725,34.225116413005,32.743573829984015,32.78348159790039,2392100,0.0130306408593483
2025-02-27,WSFS,53.11000061035156,53.7599983215332,53.11000061035156,53.4900016784668,181600,0.0031309912966717
2025-02-27,WTBA,22.280000686645508,22.520000457763672,22.049999237060547,22.209999084472656,14700,0.0008733053717191
2025-02-27,WTFC,123.68000030517578,125.33000183105467,122.54000091552734,122.8000030517578,368500,0.0055072909956913
2025-02-27,WTFCM,24.771621829589886,24.791297912597656,24.771621829589886,24.791297912597656,35500,0.0006295185690244
2025-02-27,WTW,334.5745275455036,338.19462711332204,333.50747042014393,334.3750915527344,736200,0.0074078695281181
2025-02-27,WVE,10.760000228881836,11.119999885559082,10.539999961853027,10.5600004196167,708600,0.0046167077127555
2025-02-27,WW,0.75,0.800000011920929,0.7099999785423279,0.800000011920929,5403100,0.067431614650643
2025-02-27,WWD,184.8300018310547,187.1199951171875,183.13999938964844,184.58999633789065,351600,0.0059231905714126
2025-02-27,WYNN,90.2300033569336,91.76000213623048,87.45999908447266,88.19000244140625,2245100,0.0211468723803065
2025-02-27,XAIR,0.3050000071525574,0.3149999976158142,0.2599999904632568,0.2919999957084656,2412200,0.0273248556275246
2025-02-27,XBIT,3.0,3.1600000858306885,3.0,3.109999895095825,35300,0.0011578439829833
2025-02-27,XCUR,7.840000152587891,7.840000152587891,7.610000133514404,7.610000133514404,9700,0.0015353518725752
2025-02-27,XEL,69.17103466382308,70.380909168872,68.9925284652738,70.17265319824219,4553500,0.0079052308666989
2025-02-27,XENE,38.83000183105469,39.52999877929688,38.130001068115234,38.310001373291016,372300,0.0048639454004818
2025-02-27,XERS,3.7799999713897705,3.940000057220459,3.759999990463257,3.759999990463257,1217900,0.007911523970378
2025-02-27,XFOR,0.402999997138977,0.4199999868869781,0.363999992609024,0.3700000047683716,1773400,0.0102117907199041
2025-02-27,XGN,3.559999942779541,3.829999923706055,3.5299999713897705,3.549999952316284,67900,0.0037936987724954
2025-02-27,XNCR,14.8100004196167,15.619999885559082,14.65999984741211,14.979999542236328,787900,0.0111819288902553
2025-02-27,XNET,4.739999771118164,4.804999828338623,3.619999885559082,3.759999990463257,49080300,0.7984405451747351
2025-02-27,XOMA,23.18000030517578,23.57999992370605,22.56999969482422,22.700000762939453,13800,0.0011520448796613
2025-02-27,XP,14.68000030517578,14.899999618530272,14.385000228881836,14.5,4804000,0.011067900324388
2025-02-27,XPEL,34.099998474121094,34.689998626708984,31.334999084472656,32.005001068115234,490700,0.0177454235106067
2025-02-27,XRAY,18.736343126124275,18.83532048638601,16.915166493518427,16.974552154541016,6160700,0.0320380890427873
2025-02-27,XRX,6.7708964278246935,6.975779496471507,6.702601916536323,6.761139869689941,4813800,0.038273106738223
2025-02-27,XTKG,0.6299999952316284,0.6499999761581421,0.6240000128746033,0.6330000162124634,13100,0.0009547339499019
2025-02-27,XWEL,1.0700000524520874,1.090000033378601,1.0499999523162842,1.0800000429153442,11600,0.0022048956286043
2025-02-27,XXII,2.25,2.282999992370605,1.8899999856948853,2.0199999809265137,140500,0.0592939587685425
2025-02-27,YI,8.600000381469727,9.100000381469728,8.510000228881836,8.850000381469727,60900,0.0122623292787777
2025-02-27,YMAB,5.639999866485596,5.639999866485596,5.389999866485596,5.420000076293945,202000,0.0044672277976566
2025-02-27,YORW,33.0247004305934,33.0247004305934,31.038252284392293,32.10100173950195,168600,0.0117169583165385
2025-02-27,YTRA,1.0,1.0049999952316284,0.9800000190734864,0.9950000047683716,67800,0.0010949188015968
2025-02-27,YY,48.5099983215332,48.650001525878906,46.02000045776367,47.150001525878906,908005,0.0254106825025466
2025-02-27,Z,79.0,79.66999816894531,76.04499816894531,76.31999969482422,2423700,0.0133165202078372
2025-02-27,ZBRA,318.010009765625,319.5199890136719,310.5299987792969,311.0,519400,0.0101557779806934
2025-02-27,ZD,42.97999954223633,43.65999984741211,41.119998931884766,41.310001373291016,681600,0.0158818553996211
2025-02-27,ZEUS,35.50815419067521,35.50815419067521,32.16433640108233,32.94057846069336,183000,0.016393883200301
2025-02-27,ZG,76.08000183105469,76.87999725341797,73.66999816894531,73.86000061035156,795800,0.0146466347525366
2025-02-27,ZION,53.63999938964844,54.720001220703125,53.38999938964844,53.63999938964844,1380400,0.0093546480158496
2025-02-27,ZKIN,1.7999999523162842,1.830000042915344,1.7599999904632568,1.7599999904632568,8500,0.0016460267818239
2025-02-27,ZLAB,34.56999969482422,35.349998474121094,33.47999954223633,34.380001068115234,1593400,0.0145334148143418
2025-02-27,ZM,74.24500274658203,74.80000305175781,72.62999725341797,72.87999725341797,2738400,0.0104219155559953
2025-02-27,ZS,197.8000030517578,199.9900054931641,191.6699981689453,192.02999877929688,1188200,0.0076794316460523
2025-02-27,ZUMZ,14.359999656677246,14.399999618530272,13.859999656677246,14.06999969482422,195300,0.0101935362645621
2025-02-27,ZYME,13.859999656677246,14.06999969482422,13.300000190734863,13.34000015258789,321900,0.0046265357971703
2025-02-27,ZYXI,7.420000076293945,7.519999980926514,7.349999904632568,7.440000057220459,60700,0.0020081118455441
